# timer(10 ns),starts,total starts,total stops
137,16,16,1
3311,103,119,2
464,106,225,3
137,8,233,4
1308,5,238,5
3677,36,274,6
130,79,353,7
15,2,355,8
152,5,360,9
322,104,464,10
332,51,515,11
959,50,565,12
2825,16,581,13
416,326,907,14
173,138,1045,15
48,51,1096,16
561,21,1117,17
241,102,1219,18
144,46,1265,19
258,111,1376,20
45,287,1663,21
564,130,1793,22
233,20,1813,23
135,34,1847,24
339,30,1877,25
92,253,2130,26
279,47,2177,27
2492,60,2237,28
329,20,2257,29
206,39,2296,30
120,44,2340,31
213,93,2433,32
281,5,2438,33
35,14,2452,34
25,18,2470,35
3795,109,2579,36
73,21,2600,37
37,26,2626,38
3184,17,2643,39
1229,8,2651,40
147,36,2687,41
490,56,2743,42
583,36,2779,43
313,15,2794,44
154,66,2860,45
141,15,2875,46
3262,22,2897,47
160,26,2923,48
84,95,3018,49
458,38,3056,50
239,166,3222,51
136,403,3625,52
232,42,3667,53
198,8,3675,54
301,80,3755,55
3537,124,3879,56
18,112,3991,57
353,19,4010,58
2240,109,4119,59
48,55,4174,60
147,30,4204,61
2957,280,4484,62
374,366,4850,63
420,37,4887,64
536,16,4903,65
689,52,4955,66
346,24,4979,67
267,189,5168,68
439,106,5274,69
2346,11,5285,70
1483,103,5388,71
191,16,5404,72
2265,56,5460,73
357,305,5765,74
3630,397,6162,75
227,77,6239,76
2719,85,6324,77
2484,44,6368,78
2365,79,6447,79
3534,44,6491,80
259,222,6713,81
535,25,6738,82
364,46,6784,83
269,64,6848,84
546,29,6877,85
3689,126,7003,86
864,17,7020,87
393,91,7111,88
194,49,7160,89
119,10,7170,90
195,8,7178,91
197,5,7183,92
396,51,7234,93
133,2,7236,94
500,144,7380,95
378,32,7412,96
124,142,7554,97
165,120,7674,98
182,24,7698,99
415,57,7755,100
503,45,7800,101
3455,14,7814,102
14,30,7844,103
355,32,7876,104
314,2,7878,105
468,217,8095,106
361,65,8160,107
360,51,8211,108
123,18,8229,109
349,283,8512,110
306,52,8564,111
1324,4,8568,112
636,32,8600,113
411,80,8680,114
141,23,8703,115
91,33,8736,116
2963,70,8806,117
122,138,8944,118
213,63,9007,119
3964,55,9062,120
379,51,9113,121
82,57,9170,122
288,104,9274,123
152,10,9284,124
274,105,9389,125
2636,115,9504,126
173,40,9544,127
98,50,9594,128
204,13,9607,129
19,56,9663,130
481,26,9689,131
269,47,9736,132
825,86,9822,133
140,134,9956,134
440,110,10066,135
133,22,10088,136
347,9,10097,137
513,30,10127,138
2485,67,10194,139
581,168,10362,140
474,99,10461,141
2245,23,10484,142
124,29,10513,143
293,105,10618,144
41,59,10677,145
115,22,10699,146
16,127,10826,147
15,34,10860,148
180,1,10861,149
257,46,10907,150
84,14,10921,151
3885,1,10922,152
9,70,10992,153
188,47,11039,154
342,79,11118,155
73,222,11340,156
1493,97,11437,157
1168,69,11506,158
329,58,11564,159
492,9,11573,160
572,67,11640,161
429,57,11697,162
3837,26,11723,163
271,4,11727,164
2471,6,11733,165
553,118,11851,166
17,3,11854,167
4009,34,11888,168
449,18,11906,169
2264,108,12014,170
171,88,12102,171
234,241,12343,172
155,149,12492,173
3567,14,12506,174
282,44,12550,175
168,14,12564,176
2969,95,12659,177
324,106,12765,178
367,40,12805,179
101,48,12853,180
1278,25,12878,181
53,52,12930,182
79,99,13029,183
1321,17,13046,184
283,65,13111,185
365,98,13209,186
367,82,13291,187
459,9,13300,188
277,121,13421,189
511,11,13432,190
293,204,13636,191
381,70,13706,192
133,295,14001,193
1691,40,14041,194
19,15,14056,195
329,220,14276,196
2988,66,14342,197
196,45,14387,198
329,29,14416,199
299,56,14472,200
719,108,14580,201
210,13,14593,202
282,44,14637,203
2519,223,14860,204
282,42,14902,205
297,100,15002,206
2628,21,15023,207
39,4,15027,208
506,227,15254,209
173,25,15279,210
165,83,15362,211
441,120,15482,212
100,10,15492,213
207,13,15505,214
127,21,15526,215
3981,226,15752,216
65,151,15903,217
357,81,15984,218
432,131,16115,219
145,30,16145,220
11,65,16210,221
123,55,16265,222
110,32,16297,223
1343,122,16419,224
349,4,16423,225
1258,48,16471,226
1132,48,16519,227
22,49,16568,228
920,22,16590,229
159,28,16618,230
358,33,16651,231
61,9,16660,232
347,164,16824,233
254,112,16936,234
135,32,16968,235
261,19,16987,236
165,17,17004,237
148,157,17161,238
15,129,17290,239
441,16,17306,240
24,4,17310,241
143,173,17483,242
117,24,17507,243
339,85,17592,244
181,14,17606,245
166,51,17657,246
107,94,17751,247
266,111,17862,248
480,88,17950,249
1332,1,17951,250
246,56,18007,251
131,29,18036,252
2653,106,18142,253
119,72,18214,254
83,174,18388,255
687,106,18494,256
949,118,18612,257
133,88,18700,258
364,61,18761,259
333,172,18933,260
178,40,18973,261
259,2,18975,262
281,50,19025,263
196,72,19097,264
100,215,19312,265
380,73,19385,266
246,17,19402,267
3149,214,19616,268
2964,30,19646,269
148,202,19848,270
10,114,19962,271
3847,66,20028,272
13,23,20051,273
1029,308,20359,274
3352,104,20463,275
593,34,20497,276
411,16,20513,277
335,44,20557,278
344,61,20618,279
279,28,20646,280
159,405,21051,281
183,33,21084,282
32,67,21151,283
2659,10,21161,284
388,125,21286,285
1430,9,21295,286
492,16,21311,287
3122,47,21358,288
306,81,21439,289
2764,24,21463,290
1052,143,21606,291
1801,7,21613,292
3040,102,21715,293
511,161,21876,294
428,68,21944,295
225,3,21947,296
202,100,22047,297
15,59,22106,298
889,128,22234,299
139,52,22286,300
3540,18,22304,301
263,34,22338,302
4053,160,22498,303
3102,22,22520,304
436,184,22704,305
300,35,22739,306
163,10,22749,307
439,24,22773,308
96,4,22777,309
45,11,22788,310
324,24,22812,311
253,132,22944,312
34,134,23078,313
235,33,23111,314
260,224,23335,315
383,24,23359,316
109,63,23422,317
586,46,23468,318
161,44,23512,319
503,44,23556,320
2690,112,23668,321
290,86,23754,322
142,33,23787,323
2127,162,23949,324
330,52,24001,325
155,46,24047,326
147,22,24069,327
124,71,24140,328
157,63,24203,329
395,56,24259,330
3387,72,24331,331
39,124,24455,332
385,241,24696,333
293,18,24714,334
158,186,24900,335
522,176,25076,336
335,28,25104,337
117,16,25120,338
155,103,25223,339
115,66,25289,340
44,13,25302,341
252,140,25442,342
326,53,25495,343
1148,90,25585,344
313,150,25735,345
414,167,25902,346
3440,301,26203,347
398,28,26231,348
653,131,26362,349
185,42,26404,350
229,75,26479,351
700,151,26630,352
371,159,26789,353
133,8,26797,354
126,94,26891,355
349,54,26945,356
191,134,27079,357
11,6,27085,358
156,5,27090,359
111,128,27218,360
174,14,27232,361
154,15,27247,362
200,37,27284,363
270,50,27334,364
366,82,27416,365
211,8,27424,366
3787,60,27484,367
166,111,27595,368
1749,21,27616,369
844,96,27712,370
296,13,27725,371
214,26,27751,372
82,8,27759,373
20,126,27885,374
3002,116,28001,375
130,4,28005,376
289,36,28041,377
127,18,28059,378
146,139,28198,379
89,9,28207,380
1909,10,28217,381
126,108,28325,382
725,70,28395,383
2462,14,28409,384
315,33,28442,385
18,36,28478,386
185,45,28523,387
391,256,28779,388
3994,79,28858,389
2181,77,28935,390
420,56,28991,391
3890,158,29149,392
129,371,29520,393
270,143,29663,394
135,100,29763,395
255,105,29868,396
725,70,29938,397
256,35,29973,398
144,17,29990,399
95,18,30008,400
82,20,30028,401
153,16,30044,402
13,80,30124,403
4059,128,30252,404
265,9,30261,405
186,41,30302,406
210,63,30365,407
111,97,30462,408
304,30,30492,409
381,117,30609,410
21,9,30618,411
237,8,30626,412
269,108,30734,413
323,198,30932,414
115,6,30938,415
141,7,30945,416
247,169,31114,417
58,7,31121,418
143,50,31171,419
133,64,31235,420
193,10,31245,421
2926,167,31412,422
180,63,31475,423
201,220,31695,424
365,152,31847,425
277,9,31856,426
320,42,31898,427
394,29,31927,428
1672,55,31982,429
492,58,32040,430
156,90,32130,431
4043,60,32190,432
127,55,32245,433
367,21,32266,434
383,101,32367,435
26,96,32463,436
123,40,32503,437
282,90,32593,438
173,122,32715,439
264,124,32839,440
544,31,32870,441
347,113,32983,442
299,172,33155,443
645,43,33198,444
242,12,33210,445
389,34,33244,446
148,8,33252,447
1513,47,33299,448
364,60,33359,449
154,120,33479,450
395,284,33763,451
291,4,33767,452
412,115,33882,453
1670,50,33932,454
106,286,34218,455
330,168,34386,456
406,10,34396,457
709,157,34553,458
1531,244,34797,459
166,201,34998,460
282,87,35085,461
1584,41,35126,462
26,52,35178,463
408,55,35233,464
100,12,35245,465
327,37,35282,466
22,139,35421,467
1040,30,35451,468
105,64,35515,469
110,165,35680,470
736,99,35779,471
1213,22,35801,472
12,49,35850,473
3749,114,35964,474
3920,166,36130,475
34,4,36134,476
373,4,36138,477
3353,149,36287,478
307,115,36402,479
288,81,36483,480
964,5,36488,481
11,28,36516,482
147,88,36604,483
1249,18,36622,484
18,54,36676,485
1683,57,36733,486
374,241,36974,487
333,93,37067,488
132,199,37266,489
15,40,37306,490
125,116,37422,491
87,20,37442,492
465,61,37503,493
427,6,37509,494
786,47,37556,495
496,8,37564,496
353,24,37588,497
177,38,37626,498
518,30,37656,499
3222,163,37819,500
377,12,37831,501
439,32,37863,502
3935,23,37886,503
1408,95,37981,504
82,12,37993,505
223,208,38201,506
45,16,38217,507
2071,51,38268,508
3075,5,38273,509
13,33,38306,510
1269,55,38361,511
164,5,38366,512
207,22,38388,513
455,98,38486,514
274,40,38526,515
98,100,38626,516
253,98,38724,517
102,7,38731,518
393,190,38921,519
1185,78,38999,520
439,339,39338,521
128,53,39391,522
176,17,39408,523
114,209,39617,524
121,8,39625,525
294,33,39658,526
3993,13,39671,527
16,31,39702,528
115,31,39733,529
111,222,39955,530
429,140,40095,531
105,47,40142,532
125,109,40251,533
422,124,40375,534
19,115,40490,535
207,131,40621,536
11,50,40671,537
489,45,40716,538
525,26,40742,539
533,223,40965,540
143,115,41080,541
560,7,41087,542
2027,44,41131,543
271,2,41133,544
167,59,41192,545
491,83,41275,546
291,9,41284,547
747,126,41410,548
237,33,41443,549
3893,81,41524,550
3232,213,41737,551
321,14,41751,552
286,21,41772,553
341,37,41809,554
2575,6,41815,555
393,38,41853,556
17,96,41949,557
70,41,41990,558
30,14,42004,559
3235,50,42054,560
1634,15,42069,561
164,37,42106,562
124,294,42400,563
235,30,42430,564
1364,16,42446,565
11,34,42480,566
158,9,42489,567
68,523,43012,568
118,194,43206,569
785,36,43242,570
379,55,43297,571
409,222,43519,572
177,37,43556,573
128,330,43886,574
78,216,44102,575
396,21,44123,576
160,6,44129,577
89,12,44141,578
136,46,44187,579
3930,130,44317,580
395,13,44330,581
119,9,44339,582
73,8,44347,583
126,131,44478,584
477,9,44487,585
305,176,44663,586
296,172,44835,587
393,16,44851,588
1210,16,44867,589
166,104,44971,590
344,11,44982,591
19,60,45042,592
159,75,45117,593
3279,228,45345,594
259,183,45528,595
130,92,45620,596
460,31,45651,597
11,6,45657,598
17,5,45662,599
144,9,45671,600
1786,14,45685,601
356,38,45723,602
26,175,45898,603
448,25,45923,604
508,20,45943,605
584,7,45950,606
55,19,45969,607
108,366,46335,608
301,80,46415,609
887,45,46460,610
311,20,46480,611
106,150,46630,612
327,6,46636,613
239,32,46668,614
247,27,46695,615
369,344,47039,616
144,199,47238,617
120,146,47384,618
415,160,47544,619
2708,20,47564,620
11,71,47635,621
91,12,47647,622
82,238,47885,623
344,13,47898,624
103,33,47931,625
375,131,48062,626
210,31,48093,627
9,57,48150,628
70,13,48163,629
1257,6,48169,630
290,51,48220,631
93,24,48244,632
12,235,48479,633
387,17,48496,634
231,64,48560,635
157,30,48590,636
428,31,48621,637
274,22,48643,638
2071,18,48661,639
81,27,48688,640
199,14,48702,641
39,24,48726,642
306,445,49171,643
146,329,49500,644
187,25,49525,645
2756,195,49720,646
214,31,49751,647
176,90,49841,648
196,23,49864,649
255,351,50215,650
351,22,50237,651
144,14,50251,652
326,9,50260,653
328,31,50291,654
150,3,50294,655
167,22,50316,656
1089,43,50359,657
211,74,50433,658
2388,104,50537,659
428,21,50558,660
338,112,50670,661
495,75,50745,662
404,20,50765,663
1443,97,50862,664
42,89,50951,665
119,107,51058,666
1589,59,51117,667
109,94,51211,668
166,113,51324,669
133,226,51550,670
414,83,51633,671
349,13,51646,672
371,7,51653,673
419,32,51685,674
1259,88,51773,675
166,14,51787,676
1025,41,51828,677
363,164,51992,678
158,46,52038,679
131,11,52049,680
148,95,52144,681
556,89,52233,682
41,32,52265,683
152,35,52300,684
3397,20,52320,685
399,39,52359,686
113,402,52761,687
427,47,52808,688
344,57,52865,689
107,23,52888,690
162,203,53091,691
136,76,53167,692
199,18,53185,693
534,12,53197,694
225,183,53380,695
4056,152,53532,696
11,200,53732,697
132,105,53837,698
419,159,53996,699
49,72,54068,700
128,8,54076,701
121,9,54085,702
2567,126,54211,703
358,13,54224,704
297,41,54265,705
338,507,54772,706
320,71,54843,707
145,49,54892,708
118,264,55156,709
371,46,55202,710
158,13,55215,711
339,82,55297,712
13,108,55405,713
506,106,55511,714
60,159,55670,715
64,216,55886,716
12,64,55950,717
112,49,55999,718
356,82,56081,719
162,40,56121,720
327,77,56198,721
575,8,56206,722
2630,25,56231,723
195,63,56294,724
122,17,56311,725
197,192,56503,726
112,39,56542,727
226,102,56644,728
3903,4,56648,729
327,35,56683,730
1509,20,56703,731
3619,137,56840,732
159,87,56927,733
3810,173,57100,734
148,139,57239,735
27,87,57326,736
1455,104,57430,737
326,46,57476,738
554,8,57484,739
487,290,57774,740
292,15,57789,741
346,86,57875,742
29,57,57932,743
258,55,57987,744
230,2,57989,745
804,7,57996,746
13,106,58102,747
92,33,58135,748
191,8,58143,749
4002,11,58154,750
148,36,58190,751
637,3,58193,752
259,44,58237,753
106,98,58335,754
3070,3,58338,755
1347,158,58496,756
233,27,58523,757
286,116,58639,758
155,91,58730,759
26,77,58807,760
75,65,58872,761
658,35,58907,762
274,20,58927,763
624,61,58988,764
310,91,59079,765
371,78,59157,766
3227,301,59458,767
540,2,59460,768
440,92,59552,769
285,23,59575,770
249,25,59600,771
2428,4,59604,772
126,4,59608,773
193,2,59610,774
499,18,59628,775
52,113,59741,776
294,117,59858,777
258,31,59889,778
301,185,60074,779
3699,58,60132,780
541,81,60213,781
36,37,60250,782
10,11,60261,783
279,69,60330,784
203,68,60398,785
152,9,60407,786
156,8,60415,787
778,77,60492,788
293,105,60597,789
324,141,60738,790
235,60,60798,791
2620,330,61128,792
415,307,61435,793
10,33,61468,794
262,112,61580,795
1351,106,61686,796
85,97,61783,797
3717,76,61859,798
275,64,61923,799
84,288,62211,800
9,297,62508,801
3575,48,62556,802
135,251,62807,803
243,138,62945,804
11,23,62968,805
30,177,63145,806
1439,54,63199,807
748,31,63230,808
136,45,63275,809
145,43,63318,810
158,30,63348,811
299,141,63489,812
38,111,63600,813
72,83,63683,814
48,4,63687,815
109,25,63712,816
270,36,63748,817
88,34,63782,818
269,79,63861,819
15,207,64068,820
97,202,64270,821
13,6,64276,822
247,248,64524,823
68,32,64556,824
27,46,64602,825
522,111,64713,826
97,95,64808,827
519,149,64957,828
500,110,65067,829
96,139,65206,830
589,192,65398,831
1072,300,65698,832
153,74,65772,833
3005,298,66070,834
529,47,66117,835
471,20,66137,836
8,15,66152,837
489,18,66170,838
3934,141,66311,839
181,26,66337,840
519,168,66505,841
128,126,66631,842
291,2,66633,843
431,123,66756,844
3873,94,66850,845
2474,11,66861,846
12,76,66937,847
165,20,66957,848
12,20,66977,849
1462,7,66984,850
81,121,67105,851
333,205,67310,852
1995,12,67322,853
399,7,67329,854
468,94,67423,855
2916,5,67428,856
11,71,67499,857
3509,6,67505,858
201,25,67530,859
302,207,67737,860
128,174,67911,861
213,41,67952,862
4081,189,68141,863
169,35,68176,864
319,52,68228,865
120,4,68232,866
417,211,68443,867
174,28,68471,868
148,27,68498,869
457,2,68500,870
284,1,68501,871
3516,13,68514,872
312,1,68515,873
187,92,68607,874
508,21,68628,875
12,1,68629,876
357,15,68644,877
505,31,68675,878
565,64,68739,879
1558,27,68766,880
3491,89,68855,881
578,50,68905,882
474,38,68943,883
183,114,69057,884
200,158,69215,885
226,105,69320,886
1138,274,69594,887
93,159,69753,888
360,48,69801,889
151,80,69881,890
112,8,69889,891
319,49,69938,892
122,235,70173,893
153,11,70184,894
148,40,70224,895
235,51,70275,896
411,179,70454,897
488,114,70568,898
193,28,70596,899
352,15,70611,900
3755,57,70668,901
416,149,70817,902
18,76,70893,903
610,137,71030,904
534,67,71097,905
11,178,71275,906
189,13,71288,907
207,104,71392,908
143,61,71453,909
2630,30,71483,910
420,41,71524,911
2245,229,71753,912
186,83,71836,913
234,151,71987,914
3063,63,72050,915
1971,51,72101,916
65,28,72129,917
786,102,72231,918
46,91,72322,919
1209,62,72384,920
142,53,72437,921
117,162,72599,922
2088,8,72607,923
108,133,72740,924
77,182,72922,925
371,139,73061,926
266,24,73085,927
3630,36,73121,928
153,16,73137,929
182,16,73153,930
2004,166,73319,931
21,43,73362,932
232,36,73398,933
272,151,73549,934
16,72,73621,935
119,28,73649,936
272,7,73656,937
124,14,73670,938
2785,6,73676,939
274,98,73774,940
11,352,74126,941
295,160,74286,942
313,4,74290,943
152,57,74347,944
28,86,74433,945
536,45,74478,946
251,132,74610,947
208,50,74660,948
164,101,74761,949
3841,63,74824,950
73,78,74902,951
18,147,75049,952
2399,124,75173,953
242,164,75337,954
71,295,75632,955
351,130,75762,956
117,104,75866,957
134,60,75926,958
118,4,75930,959
332,30,75960,960
189,260,76220,961
652,188,76408,962
402,208,76616,963
341,15,76631,964
2402,147,76778,965
186,176,76954,966
19,73,77027,967
420,26,77053,968
98,2,77055,969
1949,138,77193,970
771,231,77424,971
151,515,77939,972
184,101,78040,973
128,19,78059,974
2045,116,78175,975
136,563,78738,976
504,30,78768,977
173,392,79160,978
674,147,79307,979
106,40,79347,980
149,1,79348,981
642,46,79394,982
148,33,79427,983
257,104,79531,984
1225,11,79542,985
145,6,79548,986
227,38,79586,987
1441,82,79668,988
2203,19,79687,989
155,194,79881,990
90,18,79899,991
598,123,80022,992
453,18,80040,993
154,103,80143,994
2033,135,80278,995
136,83,80361,996
282,54,80415,997
138,9,80424,998
108,10,80434,999
442,35,80469,1000
126,179,80648,1001
1651,44,80692,1002
304,217,80909,1003
3964,71,80980,1004
234,8,80988,1005
197,132,81120,1006
118,120,81240,1007
628,178,81418,1008
249,14,81432,1009
271,105,81537,1010
89,56,81593,1011
3355,224,81817,1012
525,79,81896,1013
26,86,81982,1014
110,52,82034,1015
119,361,82395,1016
828,100,82495,1017
156,168,82663,1018
63,168,82831,1019
293,22,82853,1020
1789,33,82886,1021
13,52,82938,1022
2831,17,82955,1023
455,6,82961,1024
669,1,82962,1025
87,1,82963,1026
1348,204,83167,1027
279,39,83206,1028
87,75,83281,1029
158,89,83370,1030
89,148,83518,1031
2830,25,83543,1032
2580,64,83607,1033
130,88,83695,1034
116,55,83750,1035
120,116,83866,1036
89,56,83922,1037
1809,7,83929,1038
2368,23,83952,1039
232,65,84017,1040
601,26,84043,1041
159,168,84211,1042
237,107,84318,1043
395,69,84387,1044
596,243,84630,1045
161,2,84632,1046
472,26,84658,1047
412,149,84807,1048
356,83,84890,1049
319,37,84927,1050
128,48,84975,1051
17,49,85024,1052
32,78,85102,1053
405,16,85118,1054
110,36,85154,1055
48,219,85373,1056
526,20,85393,1057
10,67,85460,1058
237,32,85492,1059
44,50,85542,1060
176,56,85598,1061
1155,102,85700,1062
152,34,85734,1063
1272,47,85781,1064
107,76,85857,1065
1079,12,85869,1066
466,3,85872,1067
604,142,86014,1068
1704,104,86118,1069
434,133,86251,1070
164,287,86538,1071
175,4,86542,1072
757,89,86631,1073
645,101,86732,1074
10,115,86847,1075
167,24,86871,1076
312,74,86945,1077
154,31,86976,1078
625,39,87015,1079
3905,65,87080,1080
198,184,87264,1081
14,98,87362,1082
263,76,87438,1083
186,7,87445,1084
28,77,87522,1085
1568,1,87523,1086
132,1,87524,1087
16,3,87527,1088
94,56,87583,1089
226,346,87929,1090
225,111,88040,1091
115,222,88262,1092
120,35,88297,1093
124,14,88311,1094
178,249,88560,1095
800,12,88572,1096
222,39,88611,1097
844,7,88618,1098
138,193,88811,1099
23,25,88836,1100
158,3,88839,1101
328,57,88896,1102
143,35,88931,1103
10,161,89092,1104
162,43,89135,1105
158,38,89173,1106
168,11,89184,1107
176,39,89223,1108
349,94,89317,1109
9,5,89322,1110
257,88,89410,1111
9,44,89454,1112
16,5,89459,1113
76,61,89520,1114
308,15,89535,1115
199,237,89772,1116
19,105,89877,1117
331,116,89993,1118
177,90,90083,1119
160,40,90123,1120
280,56,90179,1121
134,15,90194,1122
15,73,90267,1123
153,213,90480,1124
140,157,90637,1125
136,33,90670,1126
373,22,90692,1127
12,7,90699,1128
10,21,90720,1129
12,113,90833,1130
77,49,90882,1131
3574,263,91145,1132
424,63,91208,1133
335,10,91218,1134
4077,7,91225,1135
181,57,91282,1136
2699,22,91304,1137
46,30,91334,1138
128,49,91383,1139
178,42,91425,1140
270,25,91450,1141
326,12,91462,1142
708,6,91468,1143
133,33,91501,1144
441,200,91701,1145
116,104,91805,1146
133,116,91921,1147
469,9,91930,1148
169,99,92029,1149
365,60,92089,1150
2518,113,92202,1151
424,37,92239,1152
3982,35,92274,1153
489,32,92306,1154
267,92,92398,1155
170,2,92400,1156
365,207,92607,1157
319,9,92616,1158
1858,76,92692,1159
670,21,92713,1160
250,22,92735,1161
414,98,92833,1162
93,166,92999,1163
68,98,93097,1164
200,124,93221,1165
10,227,93448,1166
3384,151,93599,1167
3903,29,93628,1168
159,34,93662,1169
157,83,93745,1170
144,156,93901,1171
124,88,93989,1172
3974,15,94004,1173
39,18,94022,1174
261,57,94079,1175
260,23,94102,1176
13,176,94278,1177
260,289,94567,1178
2153,12,94579,1179
283,74,94653,1180
357,169,94822,1181
3452,47,94869,1182
292,71,94940,1183
394,46,94986,1184
11,42,95028,1185
355,20,95048,1186
109,34,95082,1187
1895,42,95124,1188
317,30,95154,1189
177,76,95230,1190
1995,38,95268,1191
647,23,95291,1192
271,39,95330,1193
345,70,95400,1194
16,80,95480,1195
223,108,95588,1196
32,3,95591,1197
522,12,95603,1198
439,109,95712,1199
199,86,95798,1200
366,1,95799,1201
11,58,95857,1202
3445,53,95910,1203
81,25,95935,1204
14,66,96001,1205
140,26,96027,1206
38,109,96136,1207
154,53,96189,1208
405,21,96210,1209
66,14,96224,1210
502,124,96348,1211
3977,29,96377,1212
12,25,96402,1213
3716,112,96514,1214
1876,71,96585,1215
3357,115,96700,1216
414,32,96732,1217
34,15,96747,1218
49,64,96811,1219
471,52,96863,1220
106,267,97130,1221
238,90,97220,1222
2268,5,97225,1223
136,9,97234,1224
17,7,97241,1225
135,55,97296,1226
103,173,97469,1227
70,12,97481,1228
641,30,97511,1229
297,58,97569,1230
500,52,97621,1231
2927,33,97654,1232
3551,32,97686,1233
187,25,97711,1234
464,3,97714,1235
211,39,97753,1236
253,10,97763,1237
328,245,98008,1238
444,90,98098,1239
14,13,98111,1240
476,58,98169,1241
1723,29,98198,1242
259,98,98296,1243
232,25,98321,1244
377,9,98330,1245
175,282,98612,1246
155,117,98729,1247
21,94,98823,1248
135,134,98957,1249
176,136,99093,1250
203,182,99275,1251
323,11,99286,1252
125,36,99322,1253
363,27,99349,1254
51,40,99389,1255
1680,253,99642,1256
152,93,99735,1257
9,21,99756,1258
24,282,100038,1259
518,14,100052,1260
2175,62,100114,1261
832,120,100234,1262
331,23,100257,1263
286,135,100392,1264
153,51,100443,1265
15,96,100539,1266
13,81,100620,1267
487,70,100690,1268
1412,143,100833,1269
103,4,100837,1270
117,3,100840,1271
3377,73,100913,1272
389,106,101019,1273
291,8,101027,1274
314,186,101213,1275
305,239,101452,1276
601,293,101745,1277
125,12,101757,1278
3943,109,101866,1279
1151,34,101900,1280
60,52,101952,1281
3713,25,101977,1282
104,7,101984,1283
31,98,102082,1284
171,59,102141,1285
135,225,102366,1286
349,4,102370,1287
1536,46,102416,1288
381,70,102486,1289
153,6,102492,1290
395,115,102607,1291
3812,18,102625,1292
2478,45,102670,1293
297,66,102736,1294
105,67,102803,1295
238,3,102806,1296
245,20,102826,1297
146,2,102828,1298
348,37,102865,1299
3530,97,102962,1300
150,167,103129,1301
463,208,103337,1302
270,97,103434,1303
55,19,103453,1304
108,180,103633,1305
406,169,103802,1306
419,52,103854,1307
2847,96,103950,1308
120,15,103965,1309
3947,9,103974,1310
50,62,104036,1311
175,51,104087,1312
103,20,104107,1313
266,19,104126,1314
3472,52,104178,1315
2398,20,104198,1316
3996,10,104208,1317
136,31,104239,1318
2333,84,104323,1319
1786,70,104393,1320
68,164,104557,1321
184,58,104615,1322
143,78,104693,1323
2592,30,104723,1324
173,35,104758,1325
184,19,104777,1326
2987,9,104786,1327
257,13,104799,1328
168,115,104914,1329
50,17,104931,1330
120,18,104949,1331
1785,55,105004,1332
106,132,105136,1333
13,274,105410,1334
1470,24,105434,1335
110,44,105478,1336
16,162,105640,1337
535,32,105672,1338
3778,3,105675,1339
295,112,105787,1340
64,98,105885,1341
499,12,105897,1342
1447,120,106017,1343
128,137,106154,1344
33,170,106324,1345
411,101,106425,1346
500,114,106539,1347
11,53,106592,1348
60,25,106617,1349
547,68,106685,1350
124,182,106867,1351
2616,65,106932,1352
709,11,106943,1353
1097,123,107066,1354
635,10,107076,1355
90,116,107192,1356
2698,1,107193,1357
333,39,107232,1358
190,73,107305,1359
316,126,107431,1360
25,10,107441,1361
11,11,107452,1362
355,5,107457,1363
155,219,107676,1364
163,13,107689,1365
246,29,107718,1366
204,1,107719,1367
145,109,107828,1368
2599,32,107860,1369
267,47,107907,1370
205,105,108012,1371
139,46,108058,1372
266,115,108173,1373
293,57,108230,1374
307,5,108235,1375
410,8,108243,1376
743,132,108375,1377
2675,116,108491,1378
421,46,108537,1379
155,330,108867,1380
2821,86,108953,1381
3024,21,108974,1382
421,37,109011,1383
393,94,109105,1384
153,54,109159,1385
254,38,109197,1386
3269,83,109280,1387
861,38,109318,1388
742,17,109335,1389
52,245,109580,1390
103,9,109589,1391
140,50,109639,1392
424,38,109677,1393
16,101,109778,1394
325,67,109845,1395
1955,97,109942,1396
152,32,109974,1397
170,1,109975,1398
144,40,110015,1399
302,14,110029,1400
354,4,110033,1401
1348,131,110164,1402
342,85,110249,1403
3762,35,110284,1404
125,115,110399,1405
268,93,110492,1406
370,13,110505,1407
446,21,110526,1408
1158,76,110602,1409
3101,96,110698,1410
238,59,110757,1411
180,14,110771,1412
395,53,110824,1413
141,12,110836,1414
133,155,110991,1415
123,2,110993,1416
303,56,111049,1417
11,8,111057,1418
161,39,111096,1419
134,204,111300,1420
316,15,111315,1421
208,205,111520,1422
237,133,111653,1423
14,75,111728,1424
166,85,111813,1425
15,20,111833,1426
25,340,112173,1427
354,478,112651,1428
371,63,112714,1429
339,45,112759,1430
3357,41,112800,1431
258,19,112819,1432
340,85,112904,1433
442,40,112944,1434
344,98,113042,1435
36,18,113060,1436
486,14,113074,1437
15,50,113124,1438
375,10,113134,1439
124,148,113282,1440
45,25,113307,1441
114,46,113353,1442
837,16,113369,1443
148,16,113385,1444
29,39,113424,1445
168,100,113524,1446
99,42,113566,1447
190,9,113575,1448
1516,27,113602,1449
319,100,113702,1450
675,120,113822,1451
247,98,113920,1452
276,90,114010,1453
305,24,114034,1454
2527,161,114195,1455
106,21,114216,1456
226,93,114309,1457
329,27,114336,1458
10,81,114417,1459
678,172,114589,1460
3000,172,114761,1461
1897,58,114819,1462
329,22,114841,1463
243,1,114842,1464
3225,35,114877,1465
352,89,114966,1466
2620,21,114987,1467
1384,69,115056,1468
254,18,115074,1469
455,8,115082,1470
279,51,115133,1471
25,146,115279,1472
4002,45,115324,1473
251,6,115330,1474
304,59,115389,1475
451,85,115474,1476
177,8,115482,1477
292,80,115562,1478
304,393,115955,1479
22,16,115971,1480
1101,20,115991,1481
414,111,116102,1482
273,176,116278,1483
471,164,116442,1484
23,258,116700,1485
334,1,116701,1486
13,120,116821,1487
3046,12,116833,1488
234,337,117170,1489
526,112,117282,1490
121,36,117318,1491
14,16,117334,1492
3192,81,117415,1493
2308,82,117497,1494
3267,215,117712,1495
236,214,117926,1496
152,41,117967,1497
2845,19,117986,1498
195,17,118003,1499
272,51,118054,1500
157,164,118218,1501
324,47,118265,1502
108,46,118311,1503
228,57,118368,1504
507,12,118380,1505
651,31,118411,1506
554,6,118417,1507
201,121,118538,1508
13,13,118551,1509
324,17,118568,1510
291,131,118699,1511
233,148,118847,1512
146,24,118871,1513
1383,273,119144,1514
581,1,119145,1515
146,198,119343,1516
207,39,119382,1517
282,61,119443,1518
165,29,119472,1519
3733,17,119489,1520
124,138,119627,1521
2768,76,119703,1522
2459,224,119927,1523
1926,231,120158,1524
3645,178,120336,1525
165,140,120476,1526
448,78,120554,1527
1451,52,120606,1528
134,17,120623,1529
381,98,120721,1530
849,103,120824,1531
106,31,120855,1532
3368,147,121002,1533
544,76,121078,1534
331,102,121180,1535
9,18,121198,1536
570,43,121241,1537
376,158,121399,1538
205,162,121561,1539
1027,210,121771,1540
2038,144,121915,1541
3588,49,121964,1542
212,72,122036,1543
12,256,122292,1544
268,88,122380,1545
220,60,122440,1546
955,120,122560,1547
117,54,122614,1548
62,41,122655,1549
123,171,122826,1550
12,62,122888,1551
119,59,122947,1552
943,40,122987,1553
315,75,123062,1554
1456,68,123130,1555
3461,87,123217,1556
2166,81,123298,1557
534,34,123332,1558
244,54,123386,1559
352,12,123398,1560
2901,110,123508,1561
390,64,123572,1562
253,85,123657,1563
516,13,123670,1564
101,4,123674,1565
463,7,123681,1566
29,378,124059,1567
192,33,124092,1568
14,9,124101,1569
319,58,124159,1570
282,95,124254,1571
325,42,124296,1572
3933,22,124318,1573
108,43,124361,1574
115,115,124476,1575
20,147,124623,1576
334,19,124642,1577
157,2,124644,1578
2435,11,124655,1579
255,64,124719,1580
355,16,124735,1581
725,26,124761,1582
64,53,124814,1583
2627,28,124842,1584
328,45,124887,1585
299,139,125026,1586
22,2,125028,1587
391,43,125071,1588
138,8,125079,1589
336,65,125144,1590
2844,68,125212,1591
183,76,125288,1592
157,72,125360,1593
561,40,125400,1594
26,73,125473,1595
463,105,125578,1596
480,12,125590,1597
133,82,125672,1598
246,213,125885,1599
307,104,125989,1600
2461,65,126054,1601
34,65,126119,1602
3851,319,126438,1603
1515,47,126485,1604
495,129,126614,1605
290,41,126655,1606
36,77,126732,1607
259,31,126763,1608
119,1,126764,1609
3533,28,126792,1610
125,14,126806,1611
11,22,126828,1612
628,13,126841,1613
232,69,126910,1614
261,14,126924,1615
275,7,126931,1616
317,113,127044,1617
304,6,127050,1618
2022,90,127140,1619
2763,67,127207,1620
158,68,127275,1621
13,128,127403,1622
173,73,127476,1623
243,20,127496,1624
247,98,127594,1625
23,188,127782,1626
93,184,127966,1627
474,101,128067,1628
736,176,128243,1629
524,177,128420,1630
260,163,128583,1631
307,207,128790,1632
408,65,128855,1633
183,40,128895,1634
3460,29,128924,1635
2894,2,128926,1636
159,28,128954,1637
3538,89,129043,1638
50,263,129306,1639
890,4,129310,1640
308,2,129312,1641
910,83,129395,1642
316,81,129476,1643
216,50,129526,1644
345,65,129591,1645
176,65,129656,1646
755,2,129658,1647
9,96,129754,1648
113,67,129821,1649
346,129,129950,1650
2424,114,130064,1651
97,55,130119,1652
2657,97,130216,1653
114,28,130244,1654
192,193,130437,1655
10,67,130504,1656
189,15,130519,1657
378,59,130578,1658
11,16,130594,1659
4066,46,130640,1660
225,87,130727,1661
150,87,130814,1662
373,60,130874,1663
503,41,130915,1664
116,30,130945,1665
18,183,131128,1666
24,51,131179,1667
2274,29,131208,1668
184,133,131341,1669
893,45,131386,1670
23,164,131550,1671
30,8,131558,1672
116,10,131568,1673
67,185,131753,1674
17,2,131755,1675
286,266,132021,1676
301,50,132071,1677
111,59,132130,1678
405,5,132135,1679
247,29,132164,1680
351,8,132172,1681
405,59,132231,1682
149,10,132241,1683
313,4,132245,1684
349,132,132377,1685
292,9,132386,1686
185,255,132641,1687
284,47,132688,1688
157,118,132806,1689
216,102,132908,1690
448,116,133024,1691
9,7,133031,1692
379,66,133097,1693
157,270,133367,1694
389,84,133451,1695
205,71,133522,1696
84,11,133533,1697
3969,38,133571,1698
441,29,133600,1699
1094,33,133633,1700
2809,76,133709,1701
245,1,133710,1702
225,56,133766,1703
395,4,133770,1704
142,23,133793,1705
257,151,133944,1706
91,16,133960,1707
10,201,134161,1708
35,3,134164,1709
220,216,134380,1710
202,50,134430,1711
3393,6,134436,1712
573,5,134441,1713
146,67,134508,1714
152,16,134524,1715
420,19,134543,1716
15,64,134607,1717
314,52,134659,1718
104,80,134739,1719
366,186,134925,1720
115,83,135008,1721
749,19,135027,1722
314,26,135053,1723
1470,56,135109,1724
57,25,135134,1725
611,113,135247,1726
1278,39,135286,1727
240,99,135385,1728
3053,11,135396,1729
204,93,135489,1730
76,3,135492,1731
426,131,135623,1732
113,163,135786,1733
3274,3,135789,1734
11,43,135832,1735
2399,11,135843,1736
422,5,135848,1737
27,125,135973,1738
310,30,136003,1739
133,25,136028,1740
218,37,136065,1741
14,26,136091,1742
14,77,136168,1743
400,2,136170,1744
2942,44,136214,1745
2986,100,136314,1746
166,78,136392,1747
780,49,136441,1748
179,451,136892,1749
230,26,136918,1750
271,15,136933,1751
1132,42,136975,1752
344,105,137080,1753
398,161,137241,1754
3114,6,137247,1755
285,16,137263,1756
140,6,137269,1757
420,59,137328,1758
191,239,137567,1759
196,49,137616,1760
163,6,137622,1761
1328,103,137725,1762
149,76,137801,1763
262,26,137827,1764
2658,105,137932,1765
691,59,137991,1766
325,150,138141,1767
32,6,138147,1768
169,62,138209,1769
226,8,138217,1770
222,25,138242,1771
183,9,138251,1772
620,43,138294,1773
374,196,138490,1774
180,47,138537,1775
253,43,138580,1776
1547,31,138611,1777
3563,30,138641,1778
2998,56,138697,1779
54,137,138834,1780
328,100,138934,1781
3285,71,139005,1782
294,212,139217,1783
293,44,139261,1784
115,5,139266,1785
963,14,139280,1786
153,32,139312,1787
124,45,139357,1788
1503,104,139461,1789
26,49,139510,1790
220,49,139559,1791
8,143,139702,1792
588,23,139725,1793
306,83,139808,1794
182,5,139813,1795
2439,15,139828,1796
48,45,139873,1797
340,97,139970,1798
354,274,140244,1799
337,42,140286,1800
66,8,140294,1801
126,34,140328,1802
76,237,140565,1803
382,273,140838,1804
513,146,140984,1805
492,42,141026,1806
122,25,141051,1807
222,71,141122,1808
118,107,141229,1809
149,56,141285,1810
311,37,141322,1811
300,218,141540,1812
111,79,141619,1813
513,45,141664,1814
1786,155,141819,1815
273,226,142045,1816
174,82,142127,1817
80,40,142167,1818
112,76,142243,1819
426,36,142279,1820
3775,129,142408,1821
756,122,142530,1822
742,57,142587,1823
397,201,142788,1824
888,89,142877,1825
292,170,143047,1826
1388,236,143283,1827
3851,325,143608,1828
27,24,143632,1829
1481,86,143718,1830
364,57,143775,1831
193,167,143942,1832
82,32,143974,1833
342,57,144031,1834
2519,3,144034,1835
2529,69,144103,1836
84,303,144406,1837
784,95,144501,1838
2016,107,144608,1839
452,46,144654,1840
182,16,144670,1841
3115,184,144854,1842
13,25,144879,1843
1315,207,145086,1844
4033,45,145131,1845
12,131,145262,1846
208,121,145383,1847
952,102,145485,1848
108,95,145580,1849
284,170,145750,1850
143,56,145806,1851
2004,289,146095,1852
193,126,146221,1853
334,84,146305,1854
251,81,146386,1855
296,75,146461,1856
299,18,146479,1857
298,72,146551,1858
2048,4,146555,1859
1024,3,146558,1860
514,22,146580,1861
1210,218,146798,1862
1887,77,146875,1863
140,24,146899,1864
1752,28,146927,1865
12,98,147025,1866
233,33,147058,1867
204,66,147124,1868
109,63,147187,1869
148,41,147228,1870
59,16,147244,1871
1812,29,147273,1872
313,6,147279,1873
118,333,147612,1874
278,11,147623,1875
297,40,147663,1876
134,212,147875,1877
109,87,147962,1878
324,80,148042,1879
2746,99,148141,1880
138,238,148379,1881
106,477,148856,1882
421,37,148893,1883
45,55,148948,1884
824,105,149053,1885
140,37,149090,1886
142,169,149259,1887
1816,8,149267,1888
4015,96,149363,1889
267,192,149555,1890
262,13,149568,1891
160,98,149666,1892
2061,26,149692,1893
44,76,149768,1894
2711,32,149800,1895
1164,3,149803,1896
259,124,149927,1897
271,12,149939,1898
2445,177,150116,1899
79,50,150166,1900
156,31,150197,1901
432,25,150222,1902
85,114,150336,1903
110,92,150428,1904
491,96,150524,1905
258,1,150525,1906
497,141,150666,1907
121,7,150673,1908
347,80,150753,1909
227,126,150879,1910
433,29,150908,1911
372,9,150917,1912
340,73,150990,1913
305,2,150992,1914
360,417,151409,1915
238,269,151678,1916
24,306,151984,1917
343,5,151989,1918
499,41,152030,1919
253,41,152071,1920
71,73,152144,1921
524,92,152236,1922
20,2,152238,1923
325,44,152282,1924
253,78,152360,1925
260,55,152415,1926
132,121,152536,1927
648,75,152611,1928
335,163,152774,1929
9,77,152851,1930
2233,80,152931,1931
219,103,153034,1932
171,87,153121,1933
320,281,153402,1934
647,415,153817,1935
147,286,154103,1936
89,22,154125,1937
311,48,154173,1938
341,10,154183,1939
144,56,154239,1940
2299,134,154373,1941
362,110,154483,1942
260,20,154503,1943
389,80,154583,1944
1677,3,154586,1945
849,159,154745,1946
126,109,154854,1947
626,66,154920,1948
86,59,154979,1949
271,3,154982,1950
1955,51,155033,1951
107,3,155036,1952
312,9,155045,1953
340,190,155235,1954
207,11,155246,1955
342,178,155424,1956
144,5,155429,1957
69,28,155457,1958
2487,9,155466,1959
703,284,155750,1960
447,135,155885,1961
111,104,155989,1962
171,144,156133,1963
131,20,156153,1964
405,15,156168,1965
92,237,156405,1966
324,138,156543,1967
135,61,156604,1968
1851,30,156634,1969
308,92,156726,1970
136,6,156732,1971
1576,18,156750,1972
1630,10,156760,1973
156,346,157106,1974
185,17,157123,1975
395,123,157246,1976
2914,4,157250,1977
121,37,157287,1978
175,178,157465,1979
56,94,157559,1980
116,25,157584,1981
410,7,157591,1982
379,84,157675,1983
413,12,157687,1984
137,22,157709,1985
453,33,157742,1986
878,155,157897,1987
975,10,157907,1988
69,343,158250,1989
27,75,158325,1990
171,310,158635,1991
3068,26,158661,1992
478,8,158669,1993
472,47,158716,1994
386,13,158729,1995
132,11,158740,1996
490,47,158787,1997
45,25,158812,1998
91,113,158925,1999
483,89,159014,2000
329,53,159067,2001
230,33,159100,2002
3773,164,159264,2003
168,94,159358,2004
387,22,159380,2005
14,130,159510,2006
64,9,159519,2007
111,14,159533,2008
2570,46,159579,2009
334,40,159619,2010
370,56,159675,2011
109,37,159712,2012
157,51,159763,2013
432,457,160220,2014
1317,59,160279,2015
351,31,160310,2016
283,381,160691,2017
147,44,160735,2018
48,72,160807,2019
229,17,160824,2020
17,110,160934,2021
1916,42,160976,2022
330,311,161287,2023
378,39,161326,2024
562,35,161361,2025
12,136,161497,2026
152,60,161557,2027
4022,37,161594,2028
146,42,161636,2029
333,28,161664,2030
449,25,161689,2031
385,111,161800,2032
233,75,161875,2033
435,153,162028,2034
743,113,162141,2035
140,22,162163,2036
616,32,162195,2037
379,48,162243,2038
214,67,162310,2039
121,223,162533,2040
2500,14,162547,2041
46,13,162560,2042
123,9,162569,2043
120,33,162602,2044
278,47,162649,2045
357,276,162925,2046
795,5,162930,2047
269,167,163097,2048
81,8,163105,2049
199,7,163112,2050
635,16,163128,2051
350,6,163134,2052
382,76,163210,2053
530,6,163216,2054
62,96,163312,2055
257,25,163337,2056
488,43,163380,2057
183,75,163455,2058
102,12,163467,2059
112,71,163538,2060
198,39,163577,2061
12,84,163661,2062
49,46,163707,2063
2013,86,163793,2064
337,171,163964,2065
3462,155,164119,2066
79,4,164123,2067
19,51,164174,2068
3675,68,164242,2069
319,19,164261,2070
1437,79,164340,2071
418,47,164387,2072
314,21,164408,2073
338,144,164552,2074
773,9,164561,2075
96,100,164661,2076
151,4,164665,2077
430,61,164726,2078
2064,103,164829,2079
495,18,164847,2080
17,17,164864,2081
18,38,164902,2082
44,174,165076,2083
538,63,165139,2084
510,127,165266,2085
307,17,165283,2086
116,422,165705,2087
388,59,165764,2088
307,31,165795,2089
203,19,165814,2090
976,66,165880,2091
77,47,165927,2092
46,210,166137,2093
1034,7,166144,2094
1264,118,166262,2095
48,52,166314,2096
248,1,166315,2097
629,202,166517,2098
247,8,166525,2099
3156,7,166532,2100
950,110,166642,2101
257,6,166648,2102
304,21,166669,2103
231,21,166690,2104
186,103,166793,2105
581,46,166839,2106
249,125,166964,2107
347,43,167007,2108
3111,68,167075,2109
12,67,167142,2110
3832,200,167342,2111
337,154,167496,2112
108,69,167565,2113
229,41,167606,2114
3878,57,167663,2115
331,266,167929,2116
86,50,167979,2117
410,238,168217,2118
60,138,168355,2119
135,30,168385,2120
118,67,168452,2121
1102,18,168470,2122
85,10,168480,2123
296,4,168484,2124
3959,11,168495,2125
599,23,168518,2126
18,60,168578,2127
83,48,168626,2128
258,207,168833,2129
396,28,168861,2130
2731,34,168895,2131
12,26,168921,2132
3154,18,168939,2133
208,42,168981,2134
182,40,169021,2135
319,27,169048,2136
60,20,169068,2137
370,67,169135,2138
151,80,169215,2139
716,4,169219,2140
324,140,169359,2141
152,42,169401,2142
124,81,169482,2143
263,49,169531,2144
73,10,169541,2145
4052,76,169617,2146
187,125,169742,2147
105,24,169766,2148
3448,2,169768,2149
958,50,169818,2150
248,7,169825,2151
365,280,170105,2152
3058,8,170113,2153
3797,7,170120,2154
251,269,170389,2155
223,158,170547,2156
279,35,170582,2157
2160,12,170594,2158
3441,122,170716,2159
10,47,170763,2160
691,23,170786,2161
480,49,170835,2162
508,57,170892,2163
282,100,170992,2164
3372,77,171069,2165
2867,15,171084,2166
183,19,171103,2167
303,22,171125,2168
331,295,171420,2169
265,130,171550,2170
179,4,171554,2171
768,360,171914,2172
10,24,171938,2173
103,47,171985,2174
1541,3,171988,2175
67,199,172187,2176
368,89,172276,2177
485,2,172278,2178
14,86,172364,2179
635,105,172469,2180
3525,118,172587,2181
155,31,172618,2182
1448,71,172689,2183
301,199,172888,2184
104,3,172891,2185
11,124,173015,2186
718,5,173020,2187
311,30,173050,2188
2649,100,173150,2189
524,49,173199,2190
169,165,173364,2191
324,63,173427,2192
29,123,173550,2193
583,124,173674,2194
3563,52,173726,2195
395,116,173842,2196
266,63,173905,2197
97,5,173910,2198
395,26,173936,2199
291,43,173979,2200
3932,85,174064,2201
90,94,174158,2202
205,45,174203,2203
177,4,174207,2204
303,19,174226,2205
536,2,174228,2206
22,15,174243,2207
511,84,174327,2208
9,89,174416,2209
118,41,174457,2210
12,27,174484,2211
145,60,174544,2212
113,6,174550,2213
1995,316,174866,2214
345,47,174913,2215
3430,230,175143,2216
443,45,175188,2217
1067,193,175381,2218
123,14,175395,2219
337,66,175461,2220
618,11,175472,2221
115,6,175478,2222
301,25,175503,2223
290,4,175507,2224
291,340,175847,2225
396,11,175858,2226
24,16,175874,2227
1868,9,175883,2228
895,341,176224,2229
2830,88,176312,2230
1374,14,176326,2231
88,105,176431,2232
116,78,176509,2233
15,78,176587,2234
154,38,176625,2235
406,120,176745,2236
2934,80,176825,2237
210,32,176857,2238
370,56,176913,2239
1156,170,177083,2240
186,46,177129,2241
853,34,177163,2242
1927,37,177200,2243
175,34,177234,2244
149,20,177254,2245
225,369,177623,2246
3158,109,177732,2247
132,10,177742,2248
3761,11,177753,2249
2931,60,177813,2250
3281,93,177906,2251
218,91,177997,2252
420,72,178069,2253
448,5,178074,2254
151,22,178096,2255
13,165,178261,2256
722,35,178296,2257
346,85,178381,2258
933,57,178438,2259
125,80,178518,2260
541,60,178578,2261
130,42,178620,2262
234,47,178667,2263
364,53,178720,2264
2215,21,178741,2265
1045,6,178747,2266
219,186,178933,2267
2861,15,178948,2268
212,8,178956,2269
149,26,178982,2270
350,22,179004,2271
2401,21,179025,2272
560,78,179103,2273
483,323,179426,2274
324,61,179487,2275
228,162,179649,2276
62,418,180067,2277
1923,44,180111,2278
2096,36,180147,2279
51,116,180263,2280
3318,156,180419,2281
2707,39,180458,2282
495,3,180461,2283
121,127,180588,2284
21,11,180599,2285
477,64,180663,2286
2974,16,180679,2287
2326,1,180680,2288
262,6,180686,2289
17,34,180720,2290
59,14,180734,2291
182,49,180783,2292
35,65,180848,2293
3535,202,181050,2294
14,60,181110,2295
154,123,181233,2296
166,98,181331,2297
3170,117,181448,2298
298,132,181580,2299
270,184,181764,2300
219,108,181872,2301
108,77,181949,2302
293,94,182043,2303
3998,93,182136,2304
311,133,182269,2305
51,11,182280,2306
393,96,182376,2307
1821,14,182390,2308
139,18,182408,2309
311,48,182456,2310
10,166,182622,2311
205,104,182726,2312
9,117,182843,2313
322,139,182982,2314
343,326,183308,2315
440,50,183358,2316
10,38,183396,2317
297,69,183465,2318
497,147,183612,2319
137,96,183708,2320
128,42,183750,2321
85,146,183896,2322
123,3,183899,2323
3152,225,184124,2324
15,351,184475,2325
3098,25,184500,2326
314,15,184515,2327
254,52,184567,2328
127,2,184569,2329
91,65,184634,2330
170,16,184650,2331
1060,10,184660,2332
3338,1,184661,2333
185,111,184772,2334
160,19,184791,2335
103,13,184804,2336
178,173,184977,2337
558,73,185050,2338
1169,24,185074,2339
2324,6,185080,2340
103,2,185082,2341
138,157,185239,2342
122,51,185290,2343
1106,107,185397,2344
1129,2,185399,2345
2722,42,185441,2346
110,3,185444,2347
313,177,185621,2348
414,2,185623,2349
138,69,185692,2350
127,79,185771,2351
1051,42,185813,2352
386,140,185953,2353
132,345,186298,2354
181,37,186335,2355
286,293,186628,2356
321,29,186657,2357
3513,22,186679,2358
3175,113,186792,2359
73,25,186817,2360
266,16,186833,2361
115,47,186880,2362
637,346,187226,2363
275,308,187534,2364
156,21,187555,2365
327,30,187585,2366
1500,50,187635,2367
2397,103,187738,2368
2277,211,187949,2369
316,114,188063,2370
263,245,188308,2371
3787,405,188713,2372
135,84,188797,2373
2489,4,188801,2374
188,55,188856,2375
193,31,188887,2376
1007,130,189017,2377
2877,203,189220,2378
422,62,189282,2379
451,53,189335,2380
260,55,189390,2381
505,196,189586,2382
12,24,189610,2383
159,56,189666,2384
2229,79,189745,2385
223,93,189838,2386
368,13,189851,2387
2521,150,190001,2388
3682,22,190023,2389
52,42,190065,2390
1085,26,190091,2391
143,11,190102,2392
280,43,190145,2393
792,115,190260,2394
422,209,190469,2395
19,91,190560,2396
209,63,190623,2397
1352,45,190668,2398
138,121,190789,2399
48,48,190837,2400
203,103,190940,2401
130,102,191042,2402
323,92,191134,2403
284,148,191282,2404
98,58,191340,2405
381,13,191353,2406
209,102,191455,2407
1191,38,191493,2408
723,168,191661,2409
62,1,191662,2410
313,18,191680,2411
1590,27,191707,2412
136,64,191771,2413
3621,66,191837,2414
105,76,191913,2415
747,24,191937,2416
128,6,191943,2417
396,41,191984,2418
3560,9,191993,2419
56,40,192033,2420
1725,41,192074,2421
475,12,192086,2422
1680,11,192097,2423
1753,111,192208,2424
1831,60,192268,2425
139,24,192292,2426
293,96,192388,2427
171,82,192470,2428
84,362,192832,2429
1441,390,193222,2430
140,67,193289,2431
446,55,193344,2432
813,42,193386,2433
3235,142,193528,2434
128,2,193530,2435
129,55,193585,2436
323,90,193675,2437
71,286,193961,2438
1533,33,193994,2439
164,29,194023,2440
144,16,194039,2441
155,9,194048,2442
2346,22,194070,2443
1788,162,194232,2444
300,55,194287,2445
498,88,194375,2446
253,33,194408,2447
169,42,194450,2448
371,22,194472,2449
378,40,194512,2450
171,142,194654,2451
423,87,194741,2452
3725,46,194787,2453
283,74,194861,2454
1567,142,195003,2455
466,24,195027,2456
156,2,195029,2457
2383,115,195144,2458
69,161,195305,2459
22,310,195615,2460
217,21,195636,2461
160,46,195682,2462
287,99,195781,2463
525,365,196146,2464
306,12,196158,2465
735,12,196170,2466
301,78,196248,2467
515,28,196276,2468
378,101,196377,2469
962,76,196453,2470
246,199,196652,2471
322,103,196755,2472
2178,12,196767,2473
120,15,196782,2474
27,231,197013,2475
709,28,197041,2476
14,3,197044,2477
30,244,197288,2478
110,147,197435,2479
1376,4,197439,2480
365,22,197461,2481
1383,95,197556,2482
114,22,197578,2483
159,108,197686,2484
379,18,197704,2485
145,120,197824,2486
2816,36,197860,2487
600,134,197994,2488
13,89,198083,2489
499,131,198214,2490
348,24,198238,2491
297,25,198263,2492
1126,75,198338,2493
233,110,198448,2494
511,6,198454,2495
928,116,198570,2496
280,2,198572,2497
561,113,198685,2498
68,62,198747,2499
254,37,198784,2500
2243,15,198799,2501
1523,1,198800,2502
30,8,198808,2503
212,63,198871,2504
11,2,198873,2505
13,5,198878,2506
331,39,198917,2507
126,81,198998,2508
178,42,199040,2509
1833,6,199046,2510
3445,10,199056,2511
19,116,199172,2512
121,7,199179,2513
155,58,199237,2514
211,134,199371,2515
3547,55,199426,2516
431,22,199448,2517
145,64,199512,2518
121,23,199535,2519
212,158,199693,2520
13,2,199695,2521
945,4,199699,2522
235,97,199796,2523
1002,28,199824,2524
279,69,199893,2525
826,105,199998,2526
622,18,200016,2527
168,351,200367,2528
2084,20,200387,2529
80,30,200417,2530
169,1,200418,2531
16,4,200422,2532
161,200,200622,2533
412,172,200794,2534
158,17,200811,2535
642,274,201085,2536
342,350,201435,2537
208,3,201438,2538
3843,116,201554,2539
279,155,201709,2540
177,48,201757,2541
877,2,201759,2542
3684,50,201809,2543
23,19,201828,2544
1139,216,202044,2545
65,111,202155,2546
330,11,202166,2547
1005,115,202281,2548
294,34,202315,2549
12,85,202400,2550
170,74,202474,2551
12,86,202560,2552
133,15,202575,2553
800,144,202719,2554
16,82,202801,2555
255,105,202906,2556
11,43,202949,2557
112,4,202953,2558
279,25,202978,2559
18,69,203047,2560
58,95,203142,2561
337,7,203149,2562
298,84,203233,2563
3212,47,203280,2564
2862,15,203295,2565
286,101,203396,2566
2258,178,203574,2567
1824,31,203605,2568
163,44,203649,2569
435,10,203659,2570
174,90,203749,2571
407,127,203876,2572
136,28,203904,2573
3357,46,203950,2574
425,72,204022,2575
389,40,204062,2576
1177,8,204070,2577
379,21,204091,2578
454,99,204190,2579
3808,4,204194,2580
122,49,204243,2581
263,241,204484,2582
3609,23,204507,2583
106,76,204583,2584
930,157,204740,2585
95,126,204866,2586
274,1,204867,2587
155,86,204953,2588
2198,14,204967,2589
163,31,204998,2590
181,78,205076,2591
309,73,205149,2592
10,39,205188,2593
286,32,205220,2594
593,169,205389,2595
149,71,205460,2596
48,67,205527,2597
543,240,205767,2598
459,1,205768,2599
507,31,205799,2600
17,65,205864,2601
100,37,205901,2602
1979,116,206017,2603
1583,25,206042,2604
112,114,206156,2605
3547,39,206195,2606
160,150,206345,2607
2814,167,206512,2608
240,9,206521,2609
516,33,206554,2610
299,21,206575,2611
47,33,206608,2612
1932,85,206693,2613
284,79,206772,2614
244,90,206862,2615
333,28,206890,2616
14,1,206891,2617
104,17,206908,2618
832,146,207054,2619
27,14,207068,2620
312,20,207088,2621
9,38,207126,2622
3316,126,207252,2623
1487,1,207253,2624
350,54,207307,2625
13,236,207543,2626
10,16,207559,2627
457,41,207600,2628
165,36,207636,2629
3582,110,207746,2630
295,24,207770,2631
402,44,207814,2632
290,48,207862,2633
461,134,207996,2634
1415,74,208070,2635
128,60,208130,2636
226,57,208187,2637
896,80,208267,2638
393,11,208278,2639
166,1,208279,2640
3819,10,208289,2641
2829,51,208340,2642
67,29,208369,2643
184,5,208374,2644
802,131,208505,2645
1710,19,208524,2646
32,34,208558,2647
3040,9,208567,2648
1910,52,208619,2649
1668,34,208653,2650
2055,50,208703,2651
128,33,208736,2652
3409,111,208847,2653
396,205,209052,2654
18,81,209133,2655
83,10,209143,2656
944,92,209235,2657
96,143,209378,2658
2775,52,209430,2659
1190,6,209436,2660
233,181,209617,2661
409,38,209655,2662
567,106,209761,2663
187,304,210065,2664
431,115,210180,2665
286,130,210310,2666
293,95,210405,2667
398,216,210621,2668
2983,80,210701,2669
82,206,210907,2670
1570,171,211078,2671
266,94,211172,2672
280,27,211199,2673
66,112,211311,2674
383,17,211328,2675
244,45,211373,2676
117,34,211407,2677
485,81,211488,2678
227,92,211580,2679
197,56,211636,2680
797,24,211660,2681
18,64,211724,2682
388,32,211756,2683
148,90,211846,2684
237,94,211940,2685
112,18,211958,2686
29,14,211972,2687
328,46,212018,2688
438,152,212170,2689
932,2,212172,2690
3206,47,212219,2691
158,66,212285,2692
532,136,212421,2693
206,195,212616,2694
23,16,212632,2695
310,1,212633,2696
347,45,212678,2697
199,1,212679,2698
1640,142,212821,2699
293,35,212856,2700
130,13,212869,2701
538,9,212878,2702
188,117,212995,2703
113,3,212998,2704
698,37,213035,2705
140,70,213105,2706
49,94,213199,2707
269,39,213238,2708
951,168,213406,2709
321,14,213420,2710
1587,198,213618,2711
12,24,213642,2712
263,39,213681,2713
2530,56,213737,2714
45,41,213778,2715
343,106,213884,2716
475,7,213891,2717
27,72,213963,2718
305,147,214110,2719
94,26,214136,2720
3844,49,214185,2721
3415,96,214281,2722
17,35,214316,2723
472,109,214425,2724
73,34,214459,2725
13,164,214623,2726
429,104,214727,2727
162,124,214851,2728
3222,58,214909,2729
139,84,214993,2730
128,137,215130,2731
203,206,215336,2732
181,22,215358,2733
207,101,215459,2734
2306,50,215509,2735
120,58,215567,2736
403,27,215594,2737
162,54,215648,2738
32,48,215696,2739
330,132,215828,2740
148,323,216151,2741
398,203,216354,2742
195,202,216556,2743
186,271,216827,2744
2363,180,217007,2745
159,132,217139,2746
11,11,217150,2747
165,40,217190,2748
94,122,217312,2749
15,68,217380,2750
3058,65,217445,2751
1799,127,217572,2752
249,66,217638,2753
23,64,217702,2754
32,39,217741,2755
211,34,217775,2756
937,53,217828,2757
2734,100,217928,2758
3971,224,218152,2759
85,153,218305,2760
112,41,218346,2761
290,46,218392,2762
319,78,218470,2763
3981,12,218482,2764
87,277,218759,2765
303,63,218822,2766
158,87,218909,2767
601,4,218913,2768
16,45,218958,2769
618,25,218983,2770
23,132,219115,2771
158,97,219212,2772
11,126,219338,2773
352,15,219353,2774
71,191,219544,2775
2147,159,219703,2776
117,17,219720,2777
88,1,219721,2778
3642,192,219913,2779
196,75,219988,2780
117,90,220078,2781
343,104,220182,2782
1217,331,220513,2783
2132,180,220693,2784
303,132,220825,2785
40,14,220839,2786
187,23,220862,2787
410,146,221008,2788
403,84,221092,2789
2961,58,221150,2790
295,111,221261,2791
346,155,221416,2792
264,50,221466,2793
93,6,221472,2794
4018,58,221530,2795
281,233,221763,2796
1006,6,221769,2797
89,79,221848,2798
16,52,221900,2799
3052,51,221951,2800
3958,63,222014,2801
257,83,222097,2802
257,64,222161,2803
17,8,222169,2804
272,68,222237,2805
171,70,222307,2806
115,188,222495,2807
314,27,222522,2808
90,156,222678,2809
559,9,222687,2810
3901,149,222836,2811
345,191,223027,2812
11,22,223049,2813
11,6,223055,2814
461,362,223417,2815
659,154,223571,2816
138,153,223724,2817
244,57,223781,2818
23,14,223795,2819
2863,9,223804,2820
157,84,223888,2821
130,347,224235,2822
240,89,224324,2823
132,19,224343,2824
243,67,224410,2825
38,31,224441,2826
27,6,224447,2827
148,45,224492,2828
645,49,224541,2829
280,156,224697,2830
596,30,224727,2831
123,20,224747,2832
509,50,224797,2833
104,26,224823,2834
3781,113,224936,2835
426,8,224944,2836
209,29,224973,2837
125,344,225317,2838
435,25,225342,2839
227,30,225372,2840
119,76,225448,2841
433,183,225631,2842
70,30,225661,2843
163,24,225685,2844
265,41,225726,2845
94,54,225780,2846
2052,126,225906,2847
521,36,225942,2848
42,2,225944,2849
348,28,225972,2850
3531,113,226085,2851
270,22,226107,2852
221,78,226185,2853
123,8,226193,2854
715,29,226222,2855
1071,16,226238,2856
236,31,226269,2857
278,40,226309,2858
2041,2,226311,2859
164,56,226367,2860
302,81,226448,2861
401,181,226629,2862
88,69,226698,2863
205,14,226712,2864
122,123,226835,2865
14,229,227064,2866
208,29,227093,2867
2599,128,227221,2868
430,54,227275,2869
184,42,227317,2870
128,51,227368,2871
312,26,227394,2872
93,25,227419,2873
2079,39,227458,2874
10,51,227509,2875
692,37,227546,2876
3971,208,227754,2877
13,132,227886,2878
342,137,228023,2879
187,29,228052,2880
134,8,228060,2881
388,46,228106,2882
280,26,228132,2883
3317,88,228220,2884
3577,139,228359,2885
161,183,228542,2886
132,145,228687,2887
143,2,228689,2888
138,8,228697,2889
221,149,228846,2890
178,137,228983,2891
88,221,229204,2892
873,23,229227,2893
3066,77,229304,2894
1758,19,229323,2895
322,294,229617,2896
29,81,229698,2897
309,166,229864,2898
1203,28,229892,2899
302,35,229927,2900
280,43,229970,2901
196,53,230023,2902
319,77,230100,2903
12,165,230265,2904
1717,48,230313,2905
145,13,230326,2906
317,224,230550,2907
293,25,230575,2908
277,40,230615,2909
225,5,230620,2910
132,112,230732,2911
807,90,230822,2912
260,56,230878,2913
157,83,230961,2914
501,60,231021,2915
32,16,231037,2916
250,30,231067,2917
108,13,231080,2918
179,89,231169,2919
107,59,231228,2920
255,120,231348,2921
425,91,231439,2922
259,60,231499,2923
605,9,231508,2924
200,176,231684,2925
1617,30,231714,2926
82,115,231829,2927
2919,29,231858,2928
275,173,232031,2929
85,13,232044,2930
11,30,232074,2931
248,3,232077,2932
166,210,232287,2933
108,79,232366,2934
2900,34,232400,2935
74,9,232409,2936
395,211,232620,2937
220,122,232742,2938
2170,92,232834,2939
137,23,232857,2940
245,143,233000,2941
312,14,233014,2942
359,119,233133,2943
226,8,233141,2944
3544,43,233184,2945
13,3,233187,2946
396,14,233201,2947
40,61,233262,2948
126,102,233364,2949
196,68,233432,2950
2537,140,233572,2951
22,95,233667,2952
294,19,233686,2953
405,122,233808,2954
135,19,233827,2955
1975,32,233859,2956
182,136,233995,2957
237,5,234000,2958
309,134,234134,2959
189,91,234225,2960
287,11,234236,2961
3101,39,234275,2962
4070,125,234400,2963
2991,57,234457,2964
2770,94,234551,2965
299,3,234554,2966
331,175,234729,2967
1098,100,234829,2968
101,186,235015,2969
208,122,235137,2970
1718,40,235177,2971
958,48,235225,2972
599,168,235393,2973
121,206,235599,2974
2524,25,235624,2975
10,37,235661,2976
353,10,235671,2977
1363,116,235787,2978
234,46,235833,2979
237,29,235862,2980
277,18,235880,2981
9,196,236076,2982
147,95,236171,2983
2330,199,236370,2984
214,71,236441,2985
12,70,236511,2986
1966,28,236539,2987
3401,41,236580,2988
1116,7,236587,2989
165,215,236802,2990
12,36,236838,2991
1752,42,236880,2992
348,3,236883,2993
17,29,236912,2994
543,17,236929,2995
247,22,236951,2996
251,69,237020,2997
212,66,237086,2998
331,127,237213,2999
303,41,237254,3000
31,48,237302,3001
130,330,237632,3002
287,21,237653,3003
3236,47,237700,3004
1767,31,237731,3005
89,25,237756,3006
221,73,237829,3007
150,108,237937,3008
595,144,238081,3009
2193,17,238098,3010
306,21,238119,3011
327,61,238180,3012
331,45,238225,3013
437,125,238350,3014
134,172,238522,3015
107,36,238558,3016
2227,101,238659,3017
128,112,238771,3018
185,157,238928,3019
39,166,239094,3020
326,174,239268,3021
1134,44,239312,3022
364,18,239330,3023
115,12,239342,3024
1808,197,239539,3025
2450,52,239591,3026
268,73,239664,3027
2064,41,239705,3028
11,10,239715,3029
414,377,240092,3030
98,68,240160,3031
293,4,240164,3032
147,253,240417,3033
970,8,240425,3034
412,68,240493,3035
2879,42,240535,3036
189,3,240538,3037
365,110,240648,3038
176,92,240740,3039
226,38,240778,3040
21,18,240796,3041
597,13,240809,3042
203,16,240825,3043
11,17,240842,3044
462,34,240876,3045
3575,85,240961,3046
141,52,241013,3047
2394,316,241329,3048
197,52,241381,3049
340,239,241620,3050
499,10,241630,3051
116,153,241783,3052
302,108,241891,3053
12,49,241940,3054
105,26,241966,3055
329,16,241982,3056
67,47,242029,3057
15,109,242138,3058
22,191,242329,3059
46,65,242394,3060
94,257,242651,3061
97,86,242737,3062
3686,4,242741,3063
135,23,242764,3064
10,71,242835,3065
33,24,242859,3066
134,137,242996,3067
101,24,243020,3068
151,6,243026,3069
394,15,243041,3070
103,119,243160,3071
3506,30,243190,3072
239,12,243202,3073
341,1,243203,3074
240,396,243599,3075
1791,160,243759,3076
563,35,243794,3077
2817,9,243803,3078
1068,458,244261,3079
327,16,244277,3080
234,57,244334,3081
403,86,244420,3082
161,10,244430,3083
413,40,244470,3084
102,318,244788,3085
183,63,244851,3086
10,67,244918,3087
193,13,244931,3088
135,77,245008,3089
362,64,245072,3090
312,146,245218,3091
40,169,245387,3092
24,148,245535,3093
220,7,245542,3094
2993,16,245558,3095
15,60,245618,3096
2098,19,245637,3097
630,15,245652,3098
967,132,245784,3099
272,43,245827,3100
185,27,245854,3101
121,120,245974,3102
296,34,246008,3103
146,50,246058,3104
2018,24,246082,3105
2987,21,246103,3106
274,9,246112,3107
14,42,246154,3108
3075,11,246165,3109
366,114,246279,3110
10,111,246390,3111
3625,94,246484,3112
154,209,246693,3113
1323,16,246709,3114
116,11,246720,3115
104,167,246887,3116
507,11,246898,3117
214,101,246999,3118
190,119,247118,3119
304,4,247122,3120
273,85,247207,3121
148,13,247220,3122
425,12,247232,3123
184,59,247291,3124
219,8,247299,3125
174,2,247301,3126
859,20,247321,3127
349,19,247340,3128
12,17,247357,3129
4068,11,247368,3130
461,150,247518,3131
990,54,247572,3132
132,81,247653,3133
176,32,247685,3134
88,96,247781,3135
278,126,247907,3136
29,30,247937,3137
124,136,248073,3138
543,69,248142,3139
223,92,248234,3140
79,11,248245,3141
118,149,248394,3142
93,180,248574,3143
1509,21,248595,3144
2389,10,248605,3145
1143,108,248713,3146
331,6,248719,3147
294,92,248811,3148
401,126,248937,3149
418,116,249053,3150
320,17,249070,3151
3738,1,249071,3152
47,141,249212,3153
555,3,249215,3154
324,80,249295,3155
1320,29,249324,3156
145,2,249326,3157
53,21,249347,3158
3129,177,249524,3159
13,23,249547,3160
17,76,249623,3161
1769,129,249752,3162
111,234,249986,3163
23,184,250170,3164
105,94,250264,3165
1501,103,250367,3166
1877,20,250387,3167
3470,71,250458,3168
3547,1,250459,3169
416,6,250465,3170
1163,6,250471,3171
158,151,250622,3172
104,126,250748,3173
171,20,250768,3174
2623,675,251443,3175
322,209,251652,3176
122,118,251770,3177
152,150,251920,3178
12,83,252003,3179
173,2,252005,3180
14,56,252061,3181
137,77,252138,3182
115,71,252209,3183
151,83,252292,3184
1319,57,252349,3185
189,47,252396,3186
990,63,252459,3187
549,149,252608,3188
381,27,252635,3189
2571,1,252636,3190
162,39,252675,3191
289,76,252751,3192
112,59,252810,3193
3875,9,252819,3194
517,1,252820,3195
286,27,252847,3196
217,80,252927,3197
2229,58,252985,3198
132,44,253029,3199
2634,56,253085,3200
552,63,253148,3201
1071,24,253172,3202
609,76,253248,3203
554,27,253275,3204
346,56,253331,3205
188,129,253460,3206
160,108,253568,3207
117,171,253739,3208
461,1,253740,3209
2435,48,253788,3210
160,27,253815,3211
155,141,253956,3212
303,49,254005,3213
21,151,254156,3214
342,126,254282,3215
229,92,254374,3216
333,190,254564,3217
335,12,254576,3218
297,6,254582,3219
321,254,254836,3220
340,92,254928,3221
15,50,254978,3222
466,289,255267,3223
107,46,255313,3224
2371,93,255406,3225
106,54,255460,3226
369,4,255464,3227
3243,139,255603,3228
2151,86,255689,3229
81,57,255746,3230
193,164,255910,3231
515,4,255914,3232
283,12,255926,3233
11,81,256007,3234
66,215,256222,3235
3226,14,256236,3236
150,1,256237,3237
121,16,256253,3238
149,270,256523,3239
247,9,256532,3240
3516,78,256610,3241
256,93,256703,3242
3010,6,256709,3243
127,5,256714,3244
166,99,256813,3245
467,22,256835,3246
126,17,256852,3247
303,175,257027,3248
149,48,257075,3249
207,25,257100,3250
108,170,257270,3251
133,71,257341,3252
134,33,257374,3253
59,62,257436,3254
3755,96,257532,3255
15,16,257548,3256
317,49,257597,3257
211,42,257639,3258
3849,51,257690,3259
15,56,257746,3260
849,11,257757,3261
15,340,258097,3262
2327,159,258256,3263
2376,73,258329,3264
10,191,258520,3265
296,24,258544,3266
327,8,258552,3267
108,5,258557,3268
128,125,258682,3269
383,27,258709,3270
154,14,258723,3271
252,13,258736,3272
138,58,258794,3273
113,179,258973,3274
347,28,259001,3275
967,28,259029,3276
2189,7,259036,3277
195,252,259288,3278
720,4,259292,3279
104,11,259303,3280
196,154,259457,3281
15,27,259484,3282
654,15,259499,3283
281,278,259777,3284
2794,13,259790,3285
185,21,259811,3286
158,81,259892,3287
479,32,259924,3288
111,2,259926,3289
313,91,260017,3290
273,94,260111,3291
3019,55,260166,3292
375,70,260236,3293
173,85,260321,3294
140,20,260341,3295
402,76,260417,3296
124,310,260727,3297
30,30,260757,3298
120,15,260772,3299
1626,44,260816,3300
248,237,261053,3301
1481,167,261220,3302
12,172,261392,3303
126,94,261486,3304
174,101,261587,3305
312,2,261589,3306
112,7,261596,3307
444,130,261726,3308
94,39,261765,3309
412,150,261915,3310
319,26,261941,3311
278,37,261978,3312
70,73,262051,3313
433,17,262068,3314
920,127,262195,3315
247,1,262196,3316
3981,44,262240,3317
102,109,262349,3318
104,92,262441,3319
128,54,262495,3320
285,39,262534,3321
167,150,262684,3322
108,153,262837,3323
789,51,262888,3324
3687,26,262914,3325
138,32,262946,3326
431,74,263020,3327
544,12,263032,3328
137,17,263049,3329
478,21,263070,3330
284,39,263109,3331
1010,21,263130,3332
145,41,263171,3333
147,15,263186,3334
970,10,263196,3335
73,125,263321,3336
508,303,263624,3337
132,80,263704,3338
376,29,263733,3339
31,272,264005,3340
143,17,264022,3341
80,60,264082,3342
108,9,264091,3343
521,79,264170,3344
194,177,264347,3345
384,76,264423,3346
2230,154,264577,3347
72,162,264739,3348
106,150,264889,3349
499,12,264901,3350
265,29,264930,3351
121,19,264949,3352
2691,18,264967,3353
15,66,265033,3354
156,42,265075,3355
12,5,265080,3356
361,49,265129,3357
334,12,265141,3358
351,384,265525,3359
199,102,265627,3360
219,16,265643,3361
299,26,265669,3362
294,34,265703,3363
842,60,265763,3364
457,17,265780,3365
16,9,265789,3366
80,105,265894,3367
212,1,265895,3368
163,1,265896,3369
286,579,266475,3370
425,23,266498,3371
122,11,266509,3372
514,385,266894,3373
1733,11,266905,3374
86,31,266936,3375
271,210,267146,3376
279,246,267392,3377
45,31,267423,3378
236,124,267547,3379
248,19,267566,3380
141,59,267625,3381
11,64,267689,3382
390,4,267693,3383
239,19,267712,3384
255,19,267731,3385
342,23,267754,3386
329,10,267764,3387
116,11,267775,3388
58,2,267777,3389
157,100,267877,3390
416,40,267917,3391
317,2,267919,3392
3628,183,268102,3393
207,77,268179,3394
1445,166,268345,3395
17,5,268350,3396
128,32,268382,3397
261,130,268512,3398
325,44,268556,3399
3007,142,268698,3400
266,4,268702,3401
222,91,268793,3402
2976,35,268828,3403
318,16,268844,3404
325,135,268979,3405
60,1,268980,3406
417,130,269110,3407
90,6,269116,3408
11,70,269186,3409
1032,34,269220,3410
88,254,269474,3411
1976,100,269574,3412
270,18,269592,3413
748,67,269659,3414
1929,147,269806,3415
682,141,269947,3416
320,43,269990,3417
461,67,270057,3418
11,15,270072,3419
320,63,270135,3420
1845,27,270162,3421
64,26,270188,3422
335,27,270215,3423
3205,63,270278,3424
891,29,270307,3425
355,46,270353,3426
138,17,270370,3427
376,35,270405,3428
1045,44,270449,3429
159,36,270485,3430
2059,29,270514,3431
302,45,270559,3432
1051,53,270612,3433
211,20,270632,3434
2075,156,270788,3435
201,60,270848,3436
598,65,270913,3437
22,84,270997,3438
317,81,271078,3439
450,70,271148,3440
112,6,271154,3441
381,56,271210,3442
240,28,271238,3443
123,11,271249,3444
1160,106,271355,3445
1658,40,271395,3446
355,77,271472,3447
12,176,271648,3448
13,48,271696,3449
2144,14,271710,3450
451,146,271856,3451
119,20,271876,3452
435,28,271904,3453
617,210,272114,3454
132,34,272148,3455
2839,15,272163,3456
1552,21,272184,3457
2171,168,272352,3458
258,29,272381,3459
1101,176,272557,3460
326,6,272563,3461
2749,66,272629,3462
463,63,272692,3463
391,152,272844,3464
149,20,272864,3465
134,9,272873,3466
132,121,272994,3467
231,27,273021,3468
154,48,273069,3469
320,12,273081,3470
13,498,273579,3471
222,25,273604,3472
3794,8,273612,3473
351,84,273696,3474
279,209,273905,3475
3012,131,274036,3476
204,52,274088,3477
121,67,274155,3478
610,20,274175,3479
636,44,274219,3480
51,96,274315,3481
392,106,274421,3482
46,18,274439,3483
379,80,274519,3484
123,49,274568,3485
189,258,274826,3486
267,52,274878,3487
1028,25,274903,3488
3918,167,275070,3489
546,53,275123,3490
373,79,275202,3491
298,33,275235,3492
19,65,275300,3493
304,1,275301,3494
602,5,275306,3495
465,106,275412,3496
161,20,275432,3497
471,6,275438,3498
2091,196,275634,3499
299,31,275665,3500
2768,20,275685,3501
183,90,275775,3502
620,60,275835,3503
131,6,275841,3504
287,44,275885,3505
126,37,275922,3506
122,84,276006,3507
509,19,276025,3508
191,75,276100,3509
75,48,276148,3510
2364,110,276258,3511
25,68,276326,3512
3592,92,276418,3513
348,33,276451,3514
342,161,276612,3515
279,3,276615,3516
688,101,276716,3517
226,47,276763,3518
2908,342,277105,3519
1248,157,277262,3520
124,270,277532,3521
357,16,277548,3522
477,213,277761,3523
49,48,277809,3524
113,241,278050,3525
370,93,278143,3526
1519,1,278144,3527
405,58,278202,3528
19,78,278280,3529
3681,8,278288,3530
662,48,278336,3531
308,15,278351,3532
224,3,278354,3533
465,34,278388,3534
127,15,278403,3535
266,65,278468,3536
36,46,278514,3537
13,189,278703,3538
159,16,278719,3539
123,94,278813,3540
268,63,278876,3541
3851,10,278886,3542
833,16,278902,3543
393,263,279165,3544
2211,74,279239,3545
518,183,279422,3546
113,10,279432,3547
129,85,279517,3548
305,98,279615,3549
50,14,279629,3550
78,21,279650,3551
301,87,279737,3552
101,135,279872,3553
128,89,279961,3554
298,32,279993,3555
133,23,280016,3556
246,222,280238,3557
338,45,280283,3558
132,432,280715,3559
144,121,280836,3560
159,169,281005,3561
458,8,281013,3562
109,73,281086,3563
144,3,281089,3564
178,59,281148,3565
690,215,281363,3566
26,61,281424,3567
90,43,281467,3568
1110,46,281513,3569
197,24,281537,3570
424,184,281721,3571
154,62,281783,3572
775,95,281878,3573
127,428,282306,3574
139,57,282363,3575
166,54,282417,3576
346,170,282587,3577
3833,69,282656,3578
208,76,282732,3579
94,5,282737,3580
256,184,282921,3581
438,219,283140,3582
323,75,283215,3583
2594,18,283233,3584
140,7,283240,3585
809,10,283250,3586
279,24,283274,3587
292,45,283319,3588
520,26,283345,3589
13,89,283434,3590
301,69,283503,3591
573,2,283505,3592
256,65,283570,3593
105,81,283651,3594
139,55,283706,3595
261,238,283944,3596
3931,3,283947,3597
39,66,284013,3598
159,119,284132,3599
235,118,284250,3600
2313,54,284304,3601
9,44,284348,3602
158,23,284371,3603
2090,22,284393,3604
337,20,284413,3605
2674,64,284477,3606
500,65,284542,3607
283,171,284713,3608
256,19,284732,3609
483,213,284945,3610
763,34,284979,3611
2190,312,285291,3612
116,49,285340,3613
127,14,285354,3614
530,70,285424,3615
231,48,285472,3616
709,67,285539,3617
3647,38,285577,3618
1079,192,285769,3619
368,1,285770,3620
578,59,285829,3621
518,25,285854,3622
230,62,285916,3623
1833,29,285945,3624
131,5,285950,3625
33,197,286147,3626
404,135,286282,3627
60,116,286398,3628
3068,11,286409,3629
624,80,286489,3630
35,5,286494,3631
962,7,286501,3632
293,14,286515,3633
817,1,286516,3634
295,179,286695,3635
118,42,286737,3636
18,9,286746,3637
202,46,286792,3638
277,119,286911,3639
2036,13,286924,3640
381,393,287317,3641
1693,19,287336,3642
109,32,287368,3643
344,37,287405,3644
11,69,287474,3645
242,52,287526,3646
400,143,287669,3647
102,44,287713,3648
209,36,287749,3649
313,39,287788,3650
1038,71,287859,3651
208,82,287941,3652
2081,288,288229,3653
1454,103,288332,3654
293,87,288419,3655
3072,217,288636,3656
278,11,288647,3657
329,210,288857,3658
131,62,288919,3659
126,11,288930,3660
2868,25,288955,3661
97,102,289057,3662
21,93,289150,3663
131,3,289153,3664
164,22,289175,3665
256,193,289368,3666
111,106,289474,3667
670,1,289475,3668
2309,117,289592,3669
2426,30,289622,3670
383,39,289661,3671
142,101,289762,3672
1106,17,289779,3673
442,64,289843,3674
107,55,289898,3675
1276,37,289935,3676
293,66,290001,3677
336,17,290018,3678
697,30,290048,3679
604,101,290149,3680
97,135,290284,3681
219,36,290320,3682
172,11,290331,3683
101,33,290364,3684
20,18,290382,3685
112,133,290515,3686
128,56,290571,3687
3148,55,290626,3688
4076,110,290736,3689
387,164,290900,3690
2060,5,290905,3691
121,84,290989,3692
297,29,291018,3693
148,6,291024,3694
178,52,291076,3695
204,61,291137,3696
3682,186,291323,3697
384,9,291332,3698
104,449,291781,3699
318,5,291786,3700
82,198,291984,3701
125,89,292073,3702
1434,88,292161,3703
95,26,292187,3704
3166,7,292194,3705
283,47,292241,3706
248,261,292502,3707
14,160,292662,3708
2068,100,292762,3709
867,28,292790,3710
496,172,292962,3711
2890,106,293068,3712
279,33,293101,3713
420,162,293263,3714
15,89,293352,3715
2884,13,293365,3716
265,80,293445,3717
131,62,293507,3718
287,139,293646,3719
283,34,293680,3720
134,104,293784,3721
13,55,293839,3722
231,63,293902,3723
14,30,293932,3724
473,28,293960,3725
219,49,294009,3726
3675,66,294075,3727
2695,102,294177,3728
1968,77,294254,3729
225,170,294424,3730
371,145,294569,3731
196,38,294607,3732
510,174,294781,3733
231,28,294809,3734
51,29,294838,3735
103,112,294950,3736
1635,29,294979,3737
46,135,295114,3738
214,9,295123,3739
117,59,295182,3740
149,133,295315,3741
3692,110,295425,3742
227,24,295449,3743
1426,103,295552,3744
121,152,295704,3745
256,86,295790,3746
610,5,295795,3747
10,443,296238,3748
461,26,296264,3749
3597,82,296346,3750
114,38,296384,3751
365,456,296840,3752
150,130,296970,3753
10,16,296986,3754
1955,83,297069,3755
43,34,297103,3756
136,118,297221,3757
38,253,297474,3758
120,56,297530,3759
325,99,297629,3760
117,44,297673,3761
154,69,297742,3762
65,98,297840,3763
131,50,297890,3764
40,41,297931,3765
167,84,298015,3766
2610,31,298046,3767
160,70,298116,3768
209,4,298120,3769
502,1,298121,3770
326,38,298159,3771
165,67,298226,3772
162,4,298230,3773
1705,127,298357,3774
71,104,298461,3775
363,32,298493,3776
43,131,298624,3777
120,69,298693,3778
357,104,298797,3779
2709,101,298898,3780
207,125,299023,3781
2609,137,299160,3782
306,91,299251,3783
262,45,299296,3784
1739,123,299419,3785
147,2,299421,3786
757,8,299429,3787
15,43,299472,3788
22,168,299640,3789
3963,79,299719,3790
233,65,299784,3791
331,221,300005,3792
170,6,300011,3793
209,14,300025,3794
272,188,300213,3795
12,57,300270,3796
513,13,300283,3797
193,4,300287,3798
101,79,300366,3799
116,72,300438,3800
320,36,300474,3801
3002,26,300500,3802
261,46,300546,3803
2631,109,300655,3804
691,119,300774,3805
397,8,300782,3806
22,222,301004,3807
33,15,301019,3808
152,52,301071,3809
548,6,301077,3810
349,4,301081,3811
228,165,301246,3812
1276,171,301417,3813
629,29,301446,3814
254,91,301537,3815
410,56,301593,3816
2753,10,301603,3817
289,136,301739,3818
270,179,301918,3819
477,51,301969,3820
871,53,302022,3821
317,97,302119,3822
1166,105,302224,3823
332,18,302242,3824
3562,258,302500,3825
257,160,302660,3826
116,100,302760,3827
164,111,302871,3828
417,24,302895,3829
271,175,303070,3830
181,9,303079,3831
2216,27,303106,3832
164,199,303305,3833
259,102,303407,3834
18,56,303463,3835
407,2,303465,3836
3910,12,303477,3837
357,9,303486,3838
272,16,303502,3839
101,49,303551,3840
240,63,303614,3841
458,97,303711,3842
3949,391,304102,3843
157,59,304161,3844
227,1,304162,3845
241,8,304170,3846
3644,2,304172,3847
516,46,304218,3848
758,61,304279,3849
146,171,304450,3850
136,37,304487,3851
35,85,304572,3852
10,36,304608,3853
353,11,304619,3854
135,33,304652,3855
117,23,304675,3856
195,77,304752,3857
1496,207,304959,3858
3998,43,305002,3859
9,173,305175,3860
82,86,305261,3861
313,104,305365,3862
179,72,305437,3863
157,44,305481,3864
408,92,305573,3865
274,191,305764,3866
20,28,305792,3867
94,10,305802,3868
346,53,305855,3869
20,144,305999,3870
471,4,306003,3871
143,5,306008,3872
110,123,306131,3873
309,39,306170,3874
1325,144,306314,3875
307,41,306355,3876
319,99,306454,3877
382,58,306512,3878
477,5,306517,3879
402,6,306523,3880
284,11,306534,3881
269,17,306551,3882
337,61,306612,3883
324,66,306678,3884
90,37,306715,3885
91,12,306727,3886
3647,34,306761,3887
1115,1,306762,3888
514,37,306799,3889
33,100,306899,3890
63,68,306967,3891
190,7,306974,3892
31,8,306982,3893
137,30,307012,3894
2165,31,307043,3895
124,8,307051,3896
154,134,307185,3897
42,82,307267,3898
462,33,307300,3899
162,83,307383,3900
958,23,307406,3901
319,99,307505,3902
1058,10,307515,3903
2624,96,307611,3904
809,124,307735,3905
430,37,307772,3906
114,52,307824,3907
278,167,307991,3908
948,21,308012,3909
123,71,308083,3910
84,11,308094,3911
147,112,308206,3912
185,44,308250,3913
42,9,308259,3914
135,18,308277,3915
398,22,308299,3916
500,58,308357,3917
21,18,308375,3918
268,23,308398,3919
15,61,308459,3920
3629,1,308460,3921
152,119,308579,3922
264,150,308729,3923
82,43,308772,3924
401,76,308848,3925
83,73,308921,3926
1843,69,308990,3927
17,10,309000,3928
24,12,309012,3929
2319,21,309033,3930
4049,61,309094,3931
294,9,309103,3932
2005,27,309130,3933
213,43,309173,3934
462,58,309231,3935
386,59,309290,3936
128,100,309390,3937
254,39,309429,3938
257,45,309474,3939
115,62,309536,3940
250,151,309687,3941
325,84,309771,3942
146,88,309859,3943
2347,76,309935,3944
14,74,310009,3945
107,66,310075,3946
16,189,310264,3947
60,51,310315,3948
197,54,310369,3949
219,36,310405,3950
389,75,310480,3951
22,26,310506,3952
154,64,310570,3953
14,141,310711,3954
11,74,310785,3955
14,24,310809,3956
141,3,310812,3957
321,109,310921,3958
9,82,311003,3959
134,57,311060,3960
10,4,311064,3961
155,140,311204,3962
357,51,311255,3963
103,56,311311,3964
135,2,311313,3965
3921,63,311376,3966
507,38,311414,3967
50,258,311672,3968
1158,12,311684,3969
165,58,311742,3970
327,127,311869,3971
461,29,311898,3972
168,4,311902,3973
600,45,311947,3974
118,22,311969,3975
3861,191,312160,3976
248,20,312180,3977
256,90,312270,3978
144,155,312425,3979
12,47,312472,3980
330,86,312558,3981
123,49,312607,3982
281,19,312626,3983
107,55,312681,3984
561,124,312805,3985
181,102,312907,3986
3738,14,312921,3987
1918,81,313002,3988
136,28,313030,3989
1787,22,313052,3990
60,87,313139,3991
299,6,313145,3992
2707,147,313292,3993
4090,97,313389,3994
133,76,313465,3995
175,128,313593,3996
463,54,313647,3997
3566,158,313805,3998
229,100,313905,3999
130,12,313917,4000
283,12,313929,4001
3125,17,313946,4002
888,27,313973,4003
557,29,314002,4004
2191,101,314103,4005
15,77,314180,4006
255,34,314214,4007
2412,61,314275,4008
2108,71,314346,4009
1419,110,314456,4010
135,7,314463,4011
3355,66,314529,4012
319,12,314541,4013
125,84,314625,4014
19,18,314643,4015
3198,44,314687,4016
25,210,314897,4017
289,62,314959,4018
242,90,315049,4019
266,460,315509,4020
184,9,315518,4021
259,23,315541,4022
1587,69,315610,4023
233,12,315622,4024
1951,122,315744,4025
14,52,315796,4026
73,42,315838,4027
289,177,316015,4028
3407,39,316054,4029
125,55,316109,4030
2797,4,316113,4031
3358,137,316250,4032
1447,69,316319,4033
201,118,316437,4034
12,1,316438,4035
666,18,316456,4036
133,12,316468,4037
2260,23,316491,4038
293,34,316525,4039
301,97,316622,4040
327,34,316656,4041
168,127,316783,4042
263,19,316802,4043
3509,202,317004,4044
184,46,317050,4045
409,121,317171,4046
84,251,317422,4047
362,14,317436,4048
84,42,317478,4049
127,80,317558,4050
3304,125,317683,4051
123,220,317903,4052
3511,445,318348,4053
501,165,318513,4054
241,19,318532,4055
256,87,318619,4056
283,12,318631,4057
272,187,318818,4058
1083,95,318913,4059
349,42,318955,4060
109,10,318965,4061
1906,21,318986,4062
470,101,319087,4063
10,7,319094,4064
192,49,319143,4065
11,223,319366,4066
121,69,319435,4067
147,13,319448,4068
3552,10,319458,4069
346,81,319539,4070
2165,58,319597,4071
445,12,319609,4072
3963,52,319661,4073
172,19,319680,4074
238,220,319900,4075
208,154,320054,4076
1892,26,320080,4077
193,278,320358,4078
2524,202,320560,4079
13,49,320609,4080
114,30,320639,4081
284,49,320688,4082
15,45,320733,4083
2668,128,320861,4084
185,5,320866,4085
295,21,320887,4086
375,37,320924,4087
22,14,320938,4088
1671,4,320942,4089
123,75,321017,4090
132,7,321024,4091
269,4,321028,4092
43,162,321190,4093
98,7,321197,4094
3880,32,321229,4095
1591,183,321412,4096
216,131,321543,4097
3118,117,321660,4098
616,20,321680,4099
184,2,321682,4100
100,58,321740,4101
2777,107,321847,4102
396,80,321927,4103
411,47,321974,4104
1376,300,322274,4105
165,78,322352,4106
128,191,322543,4107
153,46,322589,4108
12,44,322633,4109
12,144,322777,4110
10,195,322972,4111
361,217,323189,4112
2110,82,323271,4113
150,24,323295,4114
131,114,323409,4115
15,263,323672,4116
30,107,323779,4117
438,30,323809,4118
141,183,323992,4119
1966,107,324099,4120
2261,16,324115,4121
104,200,324315,4122
2892,9,324324,4123
96,138,324462,4124
121,77,324539,4125
24,73,324612,4126
151,13,324625,4127
15,30,324655,4128
169,167,324822,4129
207,24,324846,4130
3613,37,324883,4131
173,135,325018,4132
295,50,325068,4133
345,7,325075,4134
370,88,325163,4135
115,120,325283,4136
153,16,325299,4137
462,41,325340,4138
419,57,325397,4139
3391,35,325432,4140
2057,6,325438,4141
356,10,325448,4142
482,45,325493,4143
1896,101,325594,4144
3825,99,325693,4145
160,111,325804,4146
172,61,325865,4147
13,81,325946,4148
176,154,326100,4149
1458,74,326174,4150
935,16,326190,4151
251,71,326261,4152
229,134,326395,4153
141,134,326529,4154
4053,128,326657,4155
141,25,326682,4156
10,11,326693,4157
108,412,327105,4158
3960,142,327247,4159
164,137,327384,4160
41,35,327419,4161
11,7,327426,4162
228,64,327490,4163
12,30,327520,4164
223,62,327582,4165
301,35,327617,4166
169,270,327887,4167
382,156,328043,4168
116,209,328252,4169
306,5,328257,4170
333,77,328334,4171
14,166,328500,4172
731,95,328595,4173
398,32,328627,4174
218,26,328653,4175
116,21,328674,4176
3124,31,328705,4177
141,5,328710,4178
55,152,328862,4179
412,5,328867,4180
151,75,328942,4181
424,23,328965,4182
248,40,329005,4183
473,107,329112,4184
21,9,329121,4185
141,15,329136,4186
289,28,329164,4187
192,28,329192,4188
2516,12,329204,4189
889,16,329220,4190
9,144,329364,4191
182,78,329442,4192
1957,36,329478,4193
291,131,329609,4194
327,4,329613,4195
146,66,329679,4196
109,65,329744,4197
35,529,330273,4198
67,48,330321,4199
1130,47,330368,4200
351,131,330499,4201
129,103,330602,4202
386,6,330608,4203
654,17,330625,4204
719,32,330657,4205
3855,131,330788,4206
190,78,330866,4207
208,4,330870,4208
173,75,330945,4209
134,167,331112,4210
195,108,331220,4211
176,56,331276,4212
396,70,331346,4213
14,18,331364,4214
359,143,331507,4215
341,146,331653,4216
317,40,331693,4217
484,215,331908,4218
136,155,332063,4219
393,9,332072,4220
196,21,332093,4221
18,35,332128,4222
16,224,332352,4223
2207,70,332422,4224
1383,47,332469,4225
403,2,332471,4226
46,7,332478,4227
358,109,332587,4228
259,35,332622,4229
768,362,332984,4230
460,38,333022,4231
335,38,333060,4232
92,110,333170,4233
210,51,333221,4234
334,31,333252,4235
268,266,333518,4236
3125,4,333522,4237
106,25,333547,4238
533,29,333576,4239
202,13,333589,4240
136,72,333661,4241
3502,41,333702,4242
493,17,333719,4243
140,5,333724,4244
132,109,333833,4245
4068,87,333920,4246
3671,123,334043,4247
152,15,334058,4248
498,14,334072,4249
124,19,334091,4250
401,64,334155,4251
108,132,334287,4252
705,46,334333,4253
2545,7,334340,4254
145,19,334359,4255
2844,86,334445,4256
469,10,334455,4257
169,139,334594,4258
1759,30,334624,4259
9,101,334725,4260
3167,16,334741,4261
2542,8,334749,4262
143,199,334948,4263
13,103,335051,4264
345,21,335072,4265
1002,20,335092,4266
2993,19,335111,4267
117,71,335182,4268
526,85,335267,4269
2422,169,335436,4270
61,42,335478,4271
24,113,335591,4272
335,2,335593,4273
401,74,335667,4274
286,127,335794,4275
336,113,335907,4276
70,209,336116,4277
366,135,336251,4278
3484,9,336260,4279
272,202,336462,4280
343,50,336512,4281
356,116,336628,4282
637,64,336692,4283
210,47,336739,4284
2053,68,336807,4285
761,71,336878,4286
627,62,336940,4287
307,15,336955,4288
3515,54,337009,4289
137,74,337083,4290
794,53,337136,4291
11,19,337155,4292
108,136,337291,4293
222,84,337375,4294
795,120,337495,4295
147,41,337536,4296
15,94,337630,4297
293,26,337656,4298
1876,15,337671,4299
22,153,337824,4300
130,160,337984,4301
188,112,338096,4302
185,65,338161,4303
295,32,338193,4304
537,38,338231,4305
88,10,338241,4306
343,2,338243,4307
1480,219,338462,4308
2287,11,338473,4309
677,153,338626,4310
167,47,338673,4311
1898,77,338750,4312
419,7,338757,4313
1286,9,338766,4314
598,36,338802,4315
151,13,338815,4316
334,90,338905,4317
233,48,338953,4318
195,13,338966,4319
448,119,339085,4320
146,75,339160,4321
29,41,339201,4322
284,18,339219,4323
3455,22,339241,4324
408,73,339314,4325
332,42,339356,4326
2586,146,339502,4327
232,20,339522,4328
1878,136,339658,4329
78,23,339681,4330
389,186,339867,4331
2363,95,339962,4332
168,236,340198,4333
321,12,340210,4334
2459,44,340254,4335
952,200,340454,4336
3953,29,340483,4337
350,68,340551,4338
230,75,340626,4339
472,255,340881,4340
42,37,340918,4341
142,40,340958,4342
170,136,341094,4343
967,38,341132,4344
326,58,341190,4345
470,172,341362,4346
66,4,341366,4347
80,14,341380,4348
109,62,341442,4349
181,33,341475,4350
61,137,341612,4351
2555,34,341646,4352
284,185,341831,4353
108,1,341832,4354
13,114,341946,4355
2930,11,341957,4356
19,24,341981,4357
247,263,342244,4358
2196,47,342291,4359
3466,81,342372,4360
257,68,342440,4361
651,59,342499,4362
48,53,342552,4363
354,2,342554,4364
2612,150,342704,4365
297,96,342800,4366
135,243,343043,4367
334,73,343116,4368
423,24,343140,4369
394,182,343322,4370
1350,87,343409,4371
355,14,343423,4372
274,115,343538,4373
136,31,343569,4374
1124,112,343681,4375
823,90,343771,4376
156,83,343854,4377
14,54,343908,4378
359,28,343936,4379
181,86,344022,4380
215,42,344064,4381
179,46,344110,4382
16,65,344175,4383
223,28,344203,4384
11,185,344388,4385
15,45,344433,4386
241,122,344555,4387
92,106,344661,4388
127,46,344707,4389
2563,9,344716,4390
369,12,344728,4391
317,26,344754,4392
250,35,344789,4393
57,66,344855,4394
34,16,344871,4395
23,131,345002,4396
912,104,345106,4397
178,19,345125,4398
1566,42,345167,4399
261,111,345278,4400
301,12,345290,4401
279,61,345351,4402
9,48,345399,4403
244,41,345440,4404
3826,18,345458,4405
605,39,345497,4406
122,389,345886,4407
69,19,345905,4408
346,12,345917,4409
1129,174,346091,4410
146,68,346159,4411
316,1,346160,4412
300,234,346394,4413
4017,94,346488,4414
345,71,346559,4415
69,36,346595,4416
127,126,346721,4417
2508,248,346969,4418
129,23,346992,4419
837,30,347022,4420
107,2,347024,4421
983,3,347027,4422
162,120,347147,4423
227,76,347223,4424
127,14,347237,4425
109,18,347255,4426
3087,10,347265,4427
360,5,347270,4428
13,18,347288,4429
26,22,347310,4430
535,44,347354,4431
3309,84,347438,4432
150,127,347565,4433
1790,106,347671,4434
2284,16,347687,4435
148,3,347690,4436
121,51,347741,4437
2837,165,347906,4438
2558,23,347929,4439
325,13,347942,4440
119,48,347990,4441
73,133,348123,4442
179,277,348400,4443
288,70,348470,4444
164,314,348784,4445
197,76,348860,4446
653,35,348895,4447
1463,37,348932,4448
379,29,348961,4449
196,100,349061,4450
161,159,349220,4451
258,69,349289,4452
3720,111,349400,4453
408,103,349503,4454
274,11,349514,4455
169,3,349517,4456
140,71,349588,4457
157,31,349619,4458
3673,75,349694,4459
394,275,349969,4460
1698,16,349985,4461
146,100,350085,4462
1035,28,350113,4463
60,152,350265,4464
150,10,350275,4465
1048,12,350287,4466
226,102,350389,4467
172,254,350643,4468
2436,38,350681,4469
4031,145,350826,4470
147,165,350991,4471
314,152,351143,4472
3246,176,351319,4473
353,136,351455,4474
334,39,351494,4475
133,179,351673,4476
3867,3,351676,4477
1867,63,351739,4478
145,282,352021,4479
226,6,352027,4480
366,183,352210,4481
1398,14,352224,4482
135,63,352287,4483
705,73,352360,4484
113,48,352408,4485
27,51,352459,4486
4077,70,352529,4487
21,20,352549,4488
413,13,352562,4489
237,11,352573,4490
2261,91,352664,4491
596,13,352677,4492
10,82,352759,4493
3070,270,353029,4494
118,277,353306,4495
109,31,353337,4496
136,25,353362,4497
279,12,353374,4498
645,8,353382,4499
99,157,353539,4500
209,240,353779,4501
38,8,353787,4502
106,69,353856,4503
72,215,354071,4504
25,34,354105,4505
458,163,354268,4506
462,89,354357,4507
292,110,354467,4508
3149,775,355242,4509
194,201,355443,4510
3105,120,355563,4511
88,185,355748,4512
360,49,355797,4513
163,42,355839,4514
282,412,356251,4515
3557,18,356269,4516
282,88,356357,4517
1135,92,356449,4518
3410,58,356507,4519
3676,95,356602,4520
160,13,356615,4521
345,24,356639,4522
159,79,356718,4523
96,101,356819,4524
308,10,356829,4525
386,28,356857,4526
16,188,357045,4527
152,41,357086,4528
370,37,357123,4529
296,3,357126,4530
663,42,357168,4531
2097,14,357182,4532
3244,56,357238,4533
3766,160,357398,4534
64,75,357473,4535
317,187,357660,4536
276,132,357792,4537
519,3,357795,4538
185,96,357891,4539
1962,108,357999,4540
1346,109,358108,4541
1899,21,358129,4542
121,269,358398,4543
821,16,358414,4544
332,22,358436,4545
358,8,358444,4546
294,26,358470,4547
299,158,358628,4548
604,96,358724,4549
142,52,358776,4550
123,13,358789,4551
157,159,358948,4552
532,28,358976,4553
3978,15,358991,4554
117,109,359100,4555
322,60,359160,4556
328,87,359247,4557
164,51,359298,4558
84,40,359338,4559
397,7,359345,4560
13,55,359400,4561
458,26,359426,4562
275,45,359471,4563
141,35,359506,4564
237,85,359591,4565
2760,44,359635,4566
1213,20,359655,4567
51,6,359661,4568
1766,149,359810,4569
370,65,359875,4570
669,101,359976,4571
110,91,360067,4572
183,54,360121,4573
185,5,360126,4574
131,9,360135,4575
327,1,360136,4576
17,143,360279,4577
2929,250,360529,4578
165,124,360653,4579
105,70,360723,4580
417,79,360802,4581
168,55,360857,4582
291,62,360919,4583
3983,30,360949,4584
346,267,361216,4585
1111,14,361230,4586
208,19,361249,4587
128,121,361370,4588
535,6,361376,4589
95,106,361482,4590
321,62,361544,4591
109,96,361640,4592
162,378,362018,4593
112,8,362026,4594
101,27,362053,4595
256,60,362113,4596
166,3,362116,4597
860,95,362211,4598
3496,55,362266,4599
331,145,362411,4600
199,42,362453,4601
114,14,362467,4602
644,108,362575,4603
334,66,362641,4604
410,296,362937,4605
378,30,362967,4606
342,49,363016,4607
280,140,363156,4608
429,92,363248,4609
120,19,363267,4610
25,60,363327,4611
172,33,363360,4612
726,34,363394,4613
45,10,363404,4614
363,22,363426,4615
11,21,363447,4616
153,18,363465,4617
3408,46,363511,4618
273,4,363515,4619
140,164,363679,4620
861,6,363685,4621
362,23,363708,4622
369,83,363791,4623
309,88,363879,4624
3181,78,363957,4625
2519,5,363962,4626
15,60,364022,4627
115,158,364180,4628
2391,34,364214,4629
521,99,364313,4630
119,226,364539,4631
290,159,364698,4632
284,354,365052,4633
330,117,365169,4634
138,115,365284,4635
13,94,365378,4636
47,71,365449,4637
130,74,365523,4638
150,66,365589,4639
49,25,365614,4640
26,52,365666,4641
402,1,365667,4642
179,3,365670,4643
275,39,365709,4644
3762,161,365870,4645
604,104,365974,4646
817,42,366016,4647
196,60,366076,4648
354,10,366086,4649
489,209,366295,4650
2847,67,366362,4651
3658,184,366546,4652
535,181,366727,4653
731,32,366759,4654
3881,6,366765,4655
130,218,366983,4656
369,30,367013,4657
207,46,367059,4658
396,18,367077,4659
35,71,367148,4660
111,134,367282,4661
120,43,367325,4662
3423,136,367461,4663
16,92,367553,4664
99,25,367578,4665
969,24,367602,4666
2697,173,367775,4667
299,49,367824,4668
404,19,367843,4669
497,46,367889,4670
163,130,368019,4671
138,46,368065,4672
562,300,368365,4673
190,55,368420,4674
960,25,368445,4675
2676,175,368620,4676
1589,52,368672,4677
263,15,368687,4678
1081,136,368823,4679
12,2,368825,4680
108,61,368886,4681
22,87,368973,4682
3091,32,369005,4683
168,81,369086,4684
58,85,369171,4685
2184,20,369191,4686
134,23,369214,4687
3063,86,369300,4688
231,218,369518,4689
13,56,369574,4690
300,15,369589,4691
66,18,369607,4692
316,29,369636,4693
171,15,369651,4694
430,7,369658,4695
453,2,369660,4696
3362,130,369790,4697
192,25,369815,4698
229,71,369886,4699
159,94,369980,4700
407,524,370504,4701
328,40,370544,4702
119,39,370583,4703
321,102,370685,4704
182,71,370756,4705
207,13,370769,4706
17,147,370916,4707
92,51,370967,4708
242,51,371018,4709
3628,7,371025,4710
15,121,371146,4711
1170,151,371297,4712
135,19,371316,4713
2198,30,371346,4714
114,107,371453,4715
1084,154,371607,4716
3346,39,371646,4717
14,34,371680,4718
113,133,371813,4719
455,53,371866,4720
341,108,371974,4721
272,30,372004,4722
306,112,372116,4723
658,27,372143,4724
3356,66,372209,4725
181,30,372239,4726
78,37,372276,4727
244,227,372503,4728
289,171,372674,4729
197,298,372972,4730
587,32,373004,4731
1283,5,373009,4732
355,29,373038,4733
277,8,373046,4734
1175,87,373133,4735
167,11,373144,4736
299,50,373194,4737
506,4,373198,4738
180,21,373219,4739
327,3,373222,4740
24,3,373225,4741
128,31,373256,4742
218,76,373332,4743
43,52,373384,4744
482,51,373435,4745
693,33,373468,4746
3880,3,373471,4747
290,104,373575,4748
172,15,373590,4749
2749,34,373624,4750
149,207,373831,4751
159,62,373893,4752
132,7,373900,4753
1199,59,373959,4754
352,14,373973,4755
13,72,374045,4756
59,135,374180,4757
360,122,374302,4758
138,19,374321,4759
361,172,374493,4760
437,30,374523,4761
298,163,374686,4762
231,7,374693,4763
14,151,374844,4764
189,9,374853,4765
262,2,374855,4766
343,43,374898,4767
769,63,374961,4768
2768,37,374998,4769
103,56,375054,4770
2501,69,375123,4771
80,60,375183,4772
364,34,375217,4773
466,114,375331,4774
715,3,375334,4775
286,3,375337,4776
13,235,375572,4777
25,166,375738,4778
112,53,375791,4779
3011,86,375877,4780
14,5,375882,4781
13,19,375901,4782
308,18,375919,4783
118,17,375936,4784
2728,94,376030,4785
164,99,376129,4786
177,63,376192,4787
2859,117,376309,4788
2306,97,376406,4789
2231,55,376461,4790
10,5,376466,4791
38,143,376609,4792
53,64,376673,4793
16,41,376714,4794
164,153,376867,4795
259,25,376892,4796
273,16,376908,4797
114,12,376920,4798
304,14,376934,4799
3080,177,377111,4800
122,4,377115,4801
145,12,377127,4802
123,11,377138,4803
49,131,377269,4804
3717,13,377282,4805
2958,302,377584,4806
26,58,377642,4807
2816,43,377685,4808
168,72,377757,4809
732,15,377772,4810
41,169,377941,4811
125,40,377981,4812
459,373,378354,4813
27,233,378587,4814
336,182,378769,4815
115,15,378784,4816
208,28,378812,4817
212,93,378905,4818
2847,13,378918,4819
284,375,379293,4820
2163,98,379391,4821
27,3,379394,4822
1629,3,379397,4823
819,20,379417,4824
188,158,379575,4825
83,26,379601,4826
390,234,379835,4827
3104,131,379966,4828
380,12,379978,4829
587,109,380087,4830
124,129,380216,4831
16,15,380231,4832
130,64,380295,4833
3681,38,380333,4834
101,19,380352,4835
3206,95,380447,4836
30,4,380451,4837
3449,127,380578,4838
173,20,380598,4839
383,20,380618,4840
2243,138,380756,4841
195,38,380794,4842
1205,89,380883,4843
367,293,381176,4844
71,24,381200,4845
11,70,381270,4846
70,57,381327,4847
1667,35,381362,4848
551,218,381580,4849
193,174,381754,4850
3831,227,381981,4851
479,4,381985,4852
57,28,382013,4853
2434,43,382056,4854
1356,44,382100,4855
369,31,382131,4856
150,62,382193,4857
180,34,382227,4858
3046,7,382234,4859
69,78,382312,4860
57,25,382337,4861
83,519,382856,4862
10,159,383015,4863
292,25,383040,4864
578,105,383145,4865
170,70,383215,4866
351,81,383296,4867
313,114,383410,4868
448,49,383459,4869
624,120,383579,4870
2423,11,383590,4871
3450,228,383818,4872
186,3,383821,4873
165,124,383945,4874
14,1,383946,4875
122,32,383978,4876
1923,98,384076,4877
756,52,384128,4878
408,11,384139,4879
1419,42,384181,4880
300,129,384310,4881
3036,261,384571,4882
383,4,384575,4883
76,11,384586,4884
558,102,384688,4885
126,23,384711,4886
120,8,384719,4887
129,58,384777,4888
2724,16,384793,4889
2417,20,384813,4890
126,42,384855,4891
119,21,384876,4892
528,33,384909,4893
278,2,384911,4894
4053,264,385175,4895
38,1,385176,4896
320,195,385371,4897
48,136,385507,4898
3617,39,385546,4899
166,181,385727,4900
522,9,385736,4901
420,156,385892,4902
408,81,385973,4903
107,61,386034,4904
392,61,386095,4905
125,91,386186,4906
3232,155,386341,4907
15,28,386369,4908
328,17,386386,4909
3876,17,386403,4910
453,49,386452,4911
1051,4,386456,4912
456,11,386467,4913
159,63,386530,4914
31,48,386578,4915
140,26,386604,4916
3187,72,386676,4917
429,150,386826,4918
226,209,387035,4919
243,51,387086,4920
1423,269,387355,4921
116,82,387437,4922
2650,65,387502,4923
2340,24,387526,4924
308,1,387527,4925
84,41,387568,4926
280,36,387604,4927
2087,8,387612,4928
2920,58,387670,4929
3600,71,387741,4930
312,195,387936,4931
111,20,387956,4932
419,7,387963,4933
339,160,388123,4934
14,7,388130,4935
395,4,388134,4936
3166,272,388406,4937
301,7,388413,4938
300,103,388516,4939
345,10,388526,4940
221,71,388597,4941
383,135,388732,4942
915,80,388812,4943
295,100,388912,4944
29,62,388974,4945
180,52,389026,4946
3761,27,389053,4947
166,5,389058,4948
263,183,389241,4949
159,100,389341,4950
502,84,389425,4951
136,137,389562,4952
261,26,389588,4953
136,43,389631,4954
1174,166,389797,4955
1147,125,389922,4956
2365,10,389932,4957
218,24,389956,4958
447,1,389957,4959
1233,95,390052,4960
121,214,390266,4961
301,101,390367,4962
123,104,390471,4963
356,19,390490,4964
233,64,390554,4965
137,40,390594,4966
145,63,390657,4967
742,209,390866,4968
262,34,390900,4969
137,104,391004,4970
148,23,391027,4971
1925,16,391043,4972
72,103,391146,4973
10,20,391166,4974
682,11,391177,4975
9,77,391254,4976
67,66,391320,4977
154,39,391359,4978
353,109,391468,4979
559,11,391479,4980
149,65,391544,4981
359,28,391572,4982
31,82,391654,4983
327,170,391824,4984
27,91,391915,4985
256,32,391947,4986
1739,4,391951,4987
2460,20,391971,4988
30,98,392069,4989
529,28,392097,4990
276,96,392193,4991
550,1,392194,4992
368,112,392306,4993
467,237,392543,4994
324,49,392592,4995
27,67,392659,4996
185,192,392851,4997
123,13,392864,4998
121,28,392892,4999
198,52,392944,5000
161,89,393033,5001
150,42,393075,5002
3617,132,393207,5003
2953,31,393238,5004
2360,29,393267,5005
1800,5,393272,5006
111,271,393543,5007
257,5,393548,5008
50,20,393568,5009
178,60,393628,5010
733,102,393730,5011
392,102,393832,5012
53,169,394001,5013
1220,91,394092,5014
2012,79,394171,5015
347,47,394218,5016
3562,81,394299,5017
120,8,394307,5018
1573,3,394310,5019
1051,21,394331,5020
29,95,394426,5021
237,87,394513,5022
315,20,394533,5023
513,9,394542,5024
210,134,394676,5025
14,147,394823,5026
167,100,394923,5027
241,26,394949,5028
613,288,395237,5029
11,435,395672,5030
128,7,395679,5031
15,65,395744,5032
2249,29,395773,5033
1537,30,395803,5034
258,5,395808,5035
191,77,395885,5036
634,35,395920,5037
117,1,395921,5038
255,73,395994,5039
171,177,396171,5040
221,145,396316,5041
156,99,396415,5042
187,110,396525,5043
3393,202,396727,5044
386,10,396737,5045
153,32,396769,5046
177,79,396848,5047
1991,1,396849,5048
147,84,396933,5049
208,54,396987,5050
16,92,397079,5051
186,34,397113,5052
2696,194,397307,5053
150,6,397313,5054
333,10,397323,5055
369,98,397421,5056
407,66,397487,5057
406,34,397521,5058
398,161,397682,5059
119,117,397799,5060
170,196,397995,5061
270,100,398095,5062
596,80,398175,5063
367,1,398176,5064
335,80,398256,5065
565,49,398305,5066
2730,40,398345,5067
4013,4,398349,5068
182,37,398386,5069
12,20,398406,5070
296,70,398476,5071
1940,9,398485,5072
128,68,398553,5073
46,20,398573,5074
124,125,398698,5075
275,3,398701,5076
173,119,398820,5077
1799,149,398969,5078
686,313,399282,5079
137,62,399344,5080
2879,17,399361,5081
3229,125,399486,5082
163,227,399713,5083
2252,91,399804,5084
693,19,399823,5085
14,86,399909,5086
113,14,399923,5087
104,77,400000,5088
2121,134,400134,5089
260,14,400148,5090
2910,27,400175,5091
1025,100,400275,5092
137,46,400321,5093
741,17,400338,5094
163,139,400477,5095
148,220,400697,5096
453,39,400736,5097
214,41,400777,5098
184,100,400877,5099
292,26,400903,5100
760,41,400944,5101
361,62,401006,5102
405,105,401111,5103
140,212,401323,5104
3293,136,401459,5105
15,111,401570,5106
435,166,401736,5107
1174,87,401823,5108
220,71,401894,5109
917,94,401988,5110
457,203,402191,5111
294,12,402203,5112
722,81,402284,5113
718,42,402326,5114
502,207,402533,5115
431,82,402615,5116
553,59,402674,5117
664,194,402868,5118
291,142,403010,5119
606,24,403034,5120
50,58,403092,5121
41,84,403176,5122
191,5,403181,5123
329,22,403203,5124
206,256,403459,5125
430,68,403527,5126
364,57,403584,5127
200,92,403676,5128
119,25,403701,5129
211,15,403716,5130
481,37,403753,5131
10,23,403776,5132
2093,23,403799,5133
3650,78,403877,5134
140,29,403906,5135
157,68,403974,5136
2299,31,404005,5137
2057,75,404080,5138
426,71,404151,5139
129,16,404167,5140
2289,184,404351,5141
156,31,404382,5142
237,26,404408,5143
225,108,404516,5144
268,9,404525,5145
104,6,404531,5146
12,190,404721,5147
457,62,404783,5148
1473,6,404789,5149
136,115,404904,5150
11,5,404909,5151
10,11,404920,5152
459,127,405047,5153
118,29,405076,5154
971,86,405162,5155
51,38,405200,5156
118,62,405262,5157
187,13,405275,5158
139,12,405287,5159
160,43,405330,5160
632,31,405361,5161
360,103,405464,5162
121,21,405485,5163
1790,16,405501,5164
63,58,405559,5165
66,27,405586,5166
398,61,405647,5167
74,13,405660,5168
205,34,405694,5169
382,91,405785,5170
304,72,405857,5171
619,55,405912,5172
319,132,406044,5173
170,136,406180,5174
53,1,406181,5175
868,17,406198,5176
350,203,406401,5177
89,109,406510,5178
578,72,406582,5179
401,2,406584,5180
1561,329,406913,5181
93,268,407181,5182
271,65,407246,5183
189,132,407378,5184
374,13,407391,5185
126,80,407471,5186
166,22,407493,5187
833,3,407496,5188
123,106,407602,5189
15,202,407804,5190
186,196,408000,5191
66,41,408041,5192
3648,32,408073,5193
3217,36,408109,5194
623,124,408233,5195
548,50,408283,5196
269,517,408800,5197
3011,142,408942,5198
516,1,408943,5199
123,43,408986,5200
114,70,409056,5201
120,173,409229,5202
319,28,409257,5203
2204,49,409306,5204
11,101,409407,5205
2190,165,409572,5206
154,15,409587,5207
184,168,409755,5208
783,98,409853,5209
109,75,409928,5210
3579,10,409938,5211
831,68,410006,5212
15,4,410010,5213
161,37,410047,5214
181,136,410183,5215
171,121,410304,5216
1481,48,410352,5217
161,69,410421,5218
105,255,410676,5219
154,88,410764,5220
177,366,411130,5221
669,55,411185,5222
132,25,411210,5223
2126,20,411230,5224
345,16,411246,5225
114,183,411429,5226
165,16,411445,5227
111,181,411626,5228
296,77,411703,5229
116,23,411726,5230
491,5,411731,5231
122,184,411915,5232
427,31,411946,5233
281,143,412089,5234
187,19,412108,5235
398,209,412317,5236
334,54,412371,5237
152,86,412457,5238
127,290,412747,5239
117,98,412845,5240
201,89,412934,5241
4009,5,412939,5242
436,68,413007,5243
335,60,413067,5244
293,115,413182,5245
307,87,413269,5246
1024,239,413508,5247
254,53,413561,5248
3009,44,413605,5249
604,34,413639,5250
25,22,413661,5251
3280,41,413702,5252
336,112,413814,5253
314,148,413962,5254
130,332,414294,5255
172,15,414309,5256
139,20,414329,5257
615,4,414333,5258
36,124,414457,5259
277,17,414474,5260
1131,118,414592,5261
381,48,414640,5262
3524,325,414965,5263
1438,14,414979,5264
23,71,415050,5265
205,24,415074,5266
282,13,415087,5267
288,222,415309,5268
3733,36,415345,5269
433,161,415506,5270
145,130,415636,5271
325,75,415711,5272
188,27,415738,5273
260,33,415771,5274
308,63,415834,5275
131,3,415837,5276
485,66,415903,5277
308,78,415981,5278
49,26,416007,5279
2297,5,416012,5280
104,4,416016,5281
282,213,416229,5282
20,208,416437,5283
189,22,416459,5284
99,27,416486,5285
999,135,416621,5286
773,79,416700,5287
349,19,416719,5288
124,19,416738,5289
392,71,416809,5290
346,103,416912,5291
200,17,416929,5292
170,167,417096,5293
82,25,417121,5294
134,106,417227,5295
1965,16,417243,5296
293,99,417342,5297
953,75,417417,5298
197,88,417505,5299
306,4,417509,5300
584,49,417558,5301
191,2,417560,5302
1113,44,417604,5303
23,107,417711,5304
483,101,417812,5305
419,143,417955,5306
3811,7,417962,5307
179,143,418105,5308
742,132,418237,5309
120,217,418454,5310
371,43,418497,5311
100,39,418536,5312
371,128,418664,5313
140,14,418678,5314
499,54,418732,5315
291,51,418783,5316
450,422,419205,5317
423,95,419300,5318
20,117,419417,5319
2591,64,419481,5320
274,40,419521,5321
299,29,419550,5322
244,6,419556,5323
3925,154,419710,5324
177,132,419842,5325
23,64,419906,5326
1897,15,419921,5327
348,305,420226,5328
497,35,420261,5329
726,134,420395,5330
471,105,420500,5331
127,49,420549,5332
339,3,420552,5333
542,9,420561,5334
3548,6,420567,5335
124,17,420584,5336
3406,119,420703,5337
2472,141,420844,5338
3912,34,420878,5339
50,58,420936,5340
146,66,421002,5341
80,90,421092,5342
200,12,421104,5343
258,19,421123,5344
335,11,421134,5345
81,66,421200,5346
13,24,421224,5347
84,93,421317,5348
170,129,421446,5349
11,35,421481,5350
101,194,421675,5351
653,61,421736,5352
22,97,421833,5353
152,71,421904,5354
1072,134,422038,5355
97,77,422115,5356
324,33,422148,5357
2002,164,422312,5358
151,66,422378,5359
147,84,422462,5360
3860,34,422496,5361
158,135,422631,5362
1103,115,422746,5363
63,182,422928,5364
626,23,422951,5365
133,59,423010,5366
46,45,423055,5367
94,15,423070,5368
408,22,423092,5369
257,81,423173,5370
299,96,423269,5371
1074,71,423340,5372
118,103,423443,5373
115,97,423540,5374
131,14,423554,5375
313,13,423567,5376
16,71,423638,5377
120,240,423878,5378
384,4,423882,5379
376,109,423991,5380
1814,34,424025,5381
442,33,424058,5382
322,170,424228,5383
12,77,424305,5384
360,75,424380,5385
120,58,424438,5386
984,22,424460,5387
1799,23,424483,5388
194,143,424626,5389
2015,5,424631,5390
155,111,424742,5391
347,75,424817,5392
2203,38,424855,5393
3405,42,424897,5394
10,77,424974,5395
598,140,425114,5396
1620,36,425150,5397
140,77,425227,5398
123,82,425309,5399
2088,123,425432,5400
292,89,425521,5401
218,39,425560,5402
3120,18,425578,5403
140,15,425593,5404
137,148,425741,5405
193,41,425782,5406
331,44,425826,5407
62,307,426133,5408
546,54,426187,5409
153,67,426254,5410
355,1,426255,5411
350,33,426288,5412
2725,27,426315,5413
92,19,426334,5414
13,8,426342,5415
295,70,426412,5416
307,20,426432,5417
3352,61,426493,5418
265,48,426541,5419
645,90,426631,5420
152,43,426674,5421
241,5,426679,5422
474,148,426827,5423
291,28,426855,5424
124,105,426960,5425
458,3,426963,5426
444,25,426988,5427
717,104,427092,5428
413,63,427155,5429
13,43,427198,5430
16,79,427277,5431
316,49,427326,5432
407,90,427416,5433
208,51,427467,5434
244,2,427469,5435
169,72,427541,5436
1068,7,427548,5437
63,18,427566,5438
164,57,427623,5439
234,14,427637,5440
2673,13,427650,5441
324,78,427728,5442
12,11,427739,5443
135,32,427771,5444
357,12,427783,5445
173,49,427832,5446
328,78,427910,5447
622,81,427991,5448
145,104,428095,5449
307,68,428163,5450
602,20,428183,5451
2488,6,428189,5452
431,3,428192,5453
344,60,428252,5454
691,58,428310,5455
177,4,428314,5456
115,266,428580,5457
3876,222,428802,5458
285,75,428877,5459
162,23,428900,5460
532,53,428953,5461
113,14,428967,5462
164,26,428993,5463
364,310,429303,5464
233,156,429459,5465
126,102,429561,5466
3221,182,429743,5467
105,50,429793,5468
3630,1,429794,5469
502,69,429863,5470
1614,34,429897,5471
155,220,430117,5472
185,18,430135,5473
134,35,430170,5474
249,83,430253,5475
11,24,430277,5476
169,30,430307,5477
107,48,430355,5478
182,49,430404,5479
34,40,430444,5480
267,35,430479,5481
235,120,430599,5482
160,51,430650,5483
181,114,430764,5484
3937,10,430774,5485
292,85,430859,5486
157,23,430882,5487
3218,38,430920,5488
14,23,430943,5489
157,68,431011,5490
428,66,431077,5491
317,8,431085,5492
2593,155,431240,5493
134,44,431284,5494
227,16,431300,5495
1893,45,431345,5496
2405,76,431421,5497
312,60,431481,5498
706,20,431501,5499
189,71,431572,5500
324,56,431628,5501
77,70,431698,5502
112,35,431733,5503
564,51,431784,5504
541,38,431822,5505
247,22,431844,5506
608,84,431928,5507
161,2,431930,5508
144,170,432100,5509
1961,297,432397,5510
3317,2,432399,5511
567,21,432420,5512
1209,129,432549,5513
418,12,432561,5514
323,80,432641,5515
79,232,432873,5516
978,12,432885,5517
561,104,432989,5518
4027,36,433025,5519
401,16,433041,5520
122,75,433116,5521
741,242,433358,5522
2324,46,433404,5523
136,44,433448,5524
740,310,433758,5525
258,201,433959,5526
357,60,434019,5527
349,112,434131,5528
299,183,434314,5529
385,146,434460,5530
1920,18,434478,5531
421,17,434495,5532
162,373,434868,5533
576,47,434915,5534
312,16,434931,5535
426,205,435136,5536
474,40,435176,5537
664,160,435336,5538
622,137,435473,5539
150,26,435499,5540
319,143,435642,5541
281,28,435670,5542
780,2,435672,5543
321,196,435868,5544
336,116,435984,5545
828,22,436006,5546
365,124,436130,5547
2113,216,436346,5548
493,378,436724,5549
2589,36,436760,5550
1587,63,436823,5551
992,50,436873,5552
617,7,436880,5553
429,203,437083,5554
1189,230,437313,5555
176,190,437503,5556
2743,264,437767,5557
3284,61,437828,5558
487,73,437901,5559
2796,39,437940,5560
325,91,438031,5561
3415,30,438061,5562
85,85,438146,5563
260,48,438194,5564
722,40,438234,5565
178,110,438344,5566
341,68,438412,5567
567,64,438476,5568
3665,148,438624,5569
279,116,438740,5570
101,40,438780,5571
653,28,438808,5572
900,33,438841,5573
260,128,438969,5574
315,375,439344,5575
1903,46,439390,5576
152,104,439494,5577
17,44,439538,5578
138,69,439607,5579
23,86,439693,5580
121,127,439820,5581
2661,139,439959,5582
357,79,440038,5583
124,200,440238,5584
119,134,440372,5585
74,4,440376,5586
383,71,440447,5587
1731,29,440476,5588
3349,32,440508,5589
2859,54,440562,5590
145,282,440844,5591
302,101,440945,5592
369,53,440998,5593
154,11,441009,5594
156,17,441026,5595
161,54,441080,5596
178,1,441081,5597
3673,9,441090,5598
210,43,441133,5599
358,38,441171,5600
89,171,441342,5601
167,77,441419,5602
2070,29,441448,5603
92,78,441526,5604
123,58,441584,5605
143,5,441589,5606
24,141,441730,5607
1115,100,441830,5608
334,78,441908,5609
1306,151,442059,5610
232,99,442158,5611
284,77,442235,5612
2808,7,442242,5613
316,186,442428,5614
12,27,442455,5615
358,251,442706,5616
104,5,442711,5617
920,57,442768,5618
1308,5,442773,5619
51,178,442951,5620
493,74,443025,5621
2244,259,443284,5622
144,67,443351,5623
229,26,443377,5624
13,17,443394,5625
181,21,443415,5626
3553,222,443637,5627
528,71,443708,5628
16,44,443752,5629
123,2,443754,5630
154,165,443919,5631
501,86,444005,5632
136,114,444119,5633
1343,13,444132,5634
30,96,444228,5635
557,56,444284,5636
430,141,444425,5637
2587,7,444432,5638
4048,34,444466,5639
183,34,444500,5640
151,64,444564,5641
382,75,444639,5642
112,36,444675,5643
281,23,444698,5644
149,50,444748,5645
152,102,444850,5646
215,57,444907,5647
35,213,445120,5648
709,34,445154,5649
65,22,445176,5650
245,171,445347,5651
112,59,445406,5652
481,23,445429,5653
258,42,445471,5654
338,27,445498,5655
522,7,445505,5656
20,122,445627,5657
125,10,445637,5658
3858,56,445693,5659
547,11,445704,5660
14,13,445717,5661
174,54,445771,5662
2965,209,445980,5663
26,54,446034,5664
127,11,446045,5665
663,208,446253,5666
1891,347,446600,5667
347,30,446630,5668
143,8,446638,5669
310,39,446677,5670
191,80,446757,5671
30,111,446868,5672
180,88,446956,5673
488,11,446967,5674
117,46,447013,5675
227,73,447086,5676
875,91,447177,5677
346,67,447244,5678
938,2,447246,5679
154,28,447274,5680
248,24,447298,5681
177,13,447311,5682
104,77,447388,5683
80,77,447465,5684
13,11,447476,5685
158,48,447524,5686
82,57,447581,5687
635,253,447834,5688
205,4,447838,5689
123,7,447845,5690
3003,172,448017,5691
526,105,448122,5692
21,166,448288,5693
140,234,448522,5694
746,26,448548,5695
144,113,448661,5696
93,10,448671,5697
77,58,448729,5698
466,183,448912,5699
140,34,448946,5700
143,44,448990,5701
27,90,449080,5702
1607,232,449312,5703
313,190,449502,5704
315,9,449511,5705
272,15,449526,5706
421,46,449572,5707
3823,19,449591,5708
327,65,449656,5709
275,76,449732,5710
157,41,449773,5711
357,175,449948,5712
2679,182,450130,5713
152,21,450151,5714
349,50,450201,5715
10,208,450409,5716
173,90,450499,5717
505,38,450537,5718
66,60,450597,5719
244,34,450631,5720
43,497,451128,5721
194,1,451129,5722
354,3,451132,5723
2977,144,451276,5724
138,21,451297,5725
137,8,451305,5726
388,30,451335,5727
348,12,451347,5728
251,42,451389,5729
292,89,451478,5730
123,223,451701,5731
205,205,451906,5732
138,70,451976,5733
131,302,452278,5734
286,21,452299,5735
750,183,452482,5736
120,71,452553,5737
146,10,452563,5738
113,37,452600,5739
496,171,452771,5740
338,104,452875,5741
635,23,452898,5742
51,10,452908,5743
198,13,452921,5744
149,22,452943,5745
316,348,453291,5746
126,2,453293,5747
41,205,453498,5748
14,8,453506,5749
81,208,453714,5750
15,86,453800,5751
511,95,453895,5752
190,71,453966,5753
4047,29,453995,5754
200,21,454016,5755
116,160,454176,5756
128,147,454323,5757
143,48,454371,5758
88,67,454438,5759
15,115,454553,5760
126,100,454653,5761
169,36,454689,5762
371,54,454743,5763
97,12,454755,5764
498,47,454802,5765
98,44,454846,5766
1799,33,454879,5767
212,54,454933,5768
269,10,454943,5769
1424,49,454992,5770
502,2,454994,5771
257,192,455186,5772
131,40,455226,5773
1334,179,455405,5774
566,233,455638,5775
235,15,455653,5776
307,62,455715,5777
159,1,455716,5778
83,120,455836,5779
136,143,455979,5780
148,171,456150,5781
502,43,456193,5782
573,36,456229,5783
373,14,456243,5784
18,326,456569,5785
89,29,456598,5786
858,187,456785,5787
129,8,456793,5788
4065,33,456826,5789
87,4,456830,5790
196,151,456981,5791
135,121,457102,5792
125,5,457107,5793
620,126,457233,5794
10,52,457285,5795
123,19,457304,5796
313,47,457351,5797
13,11,457362,5798
236,65,457427,5799
126,47,457474,5800
49,9,457483,5801
418,154,457637,5802
327,33,457670,5803
3479,13,457683,5804
133,48,457731,5805
242,38,457769,5806
324,64,457833,5807
87,22,457855,5808
120,13,457868,5809
149,210,458078,5810
172,131,458209,5811
361,105,458314,5812
136,4,458318,5813
556,10,458328,5814
262,9,458337,5815
2055,47,458384,5816
362,45,458429,5817
243,124,458553,5818
171,52,458605,5819
19,225,458830,5820
306,15,458845,5821
1150,9,458854,5822
155,37,458891,5823
13,54,458945,5824
2470,13,458958,5825
388,74,459032,5826
365,57,459089,5827
3506,116,459205,5828
141,2,459207,5829
274,53,459260,5830
12,3,459263,5831
206,5,459268,5832
24,22,459290,5833
149,156,459446,5834
210,26,459472,5835
282,42,459514,5836
257,157,459671,5837
726,29,459700,5838
207,43,459743,5839
1062,20,459763,5840
605,173,459936,5841
265,343,460279,5842
163,71,460350,5843
1293,13,460363,5844
350,90,460453,5845
97,20,460473,5846
148,91,460564,5847
228,20,460584,5848
1419,209,460793,5849
42,67,460860,5850
9,85,460945,5851
2291,73,461018,5852
124,134,461152,5853
34,10,461162,5854
228,105,461267,5855
198,6,461273,5856
147,3,461276,5857
107,62,461338,5858
169,119,461457,5859
135,45,461502,5860
82,18,461520,5861
107,21,461541,5862
1215,76,461617,5863
2914,8,461625,5864
331,155,461780,5865
2544,41,461821,5866
589,87,461908,5867
175,225,462133,5868
134,253,462386,5869
271,94,462480,5870
253,61,462541,5871
344,49,462590,5872
4014,30,462620,5873
366,94,462714,5874
322,143,462857,5875
166,6,462863,5876
115,56,462919,5877
2944,37,462956,5878
1359,149,463105,5879
249,2,463107,5880
112,107,463214,5881
582,77,463291,5882
17,7,463298,5883
306,79,463377,5884
293,39,463416,5885
905,102,463518,5886
41,91,463609,5887
396,89,463698,5888
776,83,463781,5889
214,282,464063,5890
450,14,464077,5891
111,108,464185,5892
197,18,464203,5893
392,125,464328,5894
36,53,464381,5895
206,15,464396,5896
260,35,464431,5897
184,41,464472,5898
444,9,464481,5899
415,20,464501,5900
391,21,464522,5901
1141,147,464669,5902
105,106,464775,5903
1891,4,464779,5904
485,298,465077,5905
414,18,465095,5906
845,45,465140,5907
24,24,465164,5908
120,1,465165,5909
294,56,465221,5910
676,117,465338,5911
225,46,465384,5912
340,56,465440,5913
3472,94,465534,5914
520,26,465560,5915
11,72,465632,5916
28,154,465786,5917
9,295,466081,5918
217,108,466189,5919
365,93,466282,5920
203,60,466342,5921
349,60,466402,5922
473,83,466485,5923
440,106,466591,5924
24,60,466651,5925
150,155,466806,5926
278,119,466925,5927
123,139,467064,5928
164,36,467100,5929
222,247,467347,5930
4005,83,467430,5931
21,133,467563,5932
191,82,467645,5933
320,14,467659,5934
3240,11,467670,5935
139,90,467760,5936
123,5,467765,5937
272,24,467789,5938
415,34,467823,5939
138,10,467833,5940
297,153,467986,5941
11,122,468108,5942
285,119,468227,5943
136,21,468248,5944
324,5,468253,5945
53,179,468432,5946
141,201,468633,5947
626,4,468637,5948
349,35,468672,5949
132,1,468673,5950
2565,55,468728,5951
242,277,469005,5952
10,1,469006,5953
4036,13,469019,5954
3703,26,469045,5955
99,24,469069,5956
302,78,469147,5957
143,20,469167,5958
54,19,469186,5959
276,147,469333,5960
1433,21,469354,5961
210,48,469402,5962
297,4,469406,5963
207,6,469412,5964
2750,7,469419,5965
465,176,469595,5966
125,46,469641,5967
157,37,469678,5968
137,43,469721,5969
31,2,469723,5970
717,81,469804,5971
909,51,469855,5972
3519,145,470000,5973
113,91,470091,5974
709,163,470254,5975
3683,183,470437,5976
2992,94,470531,5977
139,97,470628,5978
329,2,470630,5979
11,5,470635,5980
569,258,470893,5981
135,91,470984,5982
141,55,471039,5983
693,362,471401,5984
479,42,471443,5985
61,59,471502,5986
164,49,471551,5987
123,74,471625,5988
359,64,471689,5989
260,79,471768,5990
511,7,471775,5991
131,47,471822,5992
169,39,471861,5993
173,118,471979,5994
133,9,471988,5995
522,47,472035,5996
504,38,472073,5997
124,122,472195,5998
3441,34,472229,5999
1541,102,472331,6000
757,50,472381,6001
74,192,472573,6002
1541,6,472579,6003
424,20,472599,6004
286,7,472606,6005
315,60,472666,6006
8,33,472699,6007
423,10,472709,6008
300,62,472771,6009
2732,52,472823,6010
255,74,472897,6011
265,93,472990,6012
307,84,473074,6013
138,4,473078,6014
228,55,473133,6015
926,37,473170,6016
27,12,473182,6017
137,179,473361,6018
1677,283,473644,6019
103,3,473647,6020
147,113,473760,6021
13,10,473770,6022
3891,95,473865,6023
167,64,473929,6024
2892,19,473948,6025
401,32,473980,6026
185,27,474007,6027
164,25,474032,6028
223,76,474108,6029
362,59,474167,6030
306,51,474218,6031
2777,45,474263,6032
51,299,474562,6033
1619,188,474750,6034
171,46,474796,6035
417,4,474800,6036
3133,93,474893,6037
459,10,474903,6038
992,175,475078,6039
155,338,475416,6040
3009,183,475599,6041
369,48,475647,6042
321,11,475658,6043
159,3,475661,6044
14,25,475686,6045
146,25,475711,6046
336,172,475883,6047
114,155,476038,6048
1107,26,476064,6049
116,41,476105,6050
731,182,476287,6051
248,162,476449,6052
79,141,476590,6053
160,16,476606,6054
25,125,476731,6055
428,124,476855,6056
167,24,476879,6057
114,229,477108,6058
415,65,477173,6059
289,118,477291,6060
389,100,477391,6061
1139,24,477415,6062
493,30,477445,6063
202,13,477458,6064
1105,199,477657,6065
1604,165,477822,6066
182,52,477874,6067
254,149,478023,6068
190,25,478048,6069
123,255,478303,6070
1870,22,478325,6071
2238,102,478427,6072
134,4,478431,6073
125,3,478434,6074
176,43,478477,6075
12,403,478880,6076
315,46,478926,6077
178,267,479193,6078
511,41,479234,6079
1004,24,479258,6080
393,161,479419,6081
1094,9,479428,6082
2831,26,479454,6083
37,26,479480,6084
619,33,479513,6085
268,322,479835,6086
83,437,480272,6087
19,23,480295,6088
19,7,480302,6089
2495,31,480333,6090
167,60,480393,6091
153,226,480619,6092
11,109,480728,6093
1549,21,480749,6094
535,30,480779,6095
189,60,480839,6096
12,379,481218,6097
505,17,481235,6098
107,45,481280,6099
396,8,481288,6100
303,28,481316,6101
466,51,481367,6102
61,60,481427,6103
1185,97,481524,6104
1317,22,481546,6105
454,10,481556,6106
154,18,481574,6107
166,19,481593,6108
279,33,481626,6109
2697,162,481788,6110
1055,16,481804,6111
127,66,481870,6112
285,156,482026,6113
10,24,482050,6114
3665,46,482096,6115
1333,52,482148,6116
692,96,482244,6117
2101,281,482525,6118
408,8,482533,6119
110,197,482730,6120
142,53,482783,6121
3116,67,482850,6122
18,196,483046,6123
12,183,483229,6124
3514,94,483323,6125
329,102,483425,6126
1004,11,483436,6127
18,80,483516,6128
58,68,483584,6129
128,118,483702,6130
1814,97,483799,6131
186,13,483812,6132
905,3,483815,6133
25,12,483827,6134
3712,233,484060,6135
411,415,484475,6136
109,186,484661,6137
194,4,484665,6138
322,66,484731,6139
128,28,484759,6140
286,123,484882,6141
3945,19,484901,6142
489,98,484999,6143
74,44,485043,6144
200,24,485067,6145
17,30,485097,6146
202,88,485185,6147
953,50,485235,6148
509,332,485567,6149
231,82,485649,6150
281,83,485732,6151
15,210,485942,6152
396,234,486176,6153
167,654,486830,6154
13,8,486838,6155
29,88,486926,6156
425,90,487016,6157
201,1,487017,6158
51,138,487155,6159
3321,151,487306,6160
84,8,487314,6161
2227,1,487315,6162
48,1,487316,6163
562,18,487334,6164
276,28,487362,6165
1027,19,487381,6166
353,13,487394,6167
2106,71,487465,6168
3475,73,487538,6169
165,173,487711,6170
502,34,487745,6171
165,62,487807,6172
51,10,487817,6173
138,33,487850,6174
291,19,487869,6175
342,2,487871,6176
328,2,487873,6177
9,44,487917,6178
187,298,488215,6179
418,38,488253,6180
303,252,488505,6181
400,284,488789,6182
338,19,488808,6183
340,25,488833,6184
3032,167,489000,6185
502,11,489011,6186
358,13,489024,6187
408,25,489049,6188
374,75,489124,6189
3143,143,489267,6190
1811,224,489491,6191
338,8,489499,6192
462,12,489511,6193
160,90,489601,6194
214,113,489714,6195
304,36,489750,6196
385,56,489806,6197
402,21,489827,6198
282,40,489867,6199
635,23,489890,6200
466,36,489926,6201
525,45,489971,6202
4068,131,490102,6203
396,336,490438,6204
273,62,490500,6205
130,85,490585,6206
118,43,490628,6207
150,36,490664,6208
128,47,490711,6209
245,70,490781,6210
2949,300,491081,6211
393,35,491116,6212
113,328,491444,6213
2476,140,491584,6214
447,29,491613,6215
982,108,491721,6216
13,88,491809,6217
109,47,491856,6218
921,238,492094,6219
81,1,492095,6220
132,5,492100,6221
271,128,492228,6222
106,157,492385,6223
280,41,492426,6224
22,50,492476,6225
13,169,492645,6226
19,59,492704,6227
19,60,492764,6228
198,90,492854,6229
30,167,493021,6230
398,103,493124,6231
13,104,493228,6232
11,52,493280,6233
204,78,493358,6234
31,2,493360,6235
161,18,493378,6236
2291,44,493422,6237
319,37,493459,6238
367,65,493524,6239
3280,229,493753,6240
491,4,493757,6241
1930,8,493765,6242
1193,45,493810,6243
323,71,493881,6244
414,67,493948,6245
46,63,494011,6246
394,42,494053,6247
3422,145,494198,6248
2323,24,494222,6249
383,23,494245,6250
2163,43,494288,6251
1394,44,494332,6252
192,9,494341,6253
1498,161,494502,6254
2641,25,494527,6255
528,3,494530,6256
13,22,494552,6257
185,43,494595,6258
3078,34,494629,6259
21,17,494646,6260
230,8,494654,6261
69,15,494669,6262
1068,153,494822,6263
399,21,494843,6264
352,76,494919,6265
154,70,494989,6266
3679,107,495096,6267
641,5,495101,6268
3569,117,495218,6269
3104,147,495365,6270
280,55,495420,6271
136,267,495687,6272
17,23,495710,6273
506,82,495792,6274
376,16,495808,6275
282,177,495985,6276
417,50,496035,6277
334,11,496046,6278
304,15,496061,6279
1352,26,496087,6280
119,81,496168,6281
142,133,496301,6282
1187,36,496337,6283
129,23,496360,6284
3484,46,496406,6285
198,54,496460,6286
49,153,496613,6287
32,17,496630,6288
144,28,496658,6289
74,95,496753,6290
144,1,496754,6291
281,101,496855,6292
82,112,496967,6293
14,4,496971,6294
2382,95,497066,6295
323,16,497082,6296
2662,53,497135,6297
128,151,497286,6298
26,104,497390,6299
2839,20,497410,6300
410,64,497474,6301
1739,79,497553,6302
125,1,497554,6303
2400,81,497635,6304
606,73,497708,6305
265,233,497941,6306
25,31,497972,6307
89,67,498039,6308
2028,263,498302,6309
875,21,498323,6310
11,86,498409,6311
310,116,498525,6312
375,287,498812,6313
496,110,498922,6314
120,38,498960,6315
179,104,499064,6316
179,310,499374,6317
181,67,499441,6318
124,251,499692,6319
156,31,499723,6320
312,306,500029,6321
30,18,500047,6322
198,125,500172,6323
210,53,500225,6324
90,26,500251,6325
3179,231,500482,6326
38,129,500611,6327
3302,77,500688,6328
139,294,500982,6329
381,28,501010,6330
1341,105,501115,6331
594,127,501242,6332
14,8,501250,6333
434,48,501298,6334
212,26,501324,6335
21,34,501358,6336
329,51,501409,6337
79,23,501432,6338
155,54,501486,6339
207,95,501581,6340
148,80,501661,6341
1681,65,501726,6342
401,44,501770,6343
140,59,501829,6344
250,8,501837,6345
500,40,501877,6346
117,102,501979,6347
351,68,502047,6348
24,64,502111,6349
1117,251,502362,6350
3488,224,502586,6351
3750,1,502587,6352
386,57,502644,6353
140,32,502676,6354
205,23,502699,6355
1272,74,502773,6356
107,19,502792,6357
1343,23,502815,6358
129,219,503034,6359
1378,7,503041,6360
138,75,503116,6361
3265,53,503169,6362
421,216,503385,6363
251,361,503746,6364
154,61,503807,6365
367,87,503894,6366
506,46,503940,6367
3734,74,504014,6368
368,93,504107,6369
313,2,504109,6370
326,14,504123,6371
69,1,504124,6372
152,71,504195,6373
2821,52,504247,6374
586,63,504310,6375
12,9,504319,6376
214,11,504330,6377
425,12,504342,6378
676,76,504418,6379
300,46,504464,6380
290,221,504685,6381
20,82,504767,6382
194,2,504769,6383
310,64,504833,6384
4017,8,504841,6385
111,100,504941,6386
572,13,504954,6387
227,25,504979,6388
171,10,504989,6389
293,50,505039,6390
336,56,505095,6391
12,43,505138,6392
527,115,505253,6393
2346,89,505342,6394
137,4,505346,6395
1090,18,505364,6396
3146,37,505401,6397
2544,114,505515,6398
443,41,505556,6399
375,10,505566,6400
42,63,505629,6401
1567,27,505656,6402
156,94,505750,6403
544,69,505819,6404
3508,177,505996,6405
23,74,506070,6406
2843,85,506155,6407
479,49,506204,6408
134,67,506271,6409
237,50,506321,6410
337,29,506350,6411
1216,154,506504,6412
155,7,506511,6413
2044,114,506625,6414
331,50,506675,6415
798,132,506807,6416
45,27,506834,6417
2859,5,506839,6418
10,87,506926,6419
362,10,506936,6420
190,123,507059,6421
318,172,507231,6422
3434,114,507345,6423
175,20,507365,6424
293,61,507426,6425
920,9,507435,6426
11,10,507445,6427
234,10,507455,6428
176,60,507515,6429
2159,7,507522,6430
454,27,507549,6431
1677,8,507557,6432
12,51,507608,6433
656,64,507672,6434
167,139,507811,6435
286,23,507834,6436
192,10,507844,6437
538,31,507875,6438
16,287,508162,6439
1955,22,508184,6440
92,20,508204,6441
142,9,508213,6442
1417,95,508308,6443
161,13,508321,6444
216,5,508326,6445
170,123,508449,6446
14,20,508469,6447
111,84,508553,6448
283,218,508771,6449
222,3,508774,6450
43,81,508855,6451
437,65,508920,6452
437,14,508934,6453
485,15,508949,6454
180,12,508961,6455
2534,30,508991,6456
313,55,509046,6457
414,59,509105,6458
167,16,509121,6459
103,251,509372,6460
2603,262,509634,6461
307,251,509885,6462
12,22,509907,6463
368,9,509916,6464
180,65,509981,6465
452,47,510028,6466
329,265,510293,6467
2173,36,510329,6468
645,131,510460,6469
286,78,510538,6470
955,172,510710,6471
243,94,510804,6472
518,88,510892,6473
373,31,510923,6474
2238,86,511009,6475
730,24,511033,6476
42,11,511044,6477
924,213,511257,6478
1673,17,511274,6479
432,80,511354,6480
265,60,511414,6481
19,10,511424,6482
171,17,511441,6483
145,29,511470,6484
368,38,511508,6485
1519,347,511855,6486
362,56,511911,6487
135,352,512263,6488
156,14,512277,6489
437,3,512280,6490
333,130,512410,6491
172,163,512573,6492
172,25,512598,6493
142,19,512617,6494
39,5,512622,6495
108,22,512644,6496
489,23,512667,6497
15,3,512670,6498
470,239,512909,6499
158,11,512920,6500
323,42,512962,6501
3853,7,512969,6502
255,24,512993,6503
141,16,513009,6504
2752,62,513071,6505
143,5,513076,6506
202,85,513161,6507
186,5,513166,6508
149,17,513183,6509
2044,68,513251,6510
3830,13,513264,6511
556,23,513287,6512
401,28,513315,6513
137,160,513475,6514
976,108,513583,6515
472,128,513711,6516
115,71,513782,6517
317,7,513789,6518
107,78,513867,6519
22,88,513955,6520
125,236,514191,6521
10,8,514199,6522
851,25,514224,6523
25,38,514262,6524
2907,1,514263,6525
108,15,514278,6526
3108,193,514471,6527
121,116,514587,6528
2521,45,514632,6529
14,66,514698,6530
284,97,514795,6531
166,14,514809,6532
11,91,514900,6533
75,96,514996,6534
13,106,515102,6535
440,24,515126,6536
4019,30,515156,6537
26,50,515206,6538
261,20,515226,6539
279,27,515253,6540
220,65,515318,6541
244,74,515392,6542
138,92,515484,6543
303,32,515516,6544
2197,11,515527,6545
111,267,515794,6546
153,32,515826,6547
504,73,515899,6548
179,93,515992,6549
373,77,516069,6550
817,43,516112,6551
411,39,516151,6552
89,59,516210,6553
289,55,516265,6554
344,118,516383,6555
161,130,516513,6556
16,83,516596,6557
592,19,516615,6558
430,58,516673,6559
129,21,516694,6560
423,142,516836,6561
354,38,516874,6562
32,109,516983,6563
154,1,516984,6564
337,37,517021,6565
114,29,517050,6566
127,14,517064,6567
457,160,517224,6568
423,412,517636,6569
448,35,517671,6570
2006,54,517725,6571
1537,84,517809,6572
380,31,517840,6573
15,34,517874,6574
1453,31,517905,6575
132,16,517921,6576
64,95,518016,6577
332,46,518062,6578
2158,195,518257,6579
82,71,518328,6580
144,155,518483,6581
282,62,518545,6582
325,2,518547,6583
2587,47,518594,6584
137,2,518596,6585
351,91,518687,6586
243,7,518694,6587
1338,5,518699,6588
398,73,518772,6589
269,53,518825,6590
27,279,519104,6591
3450,53,519157,6592
122,31,519188,6593
1312,134,519322,6594
387,9,519331,6595
182,91,519422,6596
2757,81,519503,6597
12,39,519542,6598
51,30,519572,6599
168,65,519637,6600
336,122,519759,6601
195,23,519782,6602
293,18,519800,6603
230,367,520167,6604
2755,3,520170,6605
146,34,520204,6606
55,32,520236,6607
286,57,520293,6608
35,80,520373,6609
132,246,520619,6610
326,53,520672,6611
167,21,520693,6612
266,200,520893,6613
83,133,521026,6614
9,41,521067,6615
156,101,521168,6616
14,194,521362,6617
204,23,521385,6618
2205,149,521534,6619
49,47,521581,6620
164,356,521937,6621
10,141,522078,6622
541,4,522082,6623
522,166,522248,6624
385,15,522263,6625
3555,23,522286,6626
23,418,522704,6627
13,48,522752,6628
1387,38,522790,6629
127,47,522837,6630
458,77,522914,6631
122,27,522941,6632
25,37,522978,6633
364,2,522980,6634
335,54,523034,6635
11,292,523326,6636
330,15,523341,6637
427,59,523400,6638
140,60,523460,6639
138,66,523526,6640
13,137,523663,6641
538,78,523741,6642
9,325,524066,6643
3959,158,524224,6644
127,17,524241,6645
107,230,524471,6646
593,144,524615,6647
192,6,524621,6648
142,17,524638,6649
302,76,524714,6650
153,17,524731,6651
174,153,524884,6652
119,162,525046,6653
192,166,525212,6654
355,113,525325,6655
557,1,525326,6656
303,181,525507,6657
285,12,525519,6658
155,59,525578,6659
130,68,525646,6660
28,174,525820,6661
116,14,525834,6662
47,218,526052,6663
250,25,526077,6664
152,14,526091,6665
379,13,526104,6666
12,45,526149,6667
242,8,526157,6668
26,8,526165,6669
11,29,526194,6670
575,101,526295,6671
107,50,526345,6672
1540,198,526543,6673
2272,34,526577,6674
1907,421,526998,6675
252,205,527203,6676
3969,17,527220,6677
1370,7,527227,6678
2820,155,527382,6679
1755,9,527391,6680
314,129,527520,6681
194,80,527600,6682
360,5,527605,6683
320,16,527621,6684
409,86,527707,6685
203,8,527715,6686
22,4,527719,6687
481,49,527768,6688
131,73,527841,6689
374,55,527896,6690
20,146,528042,6691
49,13,528055,6692
536,31,528086,6693
10,198,528284,6694
200,3,528287,6695
152,348,528635,6696
428,55,528690,6697
141,49,528739,6698
20,149,528888,6699
218,84,528972,6700
15,46,529018,6701
255,190,529208,6702
197,9,529217,6703
734,128,529345,6704
2266,146,529491,6705
239,33,529524,6706
149,203,529727,6707
329,43,529770,6708
839,165,529935,6709
2978,51,529986,6710
275,66,530052,6711
177,27,530079,6712
22,67,530146,6713
694,232,530378,6714
318,52,530430,6715
97,200,530630,6716
199,26,530656,6717
195,43,530699,6718
153,11,530710,6719
61,11,530721,6720
171,68,530789,6721
29,57,530846,6722
151,25,530871,6723
144,55,530926,6724
106,25,530951,6725
179,62,531013,6726
55,103,531116,6727
117,429,531545,6728
328,34,531579,6729
673,242,531821,6730
112,53,531874,6731
113,52,531926,6732
470,68,531994,6733
867,1,531995,6734
3748,120,532115,6735
182,86,532201,6736
92,74,532275,6737
569,243,532518,6738
25,1,532519,6739
67,54,532573,6740
303,109,532682,6741
369,54,532736,6742
47,75,532811,6743
1693,3,532814,6744
1195,102,532916,6745
708,156,533072,6746
154,42,533114,6747
3887,34,533148,6748
14,11,533159,6749
10,49,533208,6750
3602,138,533346,6751
256,116,533462,6752
189,57,533519,6753
355,122,533641,6754
24,13,533654,6755
550,48,533702,6756
198,145,533847,6757
267,19,533866,6758
158,36,533902,6759
290,38,533940,6760
2396,98,534038,6761
404,40,534078,6762
10,67,534145,6763
100,53,534198,6764
267,185,534383,6765
261,7,534390,6766
625,7,534397,6767
212,6,534403,6768
13,87,534490,6769
267,87,534577,6770
232,45,534622,6771
277,110,534732,6772
178,5,534737,6773
370,10,534747,6774
1145,54,534801,6775
681,127,534928,6776
267,242,535170,6777
306,71,535241,6778
379,9,535250,6779
158,97,535347,6780
267,99,535446,6781
15,39,535485,6782
2781,113,535598,6783
345,83,535681,6784
143,93,535774,6785
155,282,536056,6786
105,17,536073,6787
161,200,536273,6788
424,3,536276,6789
436,153,536429,6790
270,25,536454,6791
16,205,536659,6792
237,131,536790,6793
238,4,536794,6794
12,141,536935,6795
252,23,536958,6796
64,158,537116,6797
3781,119,537235,6798
129,55,537290,6799
932,38,537328,6800
537,82,537410,6801
63,66,537476,6802
224,66,537542,6803
3329,80,537622,6804
65,5,537627,6805
387,56,537683,6806
13,10,537693,6807
252,24,537717,6808
277,48,537765,6809
163,357,538122,6810
3089,49,538171,6811
12,12,538183,6812
83,26,538209,6813
49,296,538505,6814
59,249,538754,6815
186,107,538861,6816
2566,3,538864,6817
1986,71,538935,6818
334,53,538988,6819
1304,3,538991,6820
151,5,538996,6821
1657,51,539047,6822
300,4,539051,6823
280,35,539086,6824
325,87,539173,6825
311,38,539211,6826
26,91,539302,6827
873,24,539326,6828
181,5,539331,6829
120,273,539604,6830
342,43,539647,6831
224,55,539702,6832
12,10,539712,6833
1277,22,539734,6834
1300,3,539737,6835
153,37,539774,6836
220,29,539803,6837
1015,72,539875,6838
742,45,539920,6839
267,91,540011,6840
2174,10,540021,6841
563,211,540232,6842
12,74,540306,6843
501,32,540338,6844
366,88,540426,6845
304,7,540433,6846
132,5,540438,6847
239,162,540600,6848
115,66,540666,6849
10,100,540766,6850
2603,257,541023,6851
95,72,541095,6852
307,11,541106,6853
139,121,541227,6854
1397,6,541233,6855
1243,183,541416,6856
422,131,541547,6857
566,16,541563,6858
862,39,541602,6859
507,57,541659,6860
125,146,541805,6861
1699,51,541856,6862
270,35,541891,6863
360,38,541929,6864
375,60,541989,6865
39,52,542041,6866
14,45,542086,6867
179,64,542150,6868
139,55,542205,6869
172,208,542413,6870
150,68,542481,6871
521,14,542495,6872
220,32,542527,6873
389,17,542544,6874
328,256,542800,6875
503,15,542815,6876
278,70,542885,6877
245,103,542988,6878
690,14,543002,6879
310,104,543106,6880
22,261,543367,6881
332,56,543423,6882
3652,9,543432,6883
116,191,543623,6884
178,17,543640,6885
382,42,543682,6886
3673,107,543789,6887
252,31,543820,6888
3229,88,543908,6889
2889,139,544047,6890
376,47,544094,6891
115,104,544198,6892
287,41,544239,6893
223,23,544262,6894
161,37,544299,6895
1633,32,544331,6896
998,5,544336,6897
2121,64,544400,6898
156,1,544401,6899
119,13,544414,6900
58,3,544417,6901
263,8,544425,6902
359,130,544555,6903
294,20,544575,6904
124,9,544584,6905
306,237,544821,6906
52,66,544887,6907
132,61,544948,6908
22,19,544967,6909
67,23,544990,6910
1851,62,545052,6911
219,25,545077,6912
106,43,545120,6913
156,234,545354,6914
677,45,545399,6915
146,2,545401,6916
10,75,545476,6917
173,24,545500,6918
235,29,545529,6919
1730,96,545625,6920
410,143,545768,6921
688,35,545803,6922
2143,108,545911,6923
132,158,546069,6924
205,117,546186,6925
131,13,546199,6926
133,33,546232,6927
49,135,546367,6928
24,85,546452,6929
12,26,546478,6930
42,10,546488,6931
664,138,546626,6932
219,160,546786,6933
3359,162,546948,6934
2754,303,547251,6935
151,181,547432,6936
428,1,547433,6937
2900,23,547456,6938
12,135,547591,6939
372,36,547627,6940
9,3,547630,6941
1602,6,547636,6942
3193,107,547743,6943
2674,63,547806,6944
379,31,547837,6945
187,36,547873,6946
10,6,547879,6947
1152,13,547892,6948
356,51,547943,6949
354,38,547981,6950
18,6,547987,6951
306,56,548043,6952
294,94,548137,6953
284,59,548196,6954
50,181,548377,6955
851,81,548458,6956
445,95,548553,6957
341,19,548572,6958
2577,34,548606,6959
92,8,548614,6960
298,224,548838,6961
369,40,548878,6962
657,100,548978,6963
354,76,549054,6964
118,5,549059,6965
13,41,549100,6966
86,61,549161,6967
329,436,549597,6968
48,23,549620,6969
849,170,549790,6970
3240,1,549791,6971
105,49,549840,6972
139,143,549983,6973
313,99,550082,6974
1312,13,550095,6975
3708,56,550151,6976
53,33,550184,6977
231,37,550221,6978
130,66,550287,6979
154,30,550317,6980
24,74,550391,6981
654,59,550450,6982
3713,204,550654,6983
4004,11,550665,6984
188,31,550696,6985
126,166,550862,6986
201,42,550904,6987
181,38,550942,6988
297,68,551010,6989
321,3,551013,6990
229,42,551055,6991
105,124,551179,6992
150,52,551231,6993
152,102,551333,6994
4022,40,551373,6995
60,76,551449,6996
1274,79,551528,6997
3648,32,551560,6998
3911,8,551568,6999
263,101,551669,7000
58,27,551696,7001
639,252,551948,7002
364,5,551953,7003
3327,65,552018,7004
252,121,552139,7005
438,8,552147,7006
263,118,552265,7007
2577,39,552304,7008
337,118,552422,7009
3944,3,552425,7010
3918,112,552537,7011
3238,87,552624,7012
3520,147,552771,7013
247,79,552850,7014
767,74,552924,7015
603,167,553091,7016
771,50,553141,7017
215,28,553169,7018
12,45,553214,7019
154,146,553360,7020
127,217,553577,7021
730,92,553669,7022
2052,27,553696,7023
13,108,553804,7024
117,371,554175,7025
17,22,554197,7026
119,36,554233,7027
21,35,554268,7028
1606,170,554438,7029
159,14,554452,7030
259,130,554582,7031
28,4,554586,7032
309,208,554794,7033
161,139,554933,7034
3090,212,555145,7035
3376,66,555211,7036
376,140,555351,7037
56,380,555731,7038
22,286,556017,7039
815,19,556036,7040
198,274,556310,7041
389,59,556369,7042
274,52,556421,7043
2659,160,556581,7044
144,23,556604,7045
395,54,556658,7046
168,132,556790,7047
2959,311,557101,7048
183,37,557138,7049
64,33,557171,7050
346,117,557288,7051
134,18,557306,7052
204,129,557435,7053
65,58,557493,7054
1027,41,557534,7055
228,257,557791,7056
141,8,557799,7057
272,50,557849,7058
129,22,557871,7059
536,60,557931,7060
279,288,558219,7061
368,53,558272,7062
356,171,558443,7063
3744,39,558482,7064
582,34,558516,7065
1143,98,558614,7066
116,98,558712,7067
12,180,558892,7068
1902,108,559000,7069
75,94,559094,7070
123,32,559126,7071
3518,17,559143,7072
3715,73,559216,7073
489,8,559224,7074
441,19,559243,7075
84,121,559364,7076
490,39,559403,7077
34,11,559414,7078
473,263,559677,7079
3301,60,559737,7080
299,17,559754,7081
488,87,559841,7082
122,168,560009,7083
4055,94,560103,7084
249,60,560163,7085
13,165,560328,7086
143,41,560369,7087
97,17,560386,7088
329,17,560403,7089
76,37,560440,7090
4043,146,560586,7091
274,58,560644,7092
120,107,560751,7093
3988,36,560787,7094
120,25,560812,7095
219,375,561187,7096
3360,32,561219,7097
662,15,561234,7098
1779,30,561264,7099
350,24,561288,7100
436,35,561323,7101
172,4,561327,7102
128,138,561465,7103
646,151,561616,7104
615,76,561692,7105
194,37,561729,7106
206,51,561780,7107
3039,76,561856,7108
240,313,562169,7109
3357,121,562290,7110
529,143,562433,7111
132,62,562495,7112
343,39,562534,7113
176,9,562543,7114
17,43,562586,7115
887,21,562607,7116
735,99,562706,7117
150,105,562811,7118
246,9,562820,7119
337,77,562897,7120
214,21,562918,7121
12,226,563144,7122
10,173,563317,7123
25,115,563432,7124
1531,154,563586,7125
116,94,563680,7126
76,66,563746,7127
371,41,563787,7128
2829,64,563851,7129
303,69,563920,7130
3590,18,563938,7131
655,64,564002,7132
423,24,564026,7133
386,140,564166,7134
144,283,564449,7135
362,17,564466,7136
75,126,564592,7137
240,129,564721,7138
2863,84,564805,7139
118,98,564903,7140
167,86,564989,7141
98,51,565040,7142
27,26,565066,7143
311,51,565117,7144
804,63,565180,7145
137,235,565415,7146
141,77,565492,7147
201,8,565500,7148
103,250,565750,7149
955,72,565822,7150
56,30,565852,7151
249,55,565907,7152
3033,54,565961,7153
391,21,565982,7154
1687,19,566001,7155
17,29,566030,7156
31,73,566103,7157
171,60,566163,7158
472,87,566250,7159
78,280,566530,7160
4004,26,566556,7161
138,35,566591,7162
4077,8,566599,7163
107,20,566619,7164
214,240,566859,7165
786,15,566874,7166
108,92,566966,7167
3053,98,567064,7168
96,42,567106,7169
3559,31,567137,7170
74,34,567171,7171
264,45,567216,7172
15,255,567471,7173
21,44,567515,7174
115,323,567838,7175
147,58,567896,7176
142,27,567923,7177
2888,22,567945,7178
205,40,567985,7179
358,51,568036,7180
75,256,568292,7181
2596,19,568311,7182
524,100,568411,7183
350,170,568581,7184
121,87,568668,7185
704,56,568724,7186
113,26,568750,7187
114,18,568768,7188
419,58,568826,7189
128,62,568888,7190
10,212,569100,7191
2952,87,569187,7192
135,111,569298,7193
1287,96,569394,7194
706,64,569458,7195
325,3,569461,7196
89,25,569486,7197
129,314,569800,7198
2076,233,570033,7199
119,89,570122,7200
189,23,570145,7201
333,16,570161,7202
289,36,570197,7203
1111,12,570209,7204
390,150,570359,7205
186,309,570668,7206
118,5,570673,7207
207,69,570742,7208
334,20,570762,7209
45,20,570782,7210
298,69,570851,7211
54,75,570926,7212
508,34,570960,7213
308,17,570977,7214
4035,34,571011,7215
166,7,571018,7216
100,54,571072,7217
160,446,571518,7218
1589,42,571560,7219
134,110,571670,7220
1299,17,571687,7221
546,87,571774,7222
3017,27,571801,7223
317,59,571860,7224
1898,78,571938,7225
144,281,572219,7226
178,86,572305,7227
499,55,572360,7228
135,206,572566,7229
120,149,572715,7230
3514,20,572735,7231
453,66,572801,7232
255,61,572862,7233
3575,25,572887,7234
282,38,572925,7235
20,60,572985,7236
348,19,573004,7237
665,43,573047,7238
109,1,573048,7239
748,32,573080,7240
401,37,573117,7241
18,25,573142,7242
381,398,573540,7243
357,210,573750,7244
229,57,573807,7245
86,36,573843,7246
3377,23,573866,7247
249,91,573957,7248
2251,46,574003,7249
352,40,574043,7250
1415,52,574095,7251
10,11,574106,7252
449,161,574267,7253
126,11,574278,7254
329,154,574432,7255
245,23,574455,7256
310,15,574470,7257
444,59,574529,7258
115,79,574608,7259
1963,224,574832,7260
2273,1,574833,7261
447,7,574840,7262
3746,1,574841,7263
268,58,574899,7264
398,157,575056,7265
96,137,575193,7266
146,117,575310,7267
432,11,575321,7268
67,1,575322,7269
135,56,575378,7270
11,26,575404,7271
254,11,575415,7272
260,56,575471,7273
1249,8,575479,7274
68,15,575494,7275
3365,5,575499,7276
70,42,575541,7277
143,36,575577,7278
2008,105,575682,7279
1679,158,575840,7280
364,37,575877,7281
2276,49,575926,7282
1569,22,575948,7283
415,218,576166,7284
13,33,576199,7285
84,21,576220,7286
263,6,576226,7287
186,69,576295,7288
178,172,576467,7289
3432,93,576560,7290
249,78,576638,7291
215,312,576950,7292
441,37,576987,7293
98,172,577159,7294
131,45,577204,7295
199,50,577254,7296
1139,3,577257,7297
302,297,577554,7298
4037,100,577654,7299
23,198,577852,7300
474,125,577977,7301
618,76,578053,7302
316,394,578447,7303
288,63,578510,7304
355,1,578511,7305
2335,49,578560,7306
159,77,578637,7307
470,226,578863,7308
225,13,578876,7309
1729,136,579012,7310
93,40,579052,7311
310,23,579075,7312
1113,17,579092,7313
574,23,579115,7314
479,53,579168,7315
142,24,579192,7316
146,10,579202,7317
334,241,579443,7318
137,67,579510,7319
320,331,579841,7320
199,27,579868,7321
457,23,579891,7322
128,64,579955,7323
488,2,579957,7324
658,28,579985,7325
151,23,580008,7326
3727,156,580164,7327
294,33,580197,7328
129,6,580203,7329
387,75,580278,7330
1253,28,580306,7331
2103,13,580319,7332
577,63,580382,7333
238,4,580386,7334
153,31,580417,7335
3751,1,580418,7336
96,20,580438,7337
226,138,580576,7338
351,21,580597,7339
4085,27,580624,7340
227,116,580740,7341
95,15,580755,7342
124,64,580819,7343
11,31,580850,7344
203,19,580869,7345
136,129,580998,7346
141,155,581153,7347
45,38,581191,7348
225,49,581240,7349
234,75,581315,7350
299,101,581416,7351
254,72,581488,7352
15,116,581604,7353
295,80,581684,7354
3193,125,581809,7355
598,64,581873,7356
3405,25,581898,7357
1758,6,581904,7358
27,356,582260,7359
3882,21,582281,7360
31,39,582320,7361
1566,25,582345,7362
163,60,582405,7363
437,78,582483,7364
1905,32,582515,7365
12,50,582565,7366
320,59,582624,7367
594,16,582640,7368
877,30,582670,7369
2467,103,582773,7370
196,37,582810,7371
133,33,582843,7372
323,160,583003,7373
352,111,583114,7374
1907,67,583181,7375
2837,14,583195,7376
349,30,583225,7377
2514,36,583261,7378
401,108,583369,7379
232,27,583396,7380
109,45,583441,7381
3145,149,583590,7382
366,43,583633,7383
373,144,583777,7384
195,288,584065,7385
117,87,584152,7386
156,182,584334,7387
131,3,584337,7388
138,76,584413,7389
190,9,584422,7390
1789,9,584431,7391
470,8,584439,7392
211,52,584491,7393
480,26,584517,7394
27,66,584583,7395
1187,38,584621,7396
497,316,584937,7397
917,4,584941,7398
145,3,584944,7399
186,117,585061,7400
345,160,585221,7401
452,25,585246,7402
1151,30,585276,7403
423,188,585464,7404
383,15,585479,7405
1716,36,585515,7406
135,335,585850,7407
1099,200,586050,7408
445,165,586215,7409
265,241,586456,7410
139,87,586543,7411
13,19,586562,7412
668,53,586615,7413
104,34,586649,7414
300,62,586711,7415
361,49,586760,7416
45,4,586764,7417
170,42,586806,7418
514,107,586913,7419
192,8,586921,7420
371,43,586964,7421
421,29,586993,7422
371,136,587129,7423
418,73,587202,7424
335,20,587222,7425
132,31,587253,7426
107,94,587347,7427
3973,7,587354,7428
144,1,587355,7429
186,57,587412,7430
116,48,587460,7431
285,115,587575,7432
142,25,587600,7433
210,50,587650,7434
151,173,587823,7435
131,31,587854,7436
25,82,587936,7437
448,92,588028,7438
347,20,588048,7439
143,49,588097,7440
1704,45,588142,7441
145,62,588204,7442
3454,144,588348,7443
271,157,588505,7444
72,275,588780,7445
178,10,588790,7446
69,83,588873,7447
646,226,589099,7448
144,70,589169,7449
204,88,589257,7450
394,172,589429,7451
159,11,589440,7452
901,58,589498,7453
331,28,589526,7454
106,17,589543,7455
317,6,589549,7456
86,3,589552,7457
3543,121,589673,7458
384,94,589767,7459
244,28,589795,7460
98,184,589979,7461
19,41,590020,7462
435,222,590242,7463
189,43,590285,7464
77,126,590411,7465
651,440,590851,7466
759,66,590917,7467
296,200,591117,7468
315,9,591126,7469
221,138,591264,7470
2682,301,591565,7471
143,15,591580,7472
1819,20,591600,7473
477,193,591793,7474
405,199,591992,7475
195,442,592434,7476
263,35,592469,7477
99,70,592539,7478
259,11,592550,7479
265,95,592645,7480
2834,45,592690,7481
167,55,592745,7482
359,72,592817,7483
138,24,592841,7484
393,113,592954,7485
334,56,593010,7486
2890,115,593125,7487
120,86,593211,7488
11,105,593316,7489
399,18,593334,7490
2507,9,593343,7491
270,55,593398,7492
27,68,593466,7493
574,11,593477,7494
451,1,593478,7495
134,97,593575,7496
2649,145,593720,7497
102,190,593910,7498
22,202,594112,7499
369,11,594123,7500
206,125,594248,7501
10,24,594272,7502
136,53,594325,7503
182,141,594466,7504
320,11,594477,7505
99,21,594498,7506
269,88,594586,7507
130,58,594644,7508
756,80,594724,7509
444,53,594777,7510
480,63,594840,7511
373,18,594858,7512
175,351,595209,7513
106,159,595368,7514
42,11,595379,7515
161,62,595441,7516
11,6,595447,7517
447,34,595481,7518
136,169,595650,7519
278,172,595822,7520
378,53,595875,7521
15,26,595901,7522
129,78,595979,7523
756,45,596024,7524
2732,7,596031,7525
3839,55,596086,7526
105,82,596168,7527
326,76,596244,7528
376,7,596251,7529
312,22,596273,7530
154,166,596439,7531
667,19,596458,7532
790,189,596647,7533
266,196,596843,7534
2857,255,597098,7535
3293,136,597234,7536
122,60,597294,7537
703,219,597513,7538
182,116,597629,7539
380,43,597672,7540
335,207,597879,7541
144,99,597978,7542
13,2,597980,7543
70,55,598035,7544
32,20,598055,7545
307,60,598115,7546
333,44,598159,7547
4068,4,598163,7548
220,6,598169,7549
178,26,598195,7550
83,47,598242,7551
354,59,598301,7552
2655,41,598342,7553
3460,32,598374,7554
310,102,598476,7555
258,138,598614,7556
1905,92,598706,7557
408,77,598783,7558
304,103,598886,7559
167,93,598979,7560
75,156,599135,7561
828,63,599198,7562
171,51,599249,7563
54,84,599333,7564
284,2,599335,7565
356,28,599363,7566
325,34,599397,7567
127,77,599474,7568
427,225,599699,7569
166,29,599728,7570
147,50,599778,7571
44,25,599803,7572
263,242,600045,7573
386,69,600114,7574
270,22,600136,7575
507,99,600235,7576
35,21,600256,7577
1142,55,600311,7578
112,270,600581,7579
263,223,600804,7580
208,7,600811,7581
105,202,601013,7582
428,48,601061,7583
333,68,601129,7584
176,3,601132,7585
341,153,601285,7586
880,33,601318,7587
259,61,601379,7588
575,72,601451,7589
82,12,601463,7590
766,15,601478,7591
392,180,601658,7592
109,38,601696,7593
20,80,601776,7594
154,202,601978,7595
111,159,602137,7596
350,154,602291,7597
131,47,602338,7598
40,4,602342,7599
129,2,602344,7600
2249,12,602356,7601
1745,12,602368,7602
378,103,602471,7603
63,91,602562,7604
24,55,602617,7605
309,29,602646,7606
394,15,602661,7607
497,59,602720,7608
285,32,602752,7609
267,143,602895,7610
157,90,602985,7611
1123,73,603058,7612
617,63,603121,7613
543,28,603149,7614
151,59,603208,7615
239,6,603214,7616
3993,14,603228,7617
306,5,603233,7618
102,21,603254,7619
41,70,603324,7620
383,6,603330,7621
161,123,603453,7622
3518,49,603502,7623
224,58,603560,7624
77,26,603586,7625
198,53,603639,7626
953,4,603643,7627
3867,130,603773,7628
841,96,603869,7629
3305,42,603911,7630
19,18,603929,7631
312,26,603955,7632
2243,99,604054,7633
4042,70,604124,7634
2525,1,604125,7635
379,6,604131,7636
1813,38,604169,7637
403,449,604618,7638
1783,35,604653,7639
2168,197,604850,7640
2824,21,604871,7641
184,261,605132,7642
417,98,605230,7643
550,7,605237,7644
112,80,605317,7645
118,1,605318,7646
137,30,605348,7647
878,50,605398,7648
874,15,605413,7649
224,62,605475,7650
132,281,605756,7651
279,111,605867,7652
145,33,605900,7653
95,203,606103,7654
105,39,606142,7655
123,104,606246,7656
335,8,606254,7657
164,97,606351,7658
433,137,606488,7659
419,188,606676,7660
666,169,606845,7661
198,40,606885,7662
135,24,606909,7663
148,62,606971,7664
17,11,606982,7665
249,93,607075,7666
349,62,607137,7667
421,218,607355,7668
27,11,607366,7669
287,108,607474,7670
3409,40,607514,7671
2205,6,607520,7672
4081,164,607684,7673
159,2,607686,7674
189,72,607758,7675
109,140,607898,7676
319,22,607920,7677
2839,72,607992,7678
117,157,608149,7679
293,53,608202,7680
19,78,608280,7681
110,12,608292,7682
142,236,608528,7683
156,11,608539,7684
809,38,608577,7685
83,12,608589,7686
614,115,608704,7687
143,4,608708,7688
60,118,608826,7689
305,168,608994,7690
300,47,609041,7691
2273,49,609090,7692
163,43,609133,7693
222,253,609386,7694
3728,12,609398,7695
471,119,609517,7696
126,180,609697,7697
284,26,609723,7698
241,7,609730,7699
515,60,609790,7700
281,8,609798,7701
234,45,609843,7702
174,67,609910,7703
3445,68,609978,7704
39,2,609980,7705
1784,35,610015,7706
155,388,610403,7707
3984,111,610514,7708
131,48,610562,7709
457,3,610565,7710
3294,183,610748,7711
2166,36,610784,7712
997,33,610817,7713
88,106,610923,7714
3346,37,610960,7715
2301,31,610991,7716
286,53,611044,7717
321,65,611109,7718
465,45,611154,7719
298,31,611185,7720
13,25,611210,7721
135,40,611250,7722
2115,100,611350,7723
171,100,611450,7724
451,410,611860,7725
1222,40,611900,7726
3451,195,612095,7727
13,88,612183,7728
203,11,612194,7729
23,42,612236,7730
1737,44,612280,7731
118,64,612344,7732
328,30,612374,7733
373,28,612402,7734
3348,69,612471,7735
186,46,612517,7736
27,124,612641,7737
363,195,612836,7738
382,66,612902,7739
147,18,612920,7740
985,239,613159,7741
251,103,613262,7742
156,14,613276,7743
2533,67,613343,7744
95,143,613486,7745
1098,2,613488,7746
124,76,613564,7747
225,50,613614,7748
89,42,613656,7749
425,6,613662,7750
146,135,613797,7751
3341,83,613880,7752
1530,73,613953,7753
61,33,613986,7754
398,178,614164,7755
297,37,614201,7756
356,25,614226,7757
111,66,614292,7758
132,68,614360,7759
9,136,614496,7760
121,144,614640,7761
166,155,614795,7762
11,102,614897,7763
331,82,614979,7764
438,45,615024,7765
3138,64,615088,7766
3269,66,615154,7767
316,118,615272,7768
253,55,615327,7769
419,5,615332,7770
304,3,615335,7771
56,201,615536,7772
343,11,615547,7773
3734,72,615619,7774
212,88,615707,7775
925,130,615837,7776
269,44,615881,7777
221,8,615889,7778
385,11,615900,7779
253,151,616051,7780
223,21,616072,7781
214,83,616155,7782
571,95,616250,7783
9,89,616339,7784
279,139,616478,7785
2744,158,616636,7786
153,155,616791,7787
538,71,616862,7788
542,472,617334,7789
272,190,617524,7790
64,89,617613,7791
1746,9,617622,7792
485,27,617649,7793
557,194,617843,7794
99,20,617863,7795
273,99,617962,7796
172,144,618106,7797
283,137,618243,7798
434,30,618273,7799
393,45,618318,7800
129,94,618412,7801
84,379,618791,7802
81,119,618910,7803
1749,10,618920,7804
292,168,619088,7805
441,30,619118,7806
250,110,619228,7807
601,48,619276,7808
342,214,619490,7809
598,18,619508,7810
17,52,619560,7811
559,156,619716,7812
292,63,619779,7813
189,2,619781,7814
252,53,619834,7815
200,114,619948,7816
160,91,620039,7817
144,76,620115,7818
323,55,620170,7819
78,32,620202,7820
434,43,620245,7821
274,232,620477,7822
268,35,620512,7823
323,15,620527,7824
640,20,620547,7825
140,7,620554,7826
66,26,620580,7827
216,3,620583,7828
127,16,620599,7829
132,11,620610,7830
181,101,620711,7831
2679,71,620782,7832
339,146,620928,7833
141,412,621340,7834
271,180,621520,7835
176,102,621622,7836
188,5,621627,7837
164,59,621686,7838
592,54,621740,7839
568,18,621758,7840
480,60,621818,7841
55,17,621835,7842
967,135,621970,7843
448,52,622022,7844
185,218,622240,7845
3509,4,622244,7846
1223,105,622349,7847
1609,103,622452,7848
900,120,622572,7849
286,11,622583,7850
220,55,622638,7851
173,99,622737,7852
370,168,622905,7853
312,18,622923,7854
287,263,623186,7855
78,115,623301,7856
193,97,623398,7857
229,48,623446,7858
674,239,623685,7859
314,41,623726,7860
732,189,623915,7861
151,32,623947,7862
2312,13,623960,7863
2797,12,623972,7864
389,69,624041,7865
347,102,624143,7866
123,16,624159,7867
117,268,624427,7868
181,207,624634,7869
276,13,624647,7870
463,34,624681,7871
12,106,624787,7872
105,80,624867,7873
137,57,624924,7874
12,226,625150,7875
343,7,625157,7876
290,89,625246,7877
279,103,625349,7878
367,176,625525,7879
95,52,625577,7880
443,184,625761,7881
2213,20,625781,7882
1163,12,625793,7883
620,139,625932,7884
3599,25,625957,7885
119,66,626023,7886
13,154,626177,7887
3380,101,626278,7888
245,177,626455,7889
235,72,626527,7890
258,139,626666,7891
13,1,626667,7892
322,14,626681,7893
454,49,626730,7894
475,132,626862,7895
2288,96,626958,7896
196,63,627021,7897
277,479,627500,7898
132,10,627510,7899
441,177,627687,7900
58,1,627688,7901
3074,185,627873,7902
296,183,628056,7903
120,42,628098,7904
3493,109,628207,7905
269,13,628220,7906
177,24,628244,7907
116,9,628253,7908
335,86,628339,7909
90,20,628359,7910
63,7,628366,7911
168,60,628426,7912
103,19,628445,7913
152,189,628634,7914
3140,21,628655,7915
386,139,628794,7916
271,19,628813,7917
333,13,628826,7918
326,137,628963,7919
990,49,629012,7920
44,79,629091,7921
264,56,629147,7922
1047,109,629256,7923
934,20,629276,7924
374,60,629336,7925
3018,25,629361,7926
422,98,629459,7927
418,14,629473,7928
1012,4,629477,7929
287,227,629704,7930
2520,50,629754,7931
2446,78,629832,7932
149,14,629846,7933
3968,78,629924,7934
322,124,630048,7935
1659,52,630100,7936
230,19,630119,7937
2466,8,630127,7938
132,86,630213,7939
3870,29,630242,7940
57,8,630250,7941
2484,149,630399,7942
145,2,630401,7943
115,100,630501,7944
437,129,630630,7945
15,53,630683,7946
283,52,630735,7947
1225,11,630746,7948
692,5,630751,7949
3917,208,630959,7950
155,95,631054,7951
143,30,631084,7952
135,379,631463,7953
166,161,631624,7954
328,7,631631,7955
11,23,631654,7956
3709,129,631783,7957
248,33,631816,7958
311,28,631844,7959
286,66,631910,7960
369,12,631922,7961
144,21,631943,7962
943,11,631954,7963
29,34,631988,7964
3380,18,632006,7965
2079,57,632063,7966
11,11,632074,7967
95,197,632271,7968
554,180,632451,7969
587,147,632598,7970
132,310,632908,7971
368,216,633124,7972
69,22,633146,7973
302,12,633158,7974
190,10,633168,7975
12,43,633211,7976
103,73,633284,7977
239,252,633536,7978
689,20,633556,7979
1554,197,633753,7980
294,100,633853,7981
3460,43,633896,7982
147,31,633927,7983
112,75,634002,7984
136,77,634079,7985
141,26,634105,7986
1050,18,634123,7987
536,128,634251,7988
494,53,634304,7989
662,11,634315,7990
41,56,634371,7991
68,63,634434,7992
260,107,634541,7993
87,45,634586,7994
1779,20,634606,7995
201,108,634714,7996
364,181,634895,7997
2359,297,635192,7998
92,26,635218,7999
947,30,635248,8000
11,28,635276,8001
1994,64,635340,8002
340,80,635420,8003
260,46,635466,8004
2894,71,635537,8005
315,122,635659,8006
211,216,635875,8007
10,25,635900,8008
279,100,636000,8009
158,35,636035,8010
50,62,636097,8011
15,92,636189,8012
124,140,636329,8013
2271,109,636438,8014
3144,8,636446,8015
103,101,636547,8016
106,326,636873,8017
303,1,636874,8018
572,64,636938,8019
166,48,636986,8020
299,62,637048,8021
483,125,637173,8022
13,48,637221,8023
14,69,637290,8024
598,157,637447,8025
392,160,637607,8026
1831,179,637786,8027
178,50,637836,8028
737,86,637922,8029
120,4,637926,8030
2817,25,637951,8031
370,135,638086,8032
293,97,638183,8033
227,60,638243,8034
423,74,638317,8035
130,117,638434,8036
140,241,638675,8037
603,99,638774,8038
123,200,638974,8039
210,99,639073,8040
3284,24,639097,8041
264,65,639162,8042
288,76,639238,8043
2154,165,639403,8044
1949,49,639452,8045
151,29,639481,8046
540,193,639674,8047
364,159,639833,8048
244,7,639840,8049
1649,6,639846,8050
136,78,639924,8051
18,16,639940,8052
153,94,640034,8053
77,120,640154,8054
378,9,640163,8055
157,64,640227,8056
2349,13,640240,8057
56,57,640297,8058
296,5,640302,8059
141,67,640369,8060
186,26,640395,8061
402,36,640431,8062
197,87,640518,8063
433,144,640662,8064
300,52,640714,8065
731,28,640742,8066
1851,9,640751,8067
345,54,640805,8068
371,148,640953,8069
12,58,641011,8070
1816,9,641020,8071
444,33,641053,8072
208,138,641191,8073
3533,166,641357,8074
62,38,641395,8075
452,64,641459,8076
529,59,641518,8077
188,24,641542,8078
138,260,641802,8079
328,47,641849,8080
1156,9,641858,8081
499,60,641918,8082
362,158,642076,8083
1022,80,642156,8084
2521,67,642223,8085
93,60,642283,8086
262,92,642375,8087
258,13,642388,8088
146,54,642442,8089
156,16,642458,8090
233,42,642500,8091
14,25,642525,8092
262,55,642580,8093
2971,37,642617,8094
317,389,643006,8095
163,7,643013,8096
14,9,643022,8097
271,8,643030,8098
174,51,643081,8099
698,18,643099,8100
3152,270,643369,8101
14,337,643706,8102
548,49,643755,8103
21,79,643834,8104
22,23,643857,8105
176,13,643870,8106
164,153,644023,8107
2553,95,644118,8108
302,5,644123,8109
236,16,644139,8110
442,183,644322,8111
356,10,644332,8112
754,20,644352,8113
94,405,644757,8114
122,50,644807,8115
1620,39,644846,8116
298,19,644865,8117
126,10,644875,8118
145,59,644934,8119
1333,33,644967,8120
194,33,645000,8121
57,11,645011,8122
103,62,645073,8123
1428,56,645129,8124
123,72,645201,8125
126,116,645317,8126
484,24,645341,8127
156,15,645356,8128
531,139,645495,8129
676,116,645611,8130
425,20,645631,8131
465,26,645657,8132
100,33,645690,8133
31,4,645694,8134
298,10,645704,8135
109,88,645792,8136
240,97,645889,8137
1483,13,645902,8138
342,35,645937,8139
198,179,646116,8140
3504,81,646197,8141
424,353,646550,8142
1893,123,646673,8143
114,60,646733,8144
20,32,646765,8145
251,98,646863,8146
531,54,646917,8147
61,330,647247,8148
2259,46,647293,8149
15,6,647299,8150
2600,79,647378,8151
182,17,647395,8152
241,92,647487,8153
148,67,647554,8154
252,5,647559,8155
47,101,647660,8156
235,91,647751,8157
499,176,647927,8158
431,60,647987,8159
20,83,648070,8160
25,17,648087,8161
336,174,648261,8162
4000,288,648549,8163
349,1,648550,8164
333,83,648633,8165
15,87,648720,8166
118,96,648816,8167
601,480,649296,8168
1571,31,649327,8169
357,18,649345,8170
231,38,649383,8171
50,138,649521,8172
866,50,649571,8173
311,13,649584,8174
12,11,649595,8175
3708,108,649703,8176
231,27,649730,8177
2653,312,650042,8178
11,28,650070,8179
504,9,650079,8180
3213,19,650098,8181
244,4,650102,8182
133,15,650117,8183
377,138,650255,8184
123,104,650359,8185
403,45,650404,8186
181,128,650532,8187
2840,56,650588,8188
2738,53,650641,8189
3407,57,650698,8190
12,40,650738,8191
102,38,650776,8192
149,86,650862,8193
308,117,650979,8194
2411,114,651093,8195
3094,59,651152,8196
1519,59,651211,8197
2512,37,651248,8198
293,41,651289,8199
993,85,651374,8200
160,188,651562,8201
1383,13,651575,8202
312,21,651596,8203
434,53,651649,8204
210,21,651670,8205
20,16,651686,8206
110,22,651708,8207
364,22,651730,8208
11,22,651752,8209
1792,57,651809,8210
277,8,651817,8211
122,13,651830,8212
329,64,651894,8213
10,54,651948,8214
3893,93,652041,8215
139,273,652314,8216
372,3,652317,8217
61,224,652541,8218
669,30,652571,8219
577,46,652617,8220
917,182,652799,8221
1348,202,653001,8222
1173,12,653013,8223
181,163,653176,8224
161,5,653181,8225
286,15,653196,8226
245,88,653284,8227
14,203,653487,8228
3651,145,653632,8229
642,42,653674,8230
14,7,653681,8231
127,26,653707,8232
119,79,653786,8233
362,50,653836,8234
980,52,653888,8235
292,221,654109,8236
130,141,654250,8237
198,4,654254,8238
122,63,654317,8239
130,100,654417,8240
60,72,654489,8241
1904,32,654521,8242
3544,8,654529,8243
308,91,654620,8244
21,21,654641,8245
250,44,654685,8246
146,25,654710,8247
346,25,654735,8248
129,39,654774,8249
31,23,654797,8250
35,44,654841,8251
76,53,654894,8252
807,107,655001,8253
448,61,655062,8254
133,123,655185,8255
2914,17,655202,8256
1118,189,655391,8257
56,103,655494,8258
193,44,655538,8259
156,292,655830,8260
391,13,655843,8261
159,76,655919,8262
279,18,655937,8263
386,4,655941,8264
310,23,655964,8265
279,7,655971,8266
148,77,656048,8267
135,134,656182,8268
594,22,656204,8269
26,288,656492,8270
211,71,656563,8271
214,79,656642,8272
60,31,656673,8273
278,47,656720,8274
226,5,656725,8275
126,136,656861,8276
222,77,656938,8277
352,159,657097,8278
299,15,657112,8279
131,40,657152,8280
204,12,657164,8281
3705,137,657301,8282
2864,25,657326,8283
149,192,657518,8284
461,141,657659,8285
805,50,657709,8286
10,82,657791,8287
422,131,657922,8288
442,44,657966,8289
1517,8,657974,8290
560,34,658008,8291
369,27,658035,8292
72,117,658152,8293
156,258,658410,8294
141,253,658663,8295
266,10,658673,8296
197,148,658821,8297
127,156,658977,8298
167,19,658996,8299
1186,84,659080,8300
286,144,659224,8301
238,62,659286,8302
475,165,659451,8303
248,38,659489,8304
466,62,659551,8305
143,145,659696,8306
78,97,659793,8307
59,13,659806,8308
350,3,659809,8309
49,4,659813,8310
109,44,659857,8311
987,8,659865,8312
3593,11,659876,8313
1623,16,659892,8314
64,78,659970,8315
84,78,660048,8316
138,23,660071,8317
125,79,660150,8318
225,48,660198,8319
654,161,660359,8320
109,29,660388,8321
452,177,660565,8322
322,69,660634,8323
1395,18,660652,8324
235,97,660749,8325
543,58,660807,8326
11,95,660902,8327
934,63,660965,8328
149,252,661217,8329
2659,40,661257,8330
362,32,661289,8331
431,209,661498,8332
60,49,661547,8333
13,19,661566,8334
409,106,661672,8335
3882,35,661707,8336
154,177,661884,8337
60,184,662068,8338
2728,11,662079,8339
9,84,662163,8340
123,14,662177,8341
509,155,662332,8342
245,21,662353,8343
392,16,662369,8344
773,60,662429,8345
463,136,662565,8346
143,154,662719,8347
191,58,662777,8348
2821,1,662778,8349
415,46,662824,8350
381,23,662847,8351
1333,47,662894,8352
188,10,662904,8353
1999,65,662969,8354
10,115,663084,8355
2141,66,663150,8356
628,46,663196,8357
81,147,663343,8358
261,117,663460,8359
521,91,663551,8360
139,6,663557,8361
307,146,663703,8362
4093,448,664151,8363
159,80,664231,8364
327,9,664240,8365
362,87,664327,8366
3483,60,664387,8367
555,4,664391,8368
110,174,664565,8369
18,94,664659,8370
3540,22,664681,8371
411,85,664766,8372
12,159,664925,8373
364,27,664952,8374
477,51,665003,8375
3570,3,665006,8376
115,145,665151,8377
260,16,665167,8378
154,162,665329,8379
323,4,665333,8380
81,21,665354,8381
57,76,665430,8382
121,163,665593,8383
472,13,665606,8384
54,44,665650,8385
328,68,665718,8386
127,13,665731,8387
254,275,666006,8388
96,34,666040,8389
126,261,666301,8390
128,128,666429,8391
384,79,666508,8392
138,47,666555,8393
362,76,666631,8394
517,21,666652,8395
1914,246,666898,8396
78,129,667027,8397
394,11,667038,8398
299,37,667075,8399
293,50,667125,8400
269,38,667163,8401
475,4,667167,8402
11,87,667254,8403
98,91,667345,8404
1666,81,667426,8405
1888,253,667679,8406
154,21,667700,8407
1455,276,667976,8408
231,11,667987,8409
17,69,668056,8410
2910,255,668311,8411
57,93,668404,8412
133,137,668541,8413
16,117,668658,8414
247,87,668745,8415
359,37,668782,8416
2742,87,668869,8417
17,12,668881,8418
103,74,668955,8419
140,14,668969,8420
2410,28,668997,8421
2918,97,669094,8422
132,76,669170,8423
3971,10,669180,8424
80,151,669331,8425
591,51,669382,8426
3428,49,669431,8427
66,90,669521,8428
2288,43,669564,8429
134,293,669857,8430
191,18,669875,8431
2550,44,669919,8432
549,36,669955,8433
132,6,669961,8434
2926,70,670031,8435
448,307,670338,8436
359,104,670442,8437
1843,15,670457,8438
2556,308,670765,8439
210,140,670905,8440
158,75,670980,8441
359,36,671016,8442
12,143,671159,8443
10,56,671215,8444
269,8,671223,8445
1117,18,671241,8446
118,15,671256,8447
2985,114,671370,8448
180,65,671435,8449
333,29,671464,8450
315,83,671547,8451
372,303,671850,8452
20,23,671873,8453
185,32,671905,8454
1477,64,671969,8455
3624,53,672022,8456
442,23,672045,8457
341,36,672081,8458
561,6,672087,8459
327,2,672089,8460
313,5,672094,8461
16,42,672136,8462
88,40,672176,8463
140,59,672235,8464
124,43,672278,8465
3815,35,672313,8466
3456,145,672458,8467
1379,5,672463,8468
212,261,672724,8469
107,151,672875,8470
3689,256,673131,8471
164,85,673216,8472
1596,61,673277,8473
164,18,673295,8474
76,26,673321,8475
276,26,673347,8476
309,61,673408,8477
234,22,673430,8478
202,2,673432,8479
4051,57,673489,8480
314,46,673535,8481
2221,54,673589,8482
12,21,673610,8483
382,46,673656,8484
55,73,673729,8485
320,79,673808,8486
154,47,673855,8487
3405,6,673861,8488
239,39,673900,8489
2114,203,674103,8490
1517,70,674173,8491
119,196,674369,8492
213,73,674442,8493
179,15,674457,8494
110,17,674474,8495
2518,15,674489,8496
311,138,674627,8497
234,44,674671,8498
12,13,674684,8499
283,322,675006,8500
1076,18,675024,8501
2396,31,675055,8502
196,9,675064,8503
130,38,675102,8504
584,221,675323,8505
331,10,675333,8506
3270,50,675383,8507
14,57,675440,8508
243,7,675447,8509
126,42,675489,8510
3634,38,675527,8511
302,31,675558,8512
149,47,675605,8513
1484,193,675798,8514
47,30,675828,8515
125,108,675936,8516
301,25,675961,8517
173,35,675996,8518
1940,142,676138,8519
98,14,676152,8520
3499,66,676218,8521
15,16,676234,8522
332,150,676384,8523
60,93,676477,8524
126,124,676601,8525
70,163,676764,8526
54,129,676893,8527
3778,26,676919,8528
396,21,676940,8529
311,10,676950,8530
70,29,676979,8531
1561,122,677101,8532
291,119,677220,8533
147,25,677245,8534
36,234,677479,8535
10,8,677487,8536
134,125,677612,8537
244,39,677651,8538
281,208,677859,8539
10,27,677886,8540
112,55,677941,8541
408,40,677981,8542
140,10,677991,8543
3356,55,678046,8544
58,20,678066,8545
645,57,678123,8546
136,3,678126,8547
2262,175,678301,8548
12,9,678310,8549
1638,99,678409,8550
390,42,678451,8551
111,79,678530,8552
395,17,678547,8553
609,554,679101,8554
544,114,679215,8555
73,42,679257,8556
297,120,679377,8557
691,120,679497,8558
11,157,679654,8559
365,42,679696,8560
298,41,679737,8561
182,38,679775,8562
291,80,679855,8563
412,9,679864,8564
264,87,679951,8565
822,19,679970,8566
364,103,680073,8567
77,81,680154,8568
161,191,680345,8569
105,360,680705,8570
223,12,680717,8571
483,165,680882,8572
120,57,680939,8573
300,207,681146,8574
114,1,681147,8575
474,7,681154,8576
125,233,681387,8577
3022,36,681423,8578
2931,29,681452,8579
270,8,681460,8580
1232,3,681463,8581
3057,258,681721,8582
33,92,681813,8583
135,480,682293,8584
144,3,682296,8585
2351,82,682378,8586
339,79,682457,8587
184,25,682482,8588
166,133,682615,8589
282,38,682653,8590
81,256,682909,8591
197,197,683106,8592
141,30,683136,8593
319,63,683199,8594
234,93,683292,8595
333,10,683302,8596
361,4,683306,8597
29,52,683358,8598
3999,275,683633,8599
2703,119,683752,8600
256,77,683829,8601
33,10,683839,8602
286,53,683892,8603
196,12,683904,8604
313,43,683947,8605
522,254,684201,8606
19,59,684260,8607
159,43,684303,8608
55,143,684446,8609
313,63,684509,8610
109,63,684572,8611
373,16,684588,8612
520,56,684644,8613
110,1,684645,8614
1231,4,684649,8615
132,81,684730,8616
146,22,684752,8617
176,29,684781,8618
35,44,684825,8619
4066,242,685067,8620
261,218,685285,8621
58,102,685387,8622
153,108,685495,8623
2688,63,685558,8624
236,4,685562,8625
247,33,685595,8626
3219,8,685603,8627
2270,46,685649,8628
3291,190,685839,8629
100,32,685871,8630
166,148,686019,8631
1797,6,686025,8632
356,8,686033,8633
322,185,686218,8634
261,219,686437,8635
134,182,686619,8636
1216,106,686725,8637
427,69,686794,8638
536,47,686841,8639
149,18,686859,8640
1756,16,686875,8641
137,116,686991,8642
53,72,687063,8643
330,62,687125,8644
2961,61,687186,8645
3525,101,687287,8646
201,20,687307,8647
160,99,687406,8648
20,260,687666,8649
295,35,687701,8650
456,165,687866,8651
221,80,687946,8652
60,49,687995,8653
3428,310,688305,8654
192,82,688387,8655
975,75,688462,8656
455,305,688767,8657
142,148,688915,8658
254,112,689027,8659
9,44,689071,8660
414,16,689087,8661
229,51,689138,8662
1038,82,689220,8663
192,34,689254,8664
9,54,689308,8665
323,8,689316,8666
253,14,689330,8667
441,32,689362,8668
249,10,689372,8669
286,48,689420,8670
419,57,689477,8671
1846,59,689536,8672
351,1,689537,8673
3080,200,689737,8674
111,29,689766,8675
279,151,689917,8676
161,109,690026,8677
367,40,690066,8678
539,49,690115,8679
170,84,690199,8680
275,66,690265,8681
2695,109,690374,8682
1091,245,690619,8683
2056,189,690808,8684
150,101,690909,8685
296,101,691010,8686
627,47,691057,8687
307,147,691204,8688
784,21,691225,8689
1065,16,691241,8690
138,34,691275,8691
389,49,691324,8692
284,143,691467,8693
248,121,691588,8694
172,87,691675,8695
193,2,691677,8696
124,57,691734,8697
110,341,692075,8698
113,240,692315,8699
13,63,692378,8700
355,49,692427,8701
15,173,692600,8702
486,27,692627,8703
1035,57,692684,8704
276,9,692693,8705
312,33,692726,8706
1581,15,692741,8707
147,102,692843,8708
327,94,692937,8709
314,32,692969,8710
9,126,693095,8711
130,15,693110,8712
194,34,693144,8713
10,17,693161,8714
3063,94,693255,8715
19,90,693345,8716
459,86,693431,8717
153,26,693457,8718
403,123,693580,8719
107,39,693619,8720
305,13,693632,8721
2396,1,693633,8722
107,78,693711,8723
90,57,693768,8724
16,21,693789,8725
65,87,693876,8726
1695,116,693992,8727
65,121,694113,8728
153,27,694140,8729
26,38,694178,8730
446,32,694210,8731
92,135,694345,8732
652,71,694416,8733
251,286,694702,8734
724,29,694731,8735
459,10,694741,8736
156,173,694914,8737
502,67,694981,8738
385,81,695062,8739
2608,2,695064,8740
2921,159,695223,8741
100,82,695305,8742
171,4,695309,8743
292,2,695311,8744
173,14,695325,8745
19,41,695366,8746
13,7,695373,8747
168,11,695384,8748
388,15,695399,8749
215,98,695497,8750
120,87,695584,8751
183,186,695770,8752
3422,103,695873,8753
71,101,695974,8754
2694,124,696098,8755
3963,49,696147,8756
129,244,696391,8757
2349,304,696695,8758
318,12,696707,8759
524,75,696782,8760
437,156,696938,8761
117,216,697154,8762
133,21,697175,8763
257,90,697265,8764
37,132,697397,8765
2398,38,697435,8766
293,140,697575,8767
188,16,697591,8768
2092,13,697604,8769
362,65,697669,8770
92,372,698041,8771
313,107,698148,8772
261,92,698240,8773
1718,117,698357,8774
790,88,698445,8775
75,20,698465,8776
108,89,698554,8777
397,34,698588,8778
119,21,698609,8779
244,7,698616,8780
63,156,698772,8781
3483,148,698920,8782
978,101,699021,8783
3058,54,699075,8784
18,45,699120,8785
237,131,699251,8786
452,8,699259,8787
97,1,699260,8788
1974,81,699341,8789
1135,40,699381,8790
4044,141,699522,8791
305,78,699600,8792
467,113,699713,8793
2815,91,699804,8794
274,96,699900,8795
116,47,699947,8796
138,38,699985,8797
150,8,699993,8798
220,101,700094,8799
273,48,700142,8800
910,57,700199,8801
3830,29,700228,8802
86,224,700452,8803
104,44,700496,8804
446,155,700651,8805
283,85,700736,8806
220,127,700863,8807
3118,78,700941,8808
347,2,700943,8809
226,47,700990,8810
1808,8,700998,8811
142,5,701003,8812
130,123,701126,8813
297,6,701132,8814
315,7,701139,8815
45,35,701174,8816
41,23,701197,8817
2368,178,701375,8818
122,36,701411,8819
423,60,701471,8820
391,2,701473,8821
2461,36,701509,8822
534,17,701526,8823
164,21,701547,8824
81,45,701592,8825
2232,55,701647,8826
48,44,701691,8827
533,153,701844,8828
3141,133,701977,8829
3295,125,702102,8830
123,110,702212,8831
108,123,702335,8832
161,158,702493,8833
144,8,702501,8834
406,174,702675,8835
259,23,702698,8836
339,226,702924,8837
251,30,702954,8838
289,46,703000,8839
148,16,703016,8840
301,84,703100,8841
18,268,703368,8842
2945,59,703427,8843
197,71,703498,8844
222,94,703592,8845
214,147,703739,8846
209,215,703954,8847
355,18,703972,8848
277,124,704096,8849
1540,27,704123,8850
235,69,704192,8851
188,111,704303,8852
2232,73,704376,8853
696,1,704377,8854
369,83,704460,8855
1637,12,704472,8856
895,64,704536,8857
291,107,704643,8858
96,54,704697,8859
344,14,704711,8860
2546,154,704865,8861
73,16,704881,8862
206,31,704912,8863
3589,74,704986,8864
3908,1,704987,8865
328,147,705134,8866
115,15,705149,8867
328,47,705196,8868
339,37,705233,8869
188,77,705310,8870
280,22,705332,8871
160,5,705337,8872
158,3,705340,8873
324,123,705463,8874
151,30,705493,8875
95,76,705569,8876
195,29,705598,8877
179,10,705608,8878
206,90,705698,8879
14,37,705735,8880
337,46,705781,8881
205,39,705820,8882
185,36,705856,8883
1196,6,705862,8884
301,272,706134,8885
120,76,706210,8886
318,9,706219,8887
505,4,706223,8888
278,182,706405,8889
23,13,706418,8890
142,366,706784,8891
73,83,706867,8892
653,20,706887,8893
54,23,706910,8894
65,263,707173,8895
275,196,707369,8896
147,156,707525,8897
1014,97,707622,8898
3287,84,707706,8899
294,8,707714,8900
368,17,707731,8901
16,85,707816,8902
2016,75,707891,8903
661,52,707943,8904
396,35,707978,8905
234,71,708049,8906
129,103,708152,8907
1427,105,708257,8908
253,23,708280,8909
129,43,708323,8910
538,22,708345,8911
2362,129,708474,8912
111,39,708513,8913
410,25,708538,8914
393,81,708619,8915
277,8,708627,8916
175,28,708655,8917
109,130,708785,8918
246,36,708821,8919
138,42,708863,8920
298,109,708972,8921
859,73,709045,8922
912,6,709051,8923
3319,61,709112,8924
3997,61,709173,8925
304,39,709212,8926
429,18,709230,8927
138,31,709261,8928
120,270,709531,8929
377,5,709536,8930
250,118,709654,8931
353,167,709821,8932
201,70,709891,8933
134,79,709970,8934
69,55,710025,8935
469,89,710114,8936
299,81,710195,8937
1710,50,710245,8938
683,8,710253,8939
181,22,710275,8940
428,497,710772,8941
324,31,710803,8942
171,206,711009,8943
129,26,711035,8944
497,103,711138,8945
188,39,711177,8946
197,41,711218,8947
301,5,711223,8948
511,52,711275,8949
70,30,711305,8950
349,64,711369,8951
321,47,711416,8952
64,22,711438,8953
517,249,711687,8954
281,32,711719,8955
3527,217,711936,8956
173,99,712035,8957
110,9,712044,8958
2560,37,712081,8959
382,131,712212,8960
11,148,712360,8961
189,524,712884,8962
380,75,712959,8963
76,141,713100,8964
48,161,713261,8965
180,3,713264,8966
865,46,713310,8967
411,90,713400,8968
344,75,713475,8969
3316,93,713568,8970
395,25,713593,8971
286,9,713602,8972
34,95,713697,8973
3486,127,713824,8974
228,51,713875,8975
115,90,713965,8976
119,16,713981,8977
239,14,713995,8978
314,67,714062,8979
1195,534,714596,8980
272,52,714648,8981
876,88,714736,8982
136,125,714861,8983
372,21,714882,8984
959,100,714982,8985
322,226,715208,8986
1274,10,715218,8987
347,9,715227,8988
844,49,715276,8989
40,28,715304,8990
1678,2,715306,8991
189,6,715312,8992
382,102,715414,8993
14,110,715524,8994
3838,163,715687,8995
165,22,715709,8996
348,29,715738,8997
114,20,715758,8998
2335,92,715850,8999
418,56,715906,9000
12,40,715946,9001
22,19,715965,9002
124,49,716014,9003
2188,1,716015,9004
502,193,716208,9005
292,140,716348,9006
39,200,716548,9007
563,25,716573,9008
3558,33,716606,9009
148,28,716634,9010
177,138,716772,9011
312,94,716866,9012
100,60,716926,9013
307,16,716942,9014
2042,50,716992,9015
128,285,717277,9016
670,11,717288,9017
245,96,717384,9018
1292,96,717480,9019
93,73,717553,9020
141,47,717600,9021
72,68,717668,9022
157,1,717669,9023
135,21,717690,9024
283,17,717707,9025
123,2,717709,9026
226,40,717749,9027
1728,294,718043,9028
108,116,718159,9029
599,59,718218,9030
136,184,718402,9031
2533,14,718416,9032
217,52,718468,9033
1735,284,718752,9034
15,162,718914,9035
514,87,719001,9036
175,107,719108,9037
106,64,719172,9038
354,49,719221,9039
410,105,719326,9040
13,2,719328,9041
234,240,719568,9042
310,34,719602,9043
17,33,719635,9044
272,33,719668,9045
2922,63,719731,9046
19,6,719737,9047
1245,63,719800,9048
156,274,720074,9049
882,1,720075,9050
148,164,720239,9051
4032,36,720275,9052
330,3,720278,9053
643,202,720480,9054
344,22,720502,9055
358,132,720634,9056
267,61,720695,9057
365,90,720785,9058
9,13,720798,9059
953,39,720837,9060
657,146,720983,9061
159,37,721020,9062
49,33,721053,9063
13,37,721090,9064
95,225,721315,9065
13,14,721329,9066
50,47,721376,9067
425,5,721381,9068
505,159,721540,9069
348,156,721696,9070
173,5,721701,9071
322,44,721745,9072
190,59,721804,9073
1052,67,721871,9074
424,18,721889,9075
104,62,721951,9076
365,1,721952,9077
2461,29,721981,9078
908,158,722139,9079
31,123,722262,9080
221,65,722327,9081
40,18,722345,9082
24,38,722383,9083
432,258,722641,9084
323,117,722758,9085
516,122,722880,9086
133,41,722921,9087
2993,246,723167,9088
214,161,723328,9089
19,32,723360,9090
296,49,723409,9091
332,87,723496,9092
355,178,723674,9093
11,53,723727,9094
201,35,723762,9095
164,109,723871,9096
391,13,723884,9097
262,30,723914,9098
361,33,723947,9099
15,185,724132,9100
934,6,724138,9101
100,17,724155,9102
3442,125,724280,9103
48,56,724336,9104
290,165,724501,9105
740,121,724622,9106
258,62,724684,9107
99,165,724849,9108
140,2,724851,9109
51,92,724943,9110
4065,64,725007,9111
537,97,725104,9112
3350,78,725182,9113
23,24,725206,9114
92,57,725263,9115
2169,94,725357,9116
3918,37,725394,9117
462,84,725478,9118
296,24,725502,9119
2716,52,725554,9120
375,70,725624,9121
291,24,725648,9122
104,97,725745,9123
378,36,725781,9124
183,14,725795,9125
146,41,725836,9126
2540,190,726026,9127
17,84,726110,9128
291,6,726116,9129
357,60,726176,9130
230,17,726193,9131
1685,216,726409,9132
147,6,726415,9133
595,13,726428,9134
384,182,726610,9135
292,46,726656,9136
3052,24,726680,9137
13,255,726935,9138
173,80,727015,9139
276,11,727026,9140
401,87,727113,9141
11,4,727117,9142
40,13,727130,9143
237,165,727295,9144
12,83,727378,9145
151,29,727407,9146
144,10,727417,9147
449,35,727452,9148
1899,90,727542,9149
368,1,727543,9150
206,100,727643,9151
124,187,727830,9152
306,62,727892,9153
409,186,728078,9154
375,183,728261,9155
335,30,728291,9156
2108,28,728319,9157
225,151,728470,9158
634,33,728503,9159
3645,22,728525,9160
9,19,728544,9161
820,24,728568,9162
455,72,728640,9163
3357,29,728669,9164
309,55,728724,9165
546,10,728734,9166
350,130,728864,9167
294,21,728885,9168
1407,37,728922,9169
496,240,729162,9170
3316,143,729305,9171
21,135,729440,9172
4029,212,729652,9173
233,6,729658,9174
116,39,729697,9175
57,25,729722,9176
1701,171,729893,9177
860,99,729992,9178
311,68,730060,9179
314,1,730061,9180
293,2,730063,9181
16,33,730096,9182
306,58,730154,9183
483,12,730166,9184
512,125,730291,9185
2600,123,730414,9186
148,38,730452,9187
2562,32,730484,9188
15,2,730486,9189
156,141,730627,9190
28,7,730634,9191
3855,288,730922,9192
18,180,731102,9193
375,231,731333,9194
394,130,731463,9195
125,13,731476,9196
1863,31,731507,9197
97,328,731835,9198
3854,118,731953,9199
163,5,731958,9200
259,43,732001,9201
570,209,732210,9202
899,18,732228,9203
3741,9,732237,9204
103,117,732354,9205
420,142,732496,9206
252,177,732673,9207
577,6,732679,9208
2471,14,732693,9209
210,146,732839,9210
61,89,732928,9211
332,1,732929,9212
947,72,733001,9213
420,126,733127,9214
2102,197,733324,9215
581,18,733342,9216
17,135,733477,9217
129,87,733564,9218
551,4,733568,9219
332,29,733597,9220
475,98,733695,9221
128,1,733696,9222
250,57,733753,9223
119,143,733896,9224
535,41,733937,9225
181,130,734067,9226
258,57,734124,9227
694,77,734201,9228
3908,12,734213,9229
50,288,734501,9230
117,133,734634,9231
250,124,734758,9232
467,68,734826,9233
2827,22,734848,9234
11,222,735070,9235
115,2,735072,9236
840,19,735091,9237
47,14,735105,9238
11,141,735246,9239
463,303,735549,9240
1671,38,735587,9241
2345,55,735642,9242
9,28,735670,9243
504,30,735700,9244
280,49,735749,9245
200,11,735760,9246
11,17,735777,9247
85,62,735839,9248
3189,149,735988,9249
513,10,735998,9250
169,167,736165,9251
358,46,736211,9252
88,194,736405,9253
198,103,736508,9254
92,39,736547,9255
219,11,736558,9256
341,48,736606,9257
138,13,736619,9258
180,145,736764,9259
325,26,736790,9260
95,70,736860,9261
740,70,736930,9262
449,22,736952,9263
41,95,737047,9264
118,88,737135,9265
4085,4,737139,9266
225,55,737194,9267
374,107,737301,9268
14,3,737304,9269
650,85,737389,9270
111,188,737577,9271
1332,31,737608,9272
345,56,737664,9273
2203,216,737880,9274
425,2,737882,9275
141,131,738013,9276
276,141,738154,9277
399,234,738388,9278
129,27,738415,9279
3233,43,738458,9280
797,99,738557,9281
51,245,738802,9282
461,102,738904,9283
336,77,738981,9284
120,37,739018,9285
414,108,739126,9286
287,112,739238,9287
195,278,739516,9288
137,33,739549,9289
410,41,739590,9290
275,18,739608,9291
1890,57,739665,9292
545,39,739704,9293
611,69,739773,9294
410,1,739774,9295
1489,92,739866,9296
23,185,740051,9297
254,65,740116,9298
1698,316,740432,9299
296,50,740482,9300
136,56,740538,9301
58,38,740576,9302
2370,2,740578,9303
19,32,740610,9304
513,140,740750,9305
395,34,740784,9306
1776,26,740810,9307
144,176,740986,9308
1725,22,741008,9309
150,89,741097,9310
1425,69,741166,9311
90,66,741232,9312
251,349,741581,9313
151,13,741594,9314
331,102,741696,9315
265,57,741753,9316
70,61,741814,9317
55,6,741820,9318
125,18,741838,9319
622,472,742310,9320
314,1,742311,9321
288,4,742315,9322
4086,16,742331,9323
131,23,742354,9324
454,64,742418,9325
187,177,742595,9326
292,66,742661,9327
3516,68,742729,9328
354,45,742774,9329
324,111,742885,9330
204,171,743056,9331
282,225,743281,9332
3603,339,743620,9333
412,29,743649,9334
1482,126,743775,9335
18,301,744076,9336
99,30,744106,9337
294,472,744578,9338
284,4,744582,9339
638,84,744666,9340
123,45,744711,9341
188,56,744767,9342
332,103,744870,9343
778,102,744972,9344
516,20,744992,9345
106,108,745100,9346
238,6,745106,9347
1060,6,745112,9348
188,97,745209,9349
2562,50,745259,9350
13,147,745406,9351
271,62,745468,9352
417,106,745574,9353
361,10,745584,9354
3924,47,745631,9355
3958,24,745655,9356
161,25,745680,9357
322,114,745794,9358
304,87,745881,9359
791,77,745958,9360
272,12,745970,9361
2730,53,746023,9362
335,84,746107,9363
118,49,746156,9364
174,89,746245,9365
2702,45,746290,9366
33,137,746427,9367
31,14,746441,9368
310,36,746477,9369
334,209,746686,9370
1366,29,746715,9371
204,62,746777,9372
18,102,746879,9373
111,47,746926,9374
3333,51,746977,9375
332,26,747003,9376
128,223,747226,9377
235,4,747230,9378
235,128,747358,9379
412,93,747451,9380
3562,119,747570,9381
33,6,747576,9382
384,51,747627,9383
3975,169,747796,9384
10,34,747830,9385
417,9,747839,9386
49,198,748037,9387
208,1,748038,9388
241,31,748069,9389
463,26,748095,9390
3232,134,748229,9391
118,75,748304,9392
11,9,748313,9393
16,13,748326,9394
32,112,748438,9395
24,48,748486,9396
290,126,748612,9397
1380,109,748721,9398
3340,21,748742,9399
40,14,748756,9400
314,167,748923,9401
236,94,749017,9402
216,75,749092,9403
97,163,749255,9404
11,31,749286,9405
117,22,749308,9406
548,126,749434,9407
148,68,749502,9408
2000,130,749632,9409
2427,83,749715,9410
2390,6,749721,9411
11,390,750111,9412
1017,29,750140,9413
222,120,750260,9414
156,157,750417,9415
420,7,750424,9416
293,56,750480,9417
13,150,750630,9418
118,62,750692,9419
2687,123,750815,9420
2110,113,750928,9421
164,13,750941,9422
117,101,751042,9423
250,276,751318,9424
1463,177,751495,9425
279,14,751509,9426
321,298,751807,9427
109,62,751869,9428
126,28,751897,9429
39,11,751908,9430
1060,22,751930,9431
273,208,752138,9432
14,137,752275,9433
47,36,752311,9434
100,34,752345,9435
193,163,752508,9436
19,187,752695,9437
95,310,753005,9438
253,22,753027,9439
256,117,753144,9440
3211,3,753147,9441
426,130,753277,9442
3543,264,753541,9443
2201,99,753640,9444
2475,129,753769,9445
437,4,753773,9446
3441,58,753831,9447
54,133,753964,9448
176,149,754113,9449
235,49,754162,9450
16,66,754228,9451
1896,2,754230,9452
754,29,754259,9453
211,153,754412,9454
123,16,754428,9455
126,61,754489,9456
157,414,754903,9457
17,32,754935,9458
266,21,754956,9459
2337,27,754983,9460
3215,204,755187,9461
164,17,755204,9462
897,11,755215,9463
322,150,755365,9464
143,8,755373,9465
428,442,755815,9466
449,61,755876,9467
259,24,755900,9468
11,49,755949,9469
310,42,755991,9470
191,271,756262,9471
1815,116,756378,9472
118,210,756588,9473
155,57,756645,9474
1987,57,756702,9475
221,96,756798,9476
3430,141,756939,9477
370,85,757024,9478
256,39,757063,9479
109,19,757082,9480
434,81,757163,9481
147,3,757166,9482
572,104,757270,9483
331,81,757351,9484
25,48,757399,9485
473,156,757555,9486
132,13,757568,9487
26,99,757667,9488
66,187,757854,9489
13,208,758062,9490
322,25,758087,9491
415,4,758091,9492
579,143,758234,9493
170,1,758235,9494
244,73,758308,9495
314,260,758568,9496
1294,11,758579,9497
1589,45,758624,9498
252,8,758632,9499
156,42,758674,9500
329,60,758734,9501
1152,59,758793,9502
496,23,758816,9503
257,190,759006,9504
10,110,759116,9505
2818,83,759199,9506
12,10,759209,9507
249,40,759249,9508
199,27,759276,9509
306,116,759392,9510
11,210,759602,9511
191,280,759882,9512
1859,111,759993,9513
149,58,760051,9514
303,87,760138,9515
139,91,760229,9516
411,51,760280,9517
145,11,760291,9518
335,3,760294,9519
337,27,760321,9520
323,130,760451,9521
3948,94,760545,9522
136,4,760549,9523
68,98,760647,9524
542,212,760859,9525
323,67,760926,9526
2462,79,761005,9527
253,34,761039,9528
2224,207,761246,9529
106,41,761287,9530
1744,164,761451,9531
1271,61,761512,9532
9,4,761516,9533
949,570,762086,9534
85,15,762101,9535
45,103,762204,9536
738,73,762277,9537
55,45,762322,9538
217,167,762489,9539
330,136,762625,9540
2846,6,762631,9541
399,40,762671,9542
316,113,762784,9543
102,36,762820,9544
155,35,762855,9545
3403,129,762984,9546
403,38,763022,9547
2013,17,763039,9548
577,25,763064,9549
115,78,763142,9550
281,62,763204,9551
415,138,763342,9552
37,211,763553,9553
151,128,763681,9554
420,34,763715,9555
415,88,763803,9556
11,65,763868,9557
1255,28,763896,9558
767,35,763931,9559
108,202,764133,9560
54,16,764149,9561
545,21,764170,9562
153,137,764307,9563
1810,61,764368,9564
2497,124,764492,9565
337,90,764582,9566
62,3,764585,9567
388,189,764774,9568
106,215,764989,9569
3060,71,765060,9570
43,26,765086,9571
526,76,765162,9572
102,19,765181,9573
234,202,765383,9574
263,2,765385,9575
15,85,765470,9576
504,56,765526,9577
149,68,765594,9578
207,82,765676,9579
216,3,765679,9580
1176,106,765785,9581
4075,114,765899,9582
127,6,765905,9583
39,182,766087,9584
442,7,766094,9585
2072,72,766166,9586
139,18,766184,9587
146,76,766260,9588
195,155,766415,9589
1693,202,766617,9590
11,253,766870,9591
143,53,766923,9592
341,8,766931,9593
282,56,766987,9594
73,6,766993,9595
15,12,767005,9596
48,187,767192,9597
543,332,767524,9598
180,56,767580,9599
434,230,767810,9600
110,15,767825,9601
1543,30,767855,9602
16,62,767917,9603
2228,35,767952,9604
336,16,767968,9605
342,105,768073,9606
290,29,768102,9607
142,70,768172,9608
263,39,768211,9609
379,19,768230,9610
25,140,768370,9611
444,59,768429,9612
1147,3,768432,9613
100,49,768481,9614
172,94,768575,9615
13,151,768726,9616
203,138,768864,9617
4056,236,769100,9618
228,134,769234,9619
275,4,769238,9620
258,102,769340,9621
339,119,769459,9622
265,2,769461,9623
32,111,769572,9624
260,10,769582,9625
21,62,769644,9626
59,150,769794,9627
113,3,769797,9628
17,90,769887,9629
741,20,769907,9630
365,10,769917,9631
44,234,770151,9632
419,19,770170,9633
55,62,770232,9634
627,92,770324,9635
62,109,770433,9636
131,150,770583,9637
500,8,770591,9638
380,65,770656,9639
274,51,770707,9640
107,39,770746,9641
140,157,770903,9642
335,97,771000,9643
1092,44,771044,9644
203,36,771080,9645
348,5,771085,9646
195,149,771234,9647
542,31,771265,9648
134,7,771272,9649
127,167,771439,9650
225,35,771474,9651
2476,72,771546,9652
1486,184,771730,9653
26,37,771767,9654
91,75,771842,9655
87,41,771883,9656
14,20,771903,9657
175,95,771998,9658
34,22,772020,9659
75,139,772159,9660
1577,185,772344,9661
1768,85,772429,9662
377,22,772451,9663
903,15,772466,9664
104,13,772479,9665
447,21,772500,9666
302,159,772659,9667
937,51,772710,9668
121,44,772754,9669
319,47,772801,9670
764,193,772994,9671
264,48,773042,9672
217,75,773117,9673
301,210,773327,9674
118,39,773366,9675
1022,18,773384,9676
11,14,773398,9677
1095,49,773447,9678
305,17,773464,9679
216,19,773483,9680
471,32,773515,9681
101,144,773659,9682
127,198,773857,9683
419,60,773917,9684
28,116,774033,9685
865,88,774121,9686
189,83,774204,9687
276,12,774216,9688
77,40,774256,9689
142,76,774332,9690
135,68,774400,9691
932,66,774466,9692
364,11,774477,9693
366,18,774495,9694
181,115,774610,9695
496,13,774623,9696
154,222,774845,9697
391,84,774929,9698
2815,31,774960,9699
349,63,775023,9700
14,4,775027,9701
356,59,775086,9702
151,28,775114,9703
320,129,775243,9704
2607,58,775301,9705
2947,170,775471,9706
264,110,775581,9707
1511,110,775691,9708
219,40,775731,9709
10,28,775759,9710
118,22,775781,9711
396,9,775790,9712
285,395,776185,9713
255,117,776302,9714
320,87,776389,9715
3022,30,776419,9716
80,41,776460,9717
301,7,776467,9718
2503,108,776575,9719
645,35,776610,9720
311,27,776637,9721
818,73,776710,9722
146,20,776730,9723
147,13,776743,9724
402,62,776805,9725
3355,9,776814,9726
144,42,776856,9727
133,38,776894,9728
170,6,776900,9729
532,135,777035,9730
204,27,777062,9731
634,52,777114,9732
71,39,777153,9733
1492,28,777181,9734
32,58,777239,9735
111,59,777298,9736
443,159,777457,9737
220,62,777519,9738
465,40,777559,9739
293,54,777613,9740
23,69,777682,9741
356,100,777782,9742
544,76,777858,9743
1060,19,777877,9744
51,25,777902,9745
177,176,778078,9746
280,69,778147,9747
498,151,778298,9748
13,105,778403,9749
150,33,778436,9750
290,128,778564,9751
125,44,778608,9752
368,10,778618,9753
3090,25,778643,9754
468,55,778698,9755
3699,1,778699,9756
368,85,778784,9757
2194,55,778839,9758
2899,33,778872,9759
1224,67,778939,9760
974,12,778951,9761
3953,2,778953,9762
518,249,779202,9763
3370,21,779223,9764
282,22,779245,9765
220,83,779328,9766
105,223,779551,9767
191,223,779774,9768
1915,206,779980,9769
262,70,780050,9770
144,17,780067,9771
219,205,780272,9772
396,30,780302,9773
398,166,780468,9774
115,9,780477,9775
3983,50,780527,9776
2246,29,780556,9777
193,53,780609,9778
901,35,780644,9779
369,6,780650,9780
123,17,780667,9781
323,4,780671,9782
112,7,780678,9783
336,69,780747,9784
371,256,781003,9785
9,48,781051,9786
94,52,781103,9787
319,271,781374,9788
137,48,781422,9789
29,57,781479,9790
1858,19,781498,9791
3271,120,781618,9792
129,56,781674,9793
15,261,781935,9794
3249,83,782018,9795
464,74,782092,9796
297,81,782173,9797
218,25,782198,9798
957,164,782362,9799
193,32,782394,9800
195,178,782572,9801
3976,47,782619,9802
353,55,782674,9803
2451,143,782817,9804
296,22,782839,9805
317,144,782983,9806
3747,87,783070,9807
184,76,783146,9808
261,41,783187,9809
162,37,783224,9810
292,33,783257,9811
1983,49,783306,9812
76,31,783337,9813
2292,23,783360,9814
2855,50,783410,9815
1967,144,783554,9816
128,13,783567,9817
293,53,783620,9818
1934,69,783689,9819
3207,151,783840,9820
123,51,783891,9821
64,27,783918,9822
145,84,784002,9823
1538,167,784169,9824
212,84,784253,9825
401,351,784604,9826
285,42,784646,9827
34,69,784715,9828
341,312,785027,9829
677,375,785402,9830
304,106,785508,9831
548,109,785617,9832
43,33,785650,9833
2975,107,785757,9834
124,79,785836,9835
1282,244,786080,9836
331,65,786145,9837
147,3,786148,9838
137,103,786251,9839
209,13,786264,9840
498,48,786312,9841
333,17,786329,9842
191,192,786521,9843
68,39,786560,9844
320,44,786604,9845
282,245,786849,9846
195,70,786919,9847
9,273,787192,9848
10,33,787225,9849
2604,398,787623,9850
134,143,787766,9851
119,122,787888,9852
3263,135,788023,9853
117,286,788309,9854
164,83,788392,9855
57,86,788478,9856
435,20,788498,9857
495,35,788533,9858
230,174,788707,9859
12,100,788807,9860
1377,213,789020,9861
58,223,789243,9862
357,69,789312,9863
3254,369,789681,9864
461,25,789706,9865
26,20,789726,9866
151,536,790262,9867
17,30,790292,9868
9,186,790478,9869
267,33,790511,9870
3279,245,790756,9871
310,184,790940,9872
156,95,791035,9873
730,228,791263,9874
303,92,791355,9875
3361,863,792218,9876
3227,25,792243,9877
149,396,792639,9878
1434,135,792774,9879
68,9,792783,9880
298,29,792812,9881
3792,106,792918,9882
181,11,792929,9883
150,14,792943,9884
50,90,793033,9885
42,4,793037,9886
132,42,793079,9887
186,79,793158,9888
168,25,793183,9889
178,55,793238,9890
347,134,793372,9891
304,188,793560,9892
307,429,793989,9893
2937,117,794106,9894
102,45,794151,9895
154,111,794262,9896
228,186,794448,9897
1087,146,794594,9898
663,90,794684,9899
466,245,794929,9900
649,242,795171,9901
249,73,795244,9902
312,34,795278,9903
187,210,795488,9904
127,263,795751,9905
467,15,795766,9906
131,67,795833,9907
2753,49,795882,9908
3997,96,795978,9909
2805,6,795984,9910
2019,70,796054,9911
328,6,796060,9912
3969,34,796094,9913
375,83,796177,9914
106,90,796267,9915
137,31,796298,9916
284,14,796312,9917
111,13,796325,9918
148,174,796499,9919
253,10,796509,9920
457,39,796548,9921
22,301,796849,9922
11,138,796987,9923
180,230,797217,9924
533,110,797327,9925
3630,102,797429,9926
157,69,797498,9927
302,111,797609,9928
109,33,797642,9929
3294,55,797697,9930
229,101,797798,9931
3942,17,797815,9932
156,58,797873,9933
37,115,797988,9934
1020,29,798017,9935
1629,37,798054,9936
40,3,798057,9937
302,56,798113,9938
151,88,798201,9939
111,253,798454,9940
311,180,798634,9941
127,54,798688,9942
347,185,798873,9943
225,7,798880,9944
3261,355,799235,9945
130,64,799299,9946
28,5,799304,9947
251,23,799327,9948
57,17,799344,9949
307,16,799360,9950
140,12,799372,9951
391,39,799411,9952
112,86,799497,9953
386,19,799516,9954
143,170,799686,9955
1705,258,799944,9956
213,120,800064,9957
130,90,800154,9958
138,48,800202,9959
113,99,800301,9960
13,76,800377,9961
15,126,800503,9962
283,62,800565,9963
460,28,800593,9964
137,165,800758,9965
525,82,800840,9966
4023,43,800883,9967
382,64,800947,9968
47,71,801018,9969
282,9,801027,9970
103,41,801068,9971
160,7,801075,9972
292,38,801113,9973
449,72,801185,9974
2201,26,801211,9975
345,5,801216,9976
1958,18,801234,9977
303,5,801239,9978
189,89,801328,9979
1330,89,801417,9980
275,19,801436,9981
249,19,801455,9982
38,154,801609,9983
238,77,801686,9984
2840,174,801860,9985
185,36,801896,9986
116,37,801933,9987
132,10,801943,9988
3377,21,801964,9989
406,24,801988,9990
663,77,802065,9991
277,113,802178,9992
3316,10,802188,9993
395,10,802198,9994
4046,51,802249,9995
395,16,802265,9996
609,3,802268,9997
1538,59,802327,9998
3509,113,802440,9999
247,56,802496,10000
135,10,802506,10001
88,40,802546,10002
306,58,802604,10003
280,28,802632,10004
281,58,802690,10005
1828,195,802885,10006
2280,37,802922,10007
2306,133,803055,10008
10,88,803143,10009
294,32,803175,10010
154,5,803180,10011
52,36,803216,10012
362,224,803440,10013
2864,246,803686,10014
419,33,803719,10015
1020,80,803799,10016
403,191,803990,10017
43,58,804048,10018
254,75,804123,10019
23,24,804147,10020
112,9,804156,10021
3472,20,804176,10022
273,56,804232,10023
447,22,804254,10024
118,23,804277,10025
12,22,804299,10026
287,130,804429,10027
586,80,804509,10028
67,2,804511,10029
470,228,804739,10030
347,70,804809,10031
52,34,804843,10032
738,10,804853,10033
424,90,804943,10034
3510,119,805062,10035
149,12,805074,10036
132,5,805079,10037
370,178,805257,10038
341,48,805305,10039
286,72,805377,10040
99,41,805418,10041
265,109,805527,10042
233,54,805581,10043
317,121,805702,10044
260,250,805952,10045
217,51,806003,10046
388,37,806040,10047
25,172,806212,10048
70,119,806331,10049
3361,87,806418,10050
26,14,806432,10051
374,6,806438,10052
281,67,806505,10053
108,79,806584,10054
158,54,806638,10055
3017,82,806720,10056
115,197,806917,10057
146,81,806998,10058
162,56,807054,10059
364,13,807067,10060
3799,6,807073,10061
138,27,807100,10062
225,7,807107,10063
405,70,807177,10064
1976,114,807291,10065
3211,23,807314,10066
374,89,807403,10067
493,45,807448,10068
430,13,807461,10069
415,6,807467,10070
314,29,807496,10071
189,12,807508,10072
50,342,807850,10073
129,220,808070,10074
525,39,808109,10075
460,85,808194,10076
1859,47,808241,10077
2056,91,808332,10078
114,16,808348,10079
30,36,808384,10080
354,260,808644,10081
130,28,808672,10082
76,14,808686,10083
313,24,808710,10084
500,104,808814,10085
3515,71,808885,10086
267,36,808921,10087
284,31,808952,10088
92,16,808968,10089
2714,7,808975,10090
616,177,809152,10091
2326,6,809158,10092
623,385,809543,10093
2408,98,809641,10094
3391,67,809708,10095
217,13,809721,10096
3106,29,809750,10097
85,116,809866,10098
317,60,809926,10099
377,74,810000,10100
18,97,810097,10101
3687,90,810187,10102
799,6,810193,10103
144,272,810465,10104
490,27,810492,10105
236,12,810504,10106
17,98,810602,10107
3933,19,810621,10108
124,82,810703,10109
94,45,810748,10110
510,124,810872,10111
305,115,810987,10112
366,60,811047,10113
1938,147,811194,10114
231,27,811221,10115
502,45,811266,10116
1819,88,811354,10117
1032,9,811363,10118
396,11,811374,10119
200,211,811585,10120
549,15,811600,10121
156,6,811606,10122
13,51,811657,10123
293,50,811707,10124
2778,70,811777,10125
1877,22,811799,10126
4046,146,811945,10127
399,13,811958,10128
3820,5,811963,10129
125,146,812109,10130
3559,35,812144,10131
449,270,812414,10132
109,88,812502,10133
151,64,812566,10134
3441,75,812641,10135
163,1,812642,10136
41,25,812667,10137
4033,117,812784,10138
483,83,812867,10139
473,3,812870,10140
101,24,812894,10141
87,47,812941,10142
78,158,813099,10143
3154,204,813303,10144
434,172,813475,10145
313,29,813504,10146
368,43,813547,10147
3537,189,813736,10148
300,41,813777,10149
148,2,813779,10150
268,24,813803,10151
339,29,813832,10152
2719,6,813838,10153
4014,6,813844,10154
145,41,813885,10155
132,9,813894,10156
13,596,814490,10157
374,235,814725,10158
1093,25,814750,10159
2486,41,814791,10160
17,197,814988,10161
59,72,815060,10162
3633,19,815079,10163
212,132,815211,10164
282,40,815251,10165
371,19,815270,10166
295,219,815489,10167
272,11,815500,10168
13,24,815524,10169
91,1,815525,10170
321,18,815543,10171
319,68,815611,10172
113,24,815635,10173
473,14,815649,10174
111,157,815806,10175
277,40,815846,10176
234,26,815872,10177
3048,46,815918,10178
3649,34,815952,10179
398,37,815989,10180
1565,75,816064,10181
69,56,816120,10182
294,12,816132,10183
279,21,816153,10184
198,113,816266,10185
201,143,816409,10186
13,27,816436,10187
224,27,816463,10188
405,166,816629,10189
14,92,816721,10190
12,41,816762,10191
485,61,816823,10192
2600,3,816826,10193
3552,109,816935,10194
143,350,817285,10195
294,25,817310,10196
120,61,817371,10197
37,21,817392,10198
120,21,817413,10199
89,100,817513,10200
282,9,817522,10201
228,142,817664,10202
1227,61,817725,10203
483,61,817786,10204
9,63,817849,10205
612,209,818058,10206
306,25,818083,10207
301,14,818097,10208
807,12,818109,10209
243,233,818342,10210
1811,19,818361,10211
177,29,818390,10212
498,56,818446,10213
17,55,818501,10214
446,56,818557,10215
218,61,818618,10216
643,79,818697,10217
123,111,818808,10218
338,109,818917,10219
133,27,818944,10220
412,132,819076,10221
1695,160,819236,10222
148,80,819316,10223
318,17,819333,10224
2242,180,819513,10225
344,469,819982,10226
28,20,820002,10227
763,56,820058,10228
117,21,820079,10229
196,12,820091,10230
412,32,820123,10231
254,148,820271,10232
357,69,820340,10233
118,98,820438,10234
75,31,820469,10235
23,16,820485,10236
1814,60,820545,10237
2916,346,820891,10238
648,48,820939,10239
151,6,820945,10240
23,8,820953,10241
245,57,821010,10242
59,3,821013,10243
55,25,821038,10244
57,190,821228,10245
109,29,821257,10246
248,22,821279,10247
19,314,821593,10248
1054,23,821616,10249
321,2,821618,10250
66,12,821630,10251
617,36,821666,10252
3854,115,821781,10253
135,46,821827,10254
379,78,821905,10255
328,110,822015,10256
395,13,822028,10257
231,50,822078,10258
32,19,822097,10259
125,171,822268,10260
222,12,822280,10261
14,215,822495,10262
3461,3,822498,10263
141,9,822507,10264
28,3,822510,10265
154,18,822528,10266
1221,38,822566,10267
447,1,822567,10268
3899,283,822850,10269
133,11,822861,10270
396,131,822992,10271
625,47,823039,10272
363,407,823446,10273
1910,4,823450,10274
874,228,823678,10275
2618,85,823763,10276
174,52,823815,10277
1229,42,823857,10278
75,10,823867,10279
392,22,823889,10280
349,17,823906,10281
432,138,824044,10282
2786,70,824114,10283
119,86,824200,10284
2092,74,824274,10285
332,22,824296,10286
2963,72,824368,10287
525,74,824442,10288
1004,95,824537,10289
174,61,824598,10290
1347,47,824645,10291
496,56,824701,10292
340,31,824732,10293
150,21,824753,10294
3563,129,824882,10295
155,72,824954,10296
40,25,824979,10297
217,133,825112,10298
233,84,825196,10299
384,18,825214,10300
179,55,825269,10301
227,46,825315,10302
213,54,825369,10303
2854,169,825538,10304
312,8,825546,10305
103,97,825643,10306
1096,28,825671,10307
296,16,825687,10308
229,238,825925,10309
88,131,826056,10310
75,10,826066,10311
66,191,826257,10312
188,24,826281,10313
3479,15,826296,10314
267,246,826542,10315
577,145,826687,10316
3050,90,826777,10317
626,9,826786,10318
419,316,827102,10319
749,20,827122,10320
232,18,827140,10321
269,268,827408,10322
131,195,827603,10323
135,197,827800,10324
170,1,827801,10325
248,39,827840,10326
243,19,827859,10327
843,166,828025,10328
41,8,828033,10329
517,2,828035,10330
11,38,828073,10331
313,83,828156,10332
157,33,828189,10333
295,52,828241,10334
2207,165,828406,10335
10,79,828485,10336
98,16,828501,10337
149,13,828514,10338
136,6,828520,10339
3012,5,828525,10340
129,98,828623,10341
117,75,828698,10342
98,62,828760,10343
114,86,828846,10344
345,6,828852,10345
168,373,829225,10346
208,51,829276,10347
304,11,829287,10348
150,216,829503,10349
309,113,829616,10350
334,14,829630,10351
122,88,829718,10352
331,60,829778,10353
46,24,829802,10354
495,225,830027,10355
162,30,830057,10356
123,12,830069,10357
2966,44,830113,10358
45,77,830190,10359
252,40,830230,10360
309,23,830253,10361
792,24,830277,10362
608,74,830351,10363
331,42,830393,10364
151,95,830488,10365
2164,21,830509,10366
1656,119,830628,10367
21,3,830631,10368
260,27,830658,10369
232,23,830681,10370
393,10,830691,10371
1669,395,831086,10372
409,111,831197,10373
271,5,831202,10374
144,531,831733,10375
88,50,831783,10376
331,148,831931,10377
1614,76,832007,10378
274,59,832066,10379
348,238,832304,10380
426,27,832331,10381
198,146,832477,10382
3085,64,832541,10383
323,60,832601,10384
36,11,832612,10385
4078,126,832738,10386
2655,40,832778,10387
353,8,832786,10388
305,59,832845,10389
337,170,833015,10390
238,22,833037,10391
126,39,833076,10392
378,236,833312,10393
10,2,833314,10394
1559,3,833317,10395
197,67,833384,10396
40,29,833413,10397
1955,31,833444,10398
533,57,833501,10399
107,62,833563,10400
238,72,833635,10401
163,23,833658,10402
31,91,833749,10403
297,12,833761,10404
251,88,833849,10405
255,92,833941,10406
431,40,833981,10407
2859,51,834032,10408
127,65,834097,10409
281,19,834116,10410
344,12,834128,10411
345,64,834192,10412
85,131,834323,10413
97,54,834377,10414
262,165,834542,10415
804,22,834564,10416
158,59,834623,10417
296,9,834632,10418
3529,5,834637,10419
100,21,834658,10420
72,24,834682,10421
735,40,834722,10422
3702,230,834952,10423
165,77,835029,10424
2168,19,835048,10425
165,232,835280,10426
2005,131,835411,10427
2987,8,835419,10428
414,74,835493,10429
906,113,835606,10430
3510,181,835787,10431
84,152,835939,10432
112,195,836134,10433
202,63,836197,10434
13,1,836198,10435
2176,1,836199,10436
113,89,836288,10437
1395,147,836435,10438
13,85,836520,10439
360,167,836687,10440
254,331,837018,10441
157,84,837102,10442
1760,93,837195,10443
3410,112,837307,10444
3343,2,837309,10445
10,7,837316,10446
398,26,837342,10447
169,37,837379,10448
1857,93,837472,10449
127,83,837555,10450
336,82,837637,10451
139,117,837754,10452
534,93,837847,10453
169,58,837905,10454
3083,32,837937,10455
2213,62,837999,10456
312,36,838035,10457
611,97,838132,10458
311,50,838182,10459
256,52,838234,10460
85,64,838298,10461
1070,19,838317,10462
181,13,838330,10463
604,66,838396,10464
1947,153,838549,10465
150,90,838639,10466
298,140,838779,10467
14,41,838820,10468
155,43,838863,10469
132,67,838930,10470
142,66,838996,10471
275,31,839027,10472
270,179,839206,10473
3804,4,839210,10474
388,38,839248,10475
1898,276,839524,10476
331,47,839571,10477
477,88,839659,10478
9,2,839661,10479
370,67,839728,10480
138,164,839892,10481
177,22,839914,10482
882,76,839990,10483
88,102,840092,10484
142,51,840143,10485
115,127,840270,10486
373,74,840344,10487
236,113,840457,10488
631,74,840531,10489
2940,17,840548,10490
208,1,840549,10491
338,14,840563,10492
259,121,840684,10493
233,13,840697,10494
112,148,840845,10495
298,28,840873,10496
3708,25,840898,10497
89,29,840927,10498
45,63,840990,10499
307,57,841047,10500
868,57,841104,10501
515,232,841336,10502
1781,7,841343,10503
219,87,841430,10504
19,48,841478,10505
167,32,841510,10506
144,103,841613,10507
526,47,841660,10508
372,68,841728,10509
1672,105,841833,10510
237,40,841873,10511
241,109,841982,10512
177,51,842033,10513
158,143,842176,10514
287,3,842179,10515
749,29,842208,10516
2628,14,842222,10517
20,8,842230,10518
342,27,842257,10519
160,42,842299,10520
164,104,842403,10521
170,77,842480,10522
697,6,842486,10523
130,57,842543,10524
79,335,842878,10525
2427,133,843011,10526
289,7,843018,10527
2662,174,843192,10528
854,226,843418,10529
875,143,843561,10530
465,330,843891,10531
14,25,843916,10532
3708,1,843917,10533
2689,62,843979,10534
195,25,844004,10535
272,471,844475,10536
108,128,844603,10537
273,6,844609,10538
181,93,844702,10539
533,47,844749,10540
137,173,844922,10541
343,91,845013,10542
54,57,845070,10543
32,224,845294,10544
340,96,845390,10545
25,52,845442,10546
25,10,845452,10547
203,42,845494,10548
22,18,845512,10549
11,6,845518,10550
3758,150,845668,10551
3665,190,845858,10552
359,27,845885,10553
341,31,845916,10554
31,50,845966,10555
83,26,845992,10556
452,34,846026,10557
1722,72,846098,10558
421,12,846110,10559
277,70,846180,10560
176,48,846228,10561
2888,65,846293,10562
293,53,846346,10563
160,91,846437,10564
152,46,846483,10565
388,3,846486,10566
25,183,846669,10567
4009,75,846744,10568
203,229,846973,10569
260,73,847046,10570
140,5,847051,10571
649,68,847119,10572
38,118,847237,10573
2841,109,847346,10574
1221,79,847425,10575
1186,28,847453,10576
3256,25,847478,10577
3238,80,847558,10578
114,51,847609,10579
2198,64,847673,10580
826,32,847705,10581
464,65,847770,10582
175,239,848009,10583
151,162,848171,10584
84,23,848194,10585
150,60,848254,10586
126,56,848310,10587
17,408,848718,10588
354,139,848857,10589
247,62,848919,10590
178,154,849073,10591
12,90,849163,10592
2326,34,849197,10593
293,31,849228,10594
208,20,849248,10595
990,91,849339,10596
23,135,849474,10597
187,62,849536,10598
3375,234,849770,10599
13,24,849794,10600
152,5,849799,10601
345,235,850034,10602
112,17,850051,10603
307,88,850139,10604
235,109,850248,10605
805,38,850286,10606
32,22,850308,10607
143,158,850466,10608
178,101,850567,10609
296,24,850591,10610
234,135,850726,10611
317,151,850877,10612
352,8,850885,10613
139,62,850947,10614
604,22,850969,10615
10,48,851017,10616
77,83,851100,10617
375,326,851426,10618
17,38,851464,10619
1430,2,851466,10620
50,45,851511,10621
843,127,851638,10622
164,96,851734,10623
163,82,851816,10624
14,278,852094,10625
296,11,852105,10626
3732,106,852211,10627
443,108,852319,10628
63,58,852377,10629
282,14,852391,10630
524,25,852416,10631
284,94,852510,10632
3696,185,852695,10633
70,61,852756,10634
3886,30,852786,10635
459,119,852905,10636
76,2,852907,10637
325,19,852926,10638
68,47,852973,10639
1384,95,853068,10640
157,215,853283,10641
308,52,853335,10642
1750,41,853376,10643
1517,92,853468,10644
3657,118,853586,10645
586,62,853648,10646
246,233,853881,10647
18,373,854254,10648
2306,26,854280,10649
448,23,854303,10650
127,36,854339,10651
135,47,854386,10652
440,130,854516,10653
127,112,854628,10654
170,173,854801,10655
298,26,854827,10656
1749,12,854839,10657
412,30,854869,10658
2173,18,854887,10659
11,45,854932,10660
14,18,854950,10661
3370,68,855018,10662
26,22,855040,10663
2150,114,855154,10664
295,634,855788,10665
4012,119,855907,10666
448,221,856128,10667
21,68,856196,10668
2388,94,856290,10669
263,6,856296,10670
957,49,856345,10671
506,21,856366,10672
300,82,856448,10673
509,113,856561,10674
439,2,856563,10675
354,211,856774,10676
86,42,856816,10677
340,5,856821,10678
3430,253,857074,10679
166,202,857276,10680
223,26,857302,10681
134,192,857494,10682
1847,63,857557,10683
12,39,857596,10684
200,115,857711,10685
259,67,857778,10686
113,32,857810,10687
373,61,857871,10688
346,6,857877,10689
506,96,857973,10690
185,54,858027,10691
259,32,858059,10692
613,73,858132,10693
169,97,858229,10694
476,170,858399,10695
95,44,858443,10696
155,69,858512,10697
243,55,858567,10698
3634,212,858779,10699
341,106,858885,10700
650,110,858995,10701
3746,10,859005,10702
1025,136,859141,10703
208,183,859324,10704
334,54,859378,10705
419,33,859411,10706
233,4,859415,10707
3047,11,859426,10708
129,30,859456,10709
444,19,859475,10710
183,88,859563,10711
2739,229,859792,10712
299,2,859794,10713
208,91,859885,10714
139,129,860014,10715
156,483,860497,10716
123,50,860547,10717
233,52,860599,10718
347,92,860691,10719
215,10,860701,10720
44,34,860735,10721
343,13,860748,10722
130,181,860929,10723
115,67,860996,10724
110,165,861161,10725
318,57,861218,10726
126,157,861375,10727
428,22,861397,10728
287,468,861865,10729
2374,101,861966,10730
170,236,862202,10731
3058,26,862228,10732
2371,113,862341,10733
365,10,862351,10734
167,10,862361,10735
278,49,862410,10736
432,65,862475,10737
109,9,862484,10738
39,97,862581,10739
130,14,862595,10740
1537,70,862665,10741
13,21,862686,10742
249,203,862889,10743
163,74,862963,10744
3746,34,862997,10745
20,61,863058,10746
10,92,863150,10747
206,46,863196,10748
299,2,863198,10749
318,181,863379,10750
206,8,863387,10751
193,79,863466,10752
3608,69,863535,10753
51,11,863546,10754
2209,100,863646,10755
1063,217,863863,10756
872,201,864064,10757
1109,142,864206,10758
145,58,864264,10759
529,120,864384,10760
228,11,864395,10761
512,71,864466,10762
147,14,864480,10763
424,276,864756,10764
25,89,864845,10765
150,100,864945,10766
2776,139,865084,10767
189,129,865213,10768
13,10,865223,10769
262,49,865272,10770
113,25,865297,10771
235,3,865300,10772
261,95,865395,10773
1135,13,865408,10774
670,97,865505,10775
130,64,865569,10776
419,15,865584,10777
135,62,865646,10778
314,52,865698,10779
740,41,865739,10780
225,27,865766,10781
276,1,865767,10782
11,61,865828,10783
2236,9,865837,10784
29,187,866024,10785
440,54,866078,10786
53,80,866158,10787
1462,8,866166,10788
225,3,866169,10789
16,166,866335,10790
3293,30,866365,10791
341,1,866366,10792
3800,41,866407,10793
164,21,866428,10794
114,234,866662,10795
315,130,866792,10796
85,154,866946,10797
17,18,866964,10798
434,3,866967,10799
188,21,866988,10800
329,105,867093,10801
355,36,867129,10802
434,10,867139,10803
17,113,867252,10804
395,8,867260,10805
36,38,867298,10806
259,16,867314,10807
14,5,867319,10808
112,90,867409,10809
401,672,868081,10810
3623,37,868118,10811
132,2,868120,10812
416,47,868167,10813
11,300,868467,10814
714,120,868587,10815
154,101,868688,10816
498,192,868880,10817
127,68,868948,10818
187,3,868951,10819
30,18,868969,10820
2919,30,868999,10821
91,107,869106,10822
267,6,869112,10823
2546,186,869298,10824
3161,36,869334,10825
60,2,869336,10826
17,91,869427,10827
214,407,869834,10828
17,120,869954,10829
448,152,870106,10830
2122,197,870303,10831
14,4,870307,10832
10,162,870469,10833
1645,96,870565,10834
255,27,870592,10835
621,203,870795,10836
1104,227,871022,10837
182,33,871055,10838
1745,44,871099,10839
26,54,871153,10840
134,30,871183,10841
299,134,871317,10842
2290,109,871426,10843
87,123,871549,10844
14,190,871739,10845
138,193,871932,10846
2751,46,871978,10847
148,354,872332,10848
75,135,872467,10849
282,55,872522,10850
75,1,872523,10851
226,287,872810,10852
110,107,872917,10853
111,158,873075,10854
392,94,873169,10855
2931,29,873198,10856
178,11,873209,10857
262,5,873214,10858
132,47,873261,10859
114,86,873347,10860
153,23,873370,10861
932,5,873375,10862
358,106,873481,10863
98,59,873540,10864
328,9,873549,10865
166,83,873632,10866
390,8,873640,10867
2569,88,873728,10868
244,42,873770,10869
105,43,873813,10870
600,81,873894,10871
145,83,873977,10872
249,103,874080,10873
130,41,874121,10874
651,86,874207,10875
313,54,874261,10876
16,42,874303,10877
239,23,874326,10878
208,120,874446,10879
2098,42,874488,10880
2831,172,874660,10881
2926,92,874752,10882
330,91,874843,10883
70,7,874850,10884
175,6,874856,10885
157,180,875036,10886
115,110,875146,10887
377,24,875170,10888
18,20,875190,10889
2112,59,875249,10890
876,49,875298,10891
136,84,875382,10892
231,6,875388,10893
368,15,875403,10894
179,94,875497,10895
878,63,875560,10896
422,294,875854,10897
349,110,875964,10898
275,133,876097,10899
18,9,876106,10900
3531,113,876219,10901
150,105,876324,10902
215,8,876332,10903
274,26,876358,10904
166,25,876383,10905
356,51,876434,10906
244,43,876477,10907
14,37,876514,10908
3835,14,876528,10909
11,185,876713,10910
13,49,876762,10911
150,77,876839,10912
4038,51,876890,10913
240,47,876937,10914
1125,92,877029,10915
340,78,877107,10916
889,58,877165,10917
94,71,877236,10918
1491,96,877332,10919
262,38,877370,10920
1230,131,877501,10921
280,63,877564,10922
2236,9,877573,10923
74,10,877583,10924
483,73,877656,10925
162,15,877671,10926
104,50,877721,10927
668,4,877725,10928
173,104,877829,10929
145,9,877838,10930
127,197,878035,10931
303,210,878245,10932
64,111,878356,10933
35,220,878576,10934
188,50,878626,10935
327,57,878683,10936
351,184,878867,10937
284,46,878913,10938
178,20,878933,10939
111,35,878968,10940
330,13,878981,10941
222,113,879094,10942
3989,41,879135,10943
395,46,879181,10944
102,98,879279,10945
295,262,879541,10946
3058,103,879644,10947
271,65,879709,10948
637,32,879741,10949
3563,15,879756,10950
282,171,879927,10951
123,88,880015,10952
160,157,880172,10953
64,191,880363,10954
9,31,880394,10955
883,14,880408,10956
2369,28,880436,10957
284,114,880550,10958
269,14,880564,10959
292,25,880589,10960
371,48,880637,10961
2816,156,880793,10962
524,10,880803,10963
168,22,880825,10964
148,241,881066,10965
192,35,881101,10966
11,196,881297,10967
958,51,881348,10968
1138,20,881368,10969
13,3,881371,10970
164,3,881374,10971
81,29,881403,10972
481,190,881593,10973
100,71,881664,10974
617,5,881669,10975
3576,297,881966,10976
12,87,882053,10977
205,33,882086,10978
267,49,882135,10979
1487,39,882174,10980
47,30,882204,10981
409,18,882222,10982
887,88,882310,10983
118,62,882372,10984
218,98,882470,10985
3195,62,882532,10986
358,288,882820,10987
174,7,882827,10988
163,260,883087,10989
120,56,883143,10990
306,38,883181,10991
34,171,883352,10992
115,99,883451,10993
442,47,883498,10994
372,26,883524,10995
325,6,883530,10996
192,190,883720,10997
2505,9,883729,10998
416,40,883769,10999
13,56,883825,11000
1226,236,884061,11001
82,59,884120,11002
2917,33,884153,11003
183,40,884193,11004
133,31,884224,11005
752,22,884246,11006
38,32,884278,11007
338,15,884293,11008
308,32,884325,11009
67,6,884331,11010
311,162,884493,11011
107,160,884653,11012
139,41,884694,11013
81,82,884776,11014
320,36,884812,11015
209,5,884817,11016
9,9,884826,11017
99,64,884890,11018
12,34,884924,11019
31,287,885211,11020
177,93,885304,11021
1050,13,885317,11022
206,131,885448,11023
104,17,885465,11024
327,34,885499,11025
105,98,885597,11026
313,41,885638,11027
264,39,885677,11028
118,10,885687,11029
169,134,885821,11030
320,1,885822,11031
3317,94,885916,11032
166,89,886005,11033
310,14,886019,11034
250,85,886104,11035
156,60,886164,11036
19,84,886248,11037
488,75,886323,11038
351,29,886352,11039
2570,39,886391,11040
128,41,886432,11041
2613,140,886572,11042
312,22,886594,11043
229,37,886631,11044
434,63,886694,11045
3729,263,886957,11046
64,238,887195,11047
182,85,887280,11048
1384,193,887473,11049
126,119,887592,11050
3697,159,887751,11051
2839,35,887786,11052
138,31,887817,11053
41,27,887844,11054
209,112,887956,11055
651,44,888000,11056
12,34,888034,11057
496,21,888055,11058
151,3,888058,11059
2665,76,888134,11060
22,116,888250,11061
179,170,888420,11062
144,11,888431,11063
342,17,888448,11064
246,24,888472,11065
182,256,888728,11066
3227,111,888839,11067
24,18,888857,11068
255,18,888875,11069
233,179,889054,11070
81,343,889397,11071
881,56,889453,11072
210,33,889486,11073
79,27,889513,11074
330,18,889531,11075
31,118,889649,11076
451,71,889720,11077
3864,57,889777,11078
9,241,890018,11079
96,63,890081,11080
362,28,890109,11081
166,185,890294,11082
163,82,890376,11083
14,30,890406,11084
3046,150,890556,11085
328,8,890564,11086
451,219,890783,11087
182,36,890819,11088
3278,24,890843,11089
13,111,890954,11090
313,29,890983,11091
1984,96,891079,11092
3059,15,891094,11093
392,60,891154,11094
369,135,891289,11095
303,248,891537,11096
251,185,891722,11097
2030,4,891726,11098
3267,46,891772,11099
3493,22,891794,11100
143,55,891849,11101
479,81,891930,11102
580,72,892002,11103
101,23,892025,11104
1935,159,892184,11105
225,18,892202,11106
47,208,892410,11107
38,104,892514,11108
15,68,892582,11109
27,121,892703,11110
243,20,892723,11111
115,21,892744,11112
74,212,892956,11113
126,160,893116,11114
10,7,893123,11115
2174,66,893189,11116
4073,38,893227,11117
387,147,893374,11118
282,146,893520,11119
380,252,893772,11120
533,87,893859,11121
330,27,893886,11122
376,226,894112,11123
243,81,894193,11124
11,200,894393,11125
128,71,894464,11126
11,81,894545,11127
132,102,894647,11128
2645,44,894691,11129
144,31,894722,11130
20,455,895177,11131
381,272,895449,11132
11,8,895457,11133
163,21,895478,11134
165,31,895509,11135
1716,3,895512,11136
472,86,895598,11137
3016,34,895632,11138
204,30,895662,11139
380,59,895721,11140
225,99,895820,11141
109,146,895966,11142
18,10,895976,11143
444,39,896015,11144
672,35,896050,11145
198,116,896166,11146
83,88,896254,11147
390,28,896282,11148
12,66,896348,11149
144,156,896504,11150
215,36,896540,11151
254,80,896620,11152
260,4,896624,11153
36,7,896631,11154
439,190,896821,11155
2901,195,897016,11156
157,2,897018,11157
2539,171,897189,11158
310,190,897379,11159
93,247,897626,11160
392,4,897630,11161
177,11,897641,11162
178,101,897742,11163
598,80,897822,11164
189,125,897947,11165
412,65,898012,11166
140,33,898045,11167
15,202,898247,11168
3735,4,898251,11169
938,61,898312,11170
9,110,898422,11171
2665,115,898537,11172
239,1,898538,11173
229,82,898620,11174
310,197,898817,11175
245,81,898898,11176
3314,4,898902,11177
3358,77,898979,11178
355,52,899031,11179
339,20,899051,11180
3953,36,899087,11181
999,87,899174,11182
747,111,899285,11183
12,55,899340,11184
93,329,899669,11185
156,3,899672,11186
16,150,899822,11187
347,259,900081,11188
568,45,900126,11189
138,67,900193,11190
160,74,900267,11191
87,230,900497,11192
351,31,900528,11193
127,115,900643,11194
314,60,900703,11195
304,47,900750,11196
32,21,900771,11197
411,41,900812,11198
133,152,900964,11199
145,22,900986,11200
222,61,901047,11201
170,16,901063,11202
4015,197,901260,11203
315,39,901299,11204
246,10,901309,11205
3518,49,901358,11206
143,70,901428,11207
107,60,901488,11208
260,74,901562,11209
239,13,901575,11210
3286,29,901604,11211
494,4,901608,11212
150,34,901642,11213
13,13,901655,11214
358,9,901664,11215
419,97,901761,11216
544,11,901772,11217
245,25,901797,11218
127,105,901902,11219
1779,12,901914,11220
101,19,901933,11221
3316,47,901980,11222
48,55,902035,11223
1020,126,902161,11224
833,165,902326,11225
358,293,902619,11226
231,157,902776,11227
1854,24,902800,11228
54,105,902905,11229
3558,39,902944,11230
47,28,902972,11231
239,101,903073,11232
109,156,903229,11233
124,18,903247,11234
341,15,903262,11235
139,44,903306,11236
718,87,903393,11237
520,68,903461,11238
2717,9,903470,11239
141,57,903527,11240
36,78,903605,11241
345,70,903675,11242
156,241,903916,11243
305,49,903965,11244
4045,25,903990,11245
390,204,904194,11246
433,61,904255,11247
12,28,904283,11248
382,84,904367,11249
26,129,904496,11250
148,176,904672,11251
915,5,904677,11252
349,180,904857,11253
597,118,904975,11254
184,247,905222,11255
3153,16,905238,11256
229,418,905656,11257
474,159,905815,11258
164,1,905816,11259
135,134,905950,11260
138,168,906118,11261
262,16,906134,11262
238,106,906240,11263
143,20,906260,11264
118,98,906358,11265
93,119,906477,11266
97,366,906843,11267
162,62,906905,11268
179,9,906914,11269
89,156,907070,11270
134,36,907106,11271
227,128,907234,11272
188,35,907269,11273
323,14,907283,11274
114,19,907302,11275
1252,50,907352,11276
391,41,907393,11277
111,80,907473,11278
222,61,907534,11279
170,123,907657,11280
10,55,907712,11281
209,131,907843,11282
140,51,907894,11283
2887,87,907981,11284
483,3,907984,11285
276,91,908075,11286
112,80,908155,11287
260,306,908461,11288
534,26,908487,11289
529,47,908534,11290
476,22,908556,11291
2144,236,908792,11292
101,136,908928,11293
118,24,908952,11294
1143,7,908959,11295
1637,118,909077,11296
139,71,909148,11297
374,28,909176,11298
1250,26,909202,11299
324,105,909307,11300
479,16,909323,11301
1376,152,909475,11302
2536,65,909540,11303
307,109,909649,11304
2845,8,909657,11305
837,134,909791,11306
2905,18,909809,11307
129,331,910140,11308
506,83,910223,11309
92,58,910281,11310
301,83,910364,11311
263,12,910376,11312
105,14,910390,11313
2018,28,910418,11314
332,66,910484,11315
297,17,910501,11316
292,33,910534,11317
16,56,910590,11318
217,8,910598,11319
175,4,910602,11320
12,28,910630,11321
1365,27,910657,11322
1550,1,910658,11323
212,72,910730,11324
3180,55,910785,11325
17,33,910818,11326
25,115,910933,11327
3845,4,910937,11328
27,11,910948,11329
300,62,911010,11330
28,65,911075,11331
10,9,911084,11332
1488,57,911141,11333
351,109,911250,11334
227,11,911261,11335
123,33,911294,11336
9,37,911331,11337
127,32,911363,11338
330,65,911428,11339
523,111,911539,11340
132,11,911550,11341
29,86,911636,11342
431,10,911646,11343
208,102,911748,11344
132,88,911836,11345
1358,113,911949,11346
167,33,911982,11347
3330,63,912045,11348
198,54,912099,11349
1571,125,912224,11350
499,346,912570,11351
3998,318,912888,11352
1439,16,912904,11353
204,104,913008,11354
111,14,913022,11355
75,35,913057,11356
1498,104,913161,11357
602,140,913301,11358
78,104,913405,11359
334,29,913434,11360
655,194,913628,11361
714,94,913722,11362
587,11,913733,11363
443,73,913806,11364
209,86,913892,11365
182,73,913965,11366
750,33,913998,11367
30,205,914203,11368
129,31,914234,11369
181,201,914435,11370
63,279,914714,11371
331,40,914754,11372
851,120,914874,11373
21,29,914903,11374
125,30,914933,11375
377,39,914972,11376
704,148,915120,11377
2812,104,915224,11378
170,3,915227,11379
488,2,915229,11380
206,218,915447,11381
258,55,915502,11382
421,46,915548,11383
3935,16,915564,11384
168,48,915612,11385
712,63,915675,11386
1328,2,915677,11387
269,11,915688,11388
43,27,915715,11389
268,18,915733,11390
302,21,915754,11391
13,136,915890,11392
162,46,915936,11393
613,135,916071,11394
3284,136,916207,11395
463,70,916277,11396
314,29,916306,11397
2517,42,916348,11398
17,28,916376,11399
136,1,916377,11400
458,98,916475,11401
328,27,916502,11402
230,1,916503,11403
2386,61,916564,11404
2792,78,916642,11405
149,403,917045,11406
154,44,917089,11407
229,170,917259,11408
314,21,917280,11409
91,103,917383,11410
494,33,917416,11411
409,53,917469,11412
59,91,917560,11413
281,17,917577,11414
3972,67,917644,11415
155,54,917698,11416
129,16,917714,11417
209,25,917739,11418
116,22,917761,11419
3243,51,917812,11420
157,24,917836,11421
163,280,918116,11422
251,138,918254,11423
26,27,918281,11424
229,38,918319,11425
276,116,918435,11426
2333,10,918445,11427
511,71,918516,11428
220,70,918586,11429
11,7,918593,11430
224,109,918702,11431
621,32,918734,11432
430,128,918862,11433
255,122,918984,11434
1931,180,919164,11435
548,131,919295,11436
111,130,919425,11437
322,13,919438,11438
59,1,919439,11439
116,97,919536,11440
338,22,919558,11441
516,132,919690,11442
43,59,919749,11443
396,41,919790,11444
417,33,919823,11445
287,93,919916,11446
135,11,919927,11447
67,61,919988,11448
70,49,920037,11449
3102,87,920124,11450
242,38,920162,11451
157,22,920184,11452
43,23,920207,11453
144,11,920218,11454
362,15,920233,11455
2951,19,920252,11456
3372,126,920378,11457
859,47,920425,11458
328,100,920525,11459
3511,7,920532,11460
76,194,920726,11461
659,242,920968,11462
294,19,920987,11463
17,36,921023,11464
2945,54,921077,11465
136,185,921262,11466
11,191,921453,11467
322,77,921530,11468
383,90,921620,11469
276,35,921655,11470
226,1,921656,11471
255,29,921685,11472
348,58,921743,11473
336,75,921818,11474
3185,285,922103,11475
162,110,922213,11476
105,153,922366,11477
142,40,922406,11478
322,20,922426,11479
2617,6,922432,11480
47,129,922561,11481
363,57,922618,11482
11,111,922729,11483
292,181,922910,11484
132,61,922971,11485
382,21,922992,11486
146,86,923078,11487
88,17,923095,11488
12,9,923104,11489
1283,32,923136,11490
16,12,923148,11491
260,6,923154,11492
11,26,923180,11493
272,36,923216,11494
903,2,923218,11495
2610,276,923494,11496
390,40,923534,11497
2757,162,923696,11498
225,184,923880,11499
295,49,923929,11500
329,91,924020,11501
1766,33,924053,11502
501,20,924073,11503
2237,8,924081,11504
164,17,924098,11505
378,32,924130,11506
153,61,924191,11507
26,82,924273,11508
27,215,924488,11509
402,178,924666,11510
307,57,924723,11511
163,28,924751,11512
222,42,924793,11513
331,196,924989,11514
406,52,925041,11515
211,4,925045,11516
105,10,925055,11517
290,50,925105,11518
78,143,925248,11519
1609,71,925319,11520
3249,44,925363,11521
1520,29,925392,11522
144,39,925431,11523
8,6,925437,11524
131,228,925665,11525
186,16,925681,11526
394,234,925915,11527
2262,17,925932,11528
359,109,926041,11529
4013,7,926048,11530
378,36,926084,11531
13,38,926122,11532
287,18,926140,11533
302,114,926254,11534
321,29,926283,11535
331,27,926310,11536
486,137,926447,11537
252,304,926751,11538
318,4,926755,11539
448,45,926800,11540
109,107,926907,11541
141,59,926966,11542
1843,118,927084,11543
271,58,927142,11544
698,17,927159,11545
295,361,927520,11546
1338,2,927522,11547
220,20,927542,11548
3223,130,927672,11549
481,120,927792,11550
573,6,927798,11551
367,148,927946,11552
173,82,928028,11553
72,9,928037,11554
124,76,928113,11555
390,124,928237,11556
472,62,928299,11557
80,34,928333,11558
13,3,928336,11559
169,1,928337,11560
123,18,928355,11561
129,177,928532,11562
2986,56,928588,11563
459,62,928650,11564
10,13,928663,11565
2468,46,928709,11566
352,2,928711,11567
163,83,928794,11568
344,104,928898,11569
654,6,928904,11570
345,13,928917,11571
165,78,928995,11572
3987,86,929081,11573
265,112,929193,11574
64,8,929201,11575
178,1,929202,11576
490,66,929268,11577
119,150,929418,11578
399,88,929506,11579
25,33,929539,11580
383,65,929604,11581
244,29,929633,11582
11,519,930152,11583
289,75,930227,11584
103,13,930240,11585
10,48,930288,11586
3490,149,930437,11587
2653,55,930492,11588
2322,185,930677,11589
146,66,930743,11590
11,172,930915,11591
3938,145,931060,11592
406,132,931192,11593
335,4,931196,11594
495,97,931293,11595
21,26,931319,11596
306,122,931441,11597
585,86,931527,11598
23,83,931610,11599
132,65,931675,11600
10,123,931798,11601
163,117,931915,11602
124,71,931986,11603
68,37,932023,11604
184,33,932056,11605
252,240,932296,11606
10,132,932428,11607
119,14,932442,11608
2527,275,932717,11609
53,220,932937,11610
588,33,932970,11611
12,13,932983,11612
1615,19,933002,11613
320,5,933007,11614
504,177,933184,11615
378,71,933255,11616
89,316,933571,11617
235,35,933606,11618
153,12,933618,11619
149,47,933665,11620
184,146,933811,11621
16,1,933812,11622
144,107,933919,11623
96,35,933954,11624
142,234,934188,11625
1673,7,934195,11626
344,329,934524,11627
163,57,934581,11628
553,2,934583,11629
2734,22,934605,11630
171,244,934849,11631
169,100,934949,11632
302,244,935193,11633
134,50,935243,11634
424,18,935261,11635
2231,78,935339,11636
357,106,935445,11637
208,164,935609,11638
283,36,935645,11639
39,58,935703,11640
2550,37,935740,11641
15,93,935833,11642
144,53,935886,11643
270,30,935916,11644
3390,114,936030,11645
457,74,936104,11646
38,103,936207,11647
122,105,936312,11648
135,33,936345,11649
314,28,936373,11650
2320,96,936469,11651
435,6,936475,11652
350,37,936512,11653
127,83,936595,11654
326,74,936669,11655
69,88,936757,11656
384,11,936768,11657
158,25,936793,11658
57,65,936858,11659
1585,28,936886,11660
249,69,936955,11661
131,37,936992,11662
3171,80,937072,11663
300,21,937093,11664
484,77,937170,11665
125,91,937261,11666
2469,69,937330,11667
500,185,937515,11668
239,10,937525,11669
1685,76,937601,11670
191,22,937623,11671
94,1,937624,11672
530,21,937645,11673
124,143,937788,11674
13,14,937802,11675
2780,144,937946,11676
1946,5,937951,11677
2906,35,937986,11678
39,2,937988,11679
457,114,938102,11680
114,112,938214,11681
2050,17,938231,11682
347,159,938390,11683
157,96,938486,11684
2190,93,938579,11685
93,17,938596,11686
267,1,938597,11687
192,12,938609,11688
13,97,938706,11689
136,40,938746,11690
265,27,938773,11691
119,6,938779,11692
3715,101,938880,11693
288,108,938988,11694
3512,6,938994,11695
15,46,939040,11696
319,26,939066,11697
412,74,939140,11698
157,55,939195,11699
2449,89,939284,11700
1973,83,939367,11701
85,24,939391,11702
126,25,939416,11703
64,183,939599,11704
2102,144,939743,11705
313,23,939766,11706
308,6,939772,11707
44,52,939824,11708
624,5,939829,11709
28,60,939889,11710
1932,235,940124,11711
1948,21,940145,11712
145,56,940201,11713
285,51,940252,11714
869,44,940296,11715
95,139,940435,11716
147,62,940497,11717
1422,17,940514,11718
191,328,940842,11719
302,74,940916,11720
268,65,940981,11721
73,91,941072,11722
202,41,941113,11723
108,260,941373,11724
543,208,941581,11725
68,82,941663,11726
108,1,941664,11727
139,27,941691,11728
90,78,941769,11729
203,16,941785,11730
2081,22,941807,11731
330,31,941838,11732
285,94,941932,11733
151,1,941933,11734
416,84,942017,11735
292,57,942074,11736
327,105,942179,11737
429,21,942200,11738
3150,8,942208,11739
174,82,942290,11740
334,51,942341,11741
151,37,942378,11742
2794,53,942431,11743
102,7,942438,11744
417,8,942446,11745
149,1,942447,11746
295,20,942467,11747
782,81,942548,11748
138,26,942574,11749
578,2,942576,11750
299,282,942858,11751
362,100,942958,11752
3769,14,942972,11753
526,129,943101,11754
184,199,943300,11755
3531,65,943365,11756
213,122,943487,11757
196,168,943655,11758
380,95,943750,11759
117,51,943801,11760
684,29,943830,11761
387,24,943854,11762
298,97,943951,11763
130,10,943961,11764
41,15,943976,11765
207,2,943978,11766
3287,63,944041,11767
11,22,944063,11768
3493,167,944230,11769
163,33,944263,11770
255,132,944395,11771
44,6,944401,11772
130,116,944517,11773
1357,339,944856,11774
72,167,945023,11775
1534,125,945148,11776
491,42,945190,11777
462,154,945344,11778
1259,100,945444,11779
11,47,945491,11780
380,48,945539,11781
519,23,945562,11782
322,28,945590,11783
2120,135,945725,11784
2068,200,945925,11785
257,127,946052,11786
2989,50,946102,11787
128,65,946167,11788
336,16,946183,11789
694,104,946287,11790
215,15,946302,11791
11,93,946395,11792
588,284,946679,11793
176,121,946800,11794
745,16,946816,11795
178,21,946837,11796
342,57,946894,11797
2635,148,947042,11798
1687,255,947297,11799
316,67,947364,11800
339,26,947390,11801
153,95,947485,11802
368,226,947711,11803
302,196,947907,11804
415,60,947967,11805
96,160,948127,11806
378,49,948176,11807
26,74,948250,11808
123,7,948257,11809
251,51,948308,11810
225,38,948346,11811
38,36,948382,11812
319,93,948475,11813
12,26,948501,11814
138,39,948540,11815
385,125,948665,11816
135,8,948673,11817
2264,52,948725,11818
210,173,948898,11819
158,35,948933,11820
166,23,948956,11821
79,125,949081,11822
96,64,949145,11823
125,58,949203,11824
2346,122,949325,11825
3448,114,949439,11826
3110,74,949513,11827
1742,80,949593,11828
3098,26,949619,11829
265,39,949658,11830
352,165,949823,11831
253,64,949887,11832
2401,4,949891,11833
134,76,949967,11834
64,118,950085,11835
152,124,950209,11836
171,44,950253,11837
343,4,950257,11838
2888,48,950305,11839
11,69,950374,11840
450,155,950529,11841
223,194,950723,11842
115,95,950818,11843
3495,71,950889,11844
528,88,950977,11845
617,9,950986,11846
1043,36,951022,11847
206,83,951105,11848
20,57,951162,11849
49,90,951252,11850
288,62,951314,11851
12,102,951416,11852
2861,75,951491,11853
287,26,951517,11854
1204,37,951554,11855
2021,78,951632,11856
10,8,951640,11857
71,43,951683,11858
1497,14,951697,11859
155,19,951716,11860
709,22,951738,11861
288,6,951744,11862
555,29,951773,11863
81,110,951883,11864
430,87,951970,11865
383,68,952038,11866
335,89,952127,11867
127,188,952315,11868
2587,81,952396,11869
116,278,952674,11870
43,157,952831,11871
334,155,952986,11872
203,131,953117,11873
238,73,953190,11874
238,150,953340,11875
15,77,953417,11876
190,124,953541,11877
352,227,953768,11878
457,9,953777,11879
161,22,953799,11880
9,103,953902,11881
249,89,953991,11882
2757,144,954135,11883
313,35,954170,11884
352,154,954324,11885
71,16,954340,11886
3980,85,954425,11887
16,121,954546,11888
3808,57,954603,11889
324,259,954862,11890
230,12,954874,11891
89,93,954967,11892
325,38,955005,11893
11,109,955114,11894
458,85,955199,11895
11,173,955372,11896
1606,154,955526,11897
450,20,955546,11898
209,12,955558,11899
606,195,955753,11900
2120,206,955959,11901
298,99,956058,11902
2739,74,956132,11903
126,160,956292,11904
2633,15,956307,11905
1379,73,956380,11906
848,247,956627,11907
3188,279,956906,11908
1640,206,957112,11909
347,3,957115,11910
9,355,957470,11911
563,49,957519,11912
312,87,957606,11913
2621,60,957666,11914
483,23,957689,11915
364,50,957739,11916
4030,42,957781,11917
214,15,957796,11918
301,58,957854,11919
122,36,957890,11920
233,137,958027,11921
13,18,958045,11922
289,35,958080,11923
588,18,958098,11924
63,58,958156,11925
147,44,958200,11926
548,14,958214,11927
134,151,958365,11928
393,100,958465,11929
309,111,958576,11930
13,3,958579,11931
426,78,958657,11932
325,51,958708,11933
484,57,958765,11934
160,51,958816,11935
1004,40,958856,11936
290,295,959151,11937
2407,10,959161,11938
253,21,959182,11939
61,55,959237,11940
16,19,959256,11941
378,31,959287,11942
1283,48,959335,11943
3949,73,959408,11944
3853,50,959458,11945
479,53,959511,11946
307,167,959678,11947
3319,2,959680,11948
270,10,959690,11949
13,41,959731,11950
234,8,959739,11951
365,5,959744,11952
279,54,959798,11953
123,49,959847,11954
230,150,959997,11955
170,150,960147,11956
140,69,960216,11957
138,44,960260,11958
426,54,960314,11959
11,55,960369,11960
369,329,960698,11961
433,6,960704,11962
56,8,960712,11963
451,194,960906,11964
88,59,960965,11965
86,37,961002,11966
14,86,961088,11967
1817,86,961174,11968
160,10,961184,11969
181,19,961203,11970
186,21,961224,11971
2660,224,961448,11972
1678,34,961482,11973
25,28,961510,11974
855,53,961563,11975
968,64,961627,11976
299,38,961665,11977
169,39,961704,11978
65,8,961712,11979
282,315,962027,11980
2353,19,962046,11981
96,28,962074,11982
1433,109,962183,11983
682,32,962215,11984
347,271,962486,11985
3475,8,962494,11986
554,31,962525,11987
282,63,962588,11988
439,83,962671,11989
170,15,962686,11990
405,30,962716,11991
3324,48,962764,11992
10,236,963000,11993
1879,90,963090,11994
3169,31,963121,11995
3462,65,963186,11996
681,49,963235,11997
135,94,963329,11998
24,101,963430,11999
2844,34,963464,12000
3592,104,963568,12001
129,4,963572,12002
30,69,963641,12003
888,291,963932,12004
3856,27,963959,12005
74,112,964071,12006
917,198,964269,12007
117,100,964369,12008
373,102,964471,12009
682,31,964502,12010
710,85,964587,12011
373,260,964847,12012
131,50,964897,12013
478,34,964931,12014
61,112,965043,12015
24,118,965161,12016
26,27,965188,12017
133,75,965263,12018
140,36,965299,12019
310,27,965326,12020
2419,60,965386,12021
657,61,965447,12022
188,112,965559,12023
482,81,965640,12024
608,43,965683,12025
173,3,965686,12026
126,26,965712,12027
4001,33,965745,12028
3551,23,965768,12029
3378,1,965769,12030
418,59,965828,12031
28,23,965851,12032
105,37,965888,12033
4044,9,965897,12034
333,7,965904,12035
346,5,965909,12036
10,70,965979,12037
156,61,966040,12038
121,207,966247,12039
286,23,966270,12040
337,23,966293,12041
123,52,966345,12042
380,95,966440,12043
3912,26,966466,12044
3021,50,966516,12045
313,49,966565,12046
24,49,966614,12047
62,6,966620,12048
3191,47,966667,12049
256,262,966929,12050
119,22,966951,12051
136,2,966953,12052
420,26,966979,12053
98,83,967062,12054
2791,41,967103,12055
326,2,967105,12056
150,328,967433,12057
93,166,967599,12058
1034,55,967654,12059
150,9,967663,12060
850,113,967776,12061
3000,14,967790,12062
498,19,967809,12063
672,83,967892,12064
340,126,968018,12065
133,25,968043,12066
342,97,968140,12067
3480,11,968151,12068
51,8,968159,12069
154,175,968334,12070
295,12,968346,12071
146,151,968497,12072
3543,183,968680,12073
598,93,968773,12074
340,199,968972,12075
1896,19,968991,12076
197,108,969099,12077
39,295,969394,12078
326,22,969416,12079
211,15,969431,12080
193,63,969494,12081
102,210,969704,12082
131,165,969869,12083
1426,273,970142,12084
3646,127,970269,12085
344,35,970304,12086
3247,4,970308,12087
233,45,970353,12088
134,20,970373,12089
269,9,970382,12090
277,86,970468,12091
2922,165,970633,12092
3889,58,970691,12093
311,92,970783,12094
29,88,970871,12095
143,131,971002,12096
171,52,971054,12097
151,130,971184,12098
1141,28,971212,12099
631,28,971240,12100
379,27,971267,12101
196,47,971314,12102
394,62,971376,12103
3054,85,971461,12104
225,96,971557,12105
339,17,971574,12106
788,94,971668,12107
168,94,971762,12108
151,21,971783,12109
310,26,971809,12110
275,68,971877,12111
12,14,971891,12112
373,51,971942,12113
135,7,971949,12114
187,10,971959,12115
450,136,972095,12116
225,8,972103,12117
332,61,972164,12118
104,74,972238,12119
167,16,972254,12120
466,92,972346,12121
349,193,972539,12122
3339,60,972599,12123
740,33,972632,12124
2829,9,972641,12125
34,12,972653,12126
3666,3,972656,12127
153,102,972758,12128
193,38,972796,12129
2196,100,972896,12130
306,65,972961,12131
660,62,973023,12132
18,56,973079,12133
674,16,973095,12134
168,41,973136,12135
122,76,973212,12136
4037,1,973213,12137
173,1,973214,12138
147,96,973310,12139
318,35,973345,12140
186,80,973425,12141
1609,63,973488,12142
136,15,973503,12143
148,14,973517,12144
753,50,973567,12145
2889,62,973629,12146
189,56,973685,12147
43,49,973734,12148
3329,23,973757,12149
136,146,973903,12150
100,26,973929,12151
185,169,974098,12152
634,28,974126,12153
97,66,974192,12154
2955,90,974282,12155
63,175,974457,12156
331,182,974639,12157
2080,49,974688,12158
503,8,974696,12159
166,181,974877,12160
425,69,974946,12161
451,8,974954,12162
144,97,975051,12163
381,228,975279,12164
203,55,975334,12165
2806,47,975381,12166
263,62,975443,12167
3474,169,975612,12168
167,1,975613,12169
3699,8,975621,12170
2809,14,975635,12171
156,22,975657,12172
22,73,975730,12173
245,12,975742,12174
304,46,975788,12175
283,103,975891,12176
2053,116,976007,12177
117,92,976099,12178
408,117,976216,12179
32,97,976313,12180
124,9,976322,12181
123,22,976344,12182
145,69,976413,12183
132,130,976543,12184
423,84,976627,12185
306,38,976665,12186
167,56,976721,12187
362,7,976728,12188
787,95,976823,12189
461,44,976867,12190
426,462,977329,12191
153,68,977397,12192
3841,112,977509,12193
559,94,977603,12194
434,97,977700,12195
39,85,977785,12196
310,139,977924,12197
442,30,977954,12198
284,43,977997,12199
554,12,978009,12200
2353,124,978133,12201
195,162,978295,12202
366,28,978323,12203
140,67,978390,12204
3157,97,978487,12205
270,244,978731,12206
174,78,978809,12207
30,94,978903,12208
110,4,978907,12209
345,28,978935,12210
194,35,978970,12211
186,26,978996,12212
390,76,979072,12213
358,186,979258,12214
1355,76,979334,12215
106,76,979410,12216
279,98,979508,12217
11,15,979523,12218
165,255,979778,12219
367,21,979799,12220
226,123,979922,12221
86,64,979986,12222
308,55,980041,12223
357,46,980087,12224
111,21,980108,12225
299,72,980180,12226
137,100,980280,12227
1571,2,980282,12228
15,49,980331,12229
334,12,980343,12230
145,43,980386,12231
146,18,980404,12232
18,40,980444,12233
150,24,980468,12234
10,147,980615,12235
3967,26,980641,12236
298,140,980781,12237
136,296,981077,12238
880,81,981158,12239
34,97,981255,12240
194,133,981388,12241
319,249,981637,12242
327,153,981790,12243
1898,15,981805,12244
133,2,981807,12245
150,35,981842,12246
244,135,981977,12247
162,132,982109,12248
373,6,982115,12249
68,38,982153,12250
178,40,982193,12251
14,8,982201,12252
164,210,982411,12253
2643,112,982523,12254
537,10,982533,12255
289,61,982594,12256
459,61,982655,12257
23,21,982676,12258
148,204,982880,12259
323,95,982975,12260
787,18,982993,12261
801,124,983117,12262
190,4,983121,12263
112,55,983176,12264
119,66,983242,12265
26,227,983469,12266
48,6,983475,12267
1015,102,983577,12268
141,101,983678,12269
301,73,983751,12270
321,204,983955,12271
300,10,983965,12272
147,44,984009,12273
261,63,984072,12274
883,19,984091,12275
165,50,984141,12276
899,177,984318,12277
260,31,984349,12278
135,149,984498,12279
15,57,984555,12280
2854,205,984760,12281
2987,96,984856,12282
2591,6,984862,12283
303,10,984872,12284
100,20,984892,12285
187,40,984932,12286
270,76,985008,12287
165,148,985156,12288
143,145,985301,12289
590,16,985317,12290
420,35,985352,12291
217,37,985389,12292
55,42,985431,12293
276,5,985436,12294
520,46,985482,12295
310,198,985680,12296
332,33,985713,12297
232,213,985926,12298
36,4,985930,12299
2849,219,986149,12300
281,209,986358,12301
2928,16,986374,12302
1042,71,986445,12303
2147,63,986508,12304
2782,49,986557,12305
141,255,986812,12306
423,47,986859,12307
462,265,987124,12308
615,148,987272,12309
62,74,987346,12310
292,30,987376,12311
404,17,987393,12312
24,43,987436,12313
2901,84,987520,12314
182,12,987532,12315
126,76,987608,12316
161,2,987610,12317
2424,15,987625,12318
358,31,987656,12319
3850,353,988009,12320
433,10,988019,12321
2794,23,988042,12322
128,127,988169,12323
204,17,988186,12324
3071,15,988201,12325
517,25,988226,12326
125,318,988544,12327
286,12,988556,12328
3380,14,988570,12329
1139,110,988680,12330
1593,58,988738,12331
214,202,988940,12332
133,2,988942,12333
136,49,988991,12334
461,104,989095,12335
344,52,989147,12336
1483,84,989231,12337
346,38,989269,12338
149,207,989476,12339
386,43,989519,12340
145,19,989538,12341
126,169,989707,12342
181,20,989727,12343
31,9,989736,12344
2557,121,989857,12345
366,8,989865,12346
3576,178,990043,12347
151,71,990114,12348
563,107,990221,12349
104,46,990267,12350
492,26,990293,12351
313,201,990494,12352
254,110,990604,12353
111,194,990798,12354
144,119,990917,12355
154,59,990976,12356
115,19,990995,12357
2230,225,991220,12358
251,192,991412,12359
4089,175,991587,12360
238,19,991606,12361
334,91,991697,12362
602,113,991810,12363
231,126,991936,12364
14,86,992022,12365
3936,55,992077,12366
63,165,992242,12367
114,11,992253,12368
175,120,992373,12369
283,212,992585,12370
11,20,992605,12371
51,6,992611,12372
266,93,992704,12373
40,141,992845,12374
244,64,992909,12375
254,110,993019,12376
10,48,993067,12377
221,18,993085,12378
297,120,993205,12379
595,13,993218,12380
412,21,993239,12381
66,2,993241,12382
1509,38,993279,12383
142,132,993411,12384
185,3,993414,12385
99,181,993595,12386
28,22,993617,12387
236,16,993633,12388
418,62,993695,12389
238,4,993699,12390
125,162,993861,12391
470,14,993875,12392
106,168,994043,12393
1103,14,994057,12394
202,113,994170,12395
168,27,994197,12396
549,77,994274,12397
117,80,994354,12398
310,43,994397,12399
1646,118,994515,12400
177,17,994532,12401
1262,8,994540,12402
1508,279,994819,12403
32,67,994886,12404
161,2,994888,12405
17,139,995027,12406
434,93,995120,12407
149,3,995123,12408
420,20,995143,12409
323,7,995150,12410
310,32,995182,12411
158,67,995249,12412
944,118,995367,12413
3313,225,995592,12414
266,32,995624,12415
144,26,995650,12416
2016,77,995727,12417
2075,118,995845,12418
266,122,995967,12419
385,21,995988,12420
473,53,996041,12421
203,62,996103,12422
493,14,996117,12423
1442,15,996132,12424
8,182,996314,12425
147,6,996320,12426
3907,85,996405,12427
318,42,996447,12428
2221,40,996487,12429
13,240,996727,12430
1726,17,996744,12431
19,6,996750,12432
213,13,996763,12433
2587,105,996868,12434
339,5,996873,12435
218,18,996891,12436
255,26,996917,12437
45,8,996925,12438
2258,40,996965,12439
102,187,997152,12440
532,160,997312,12441
2995,94,997406,12442
325,57,997463,12443
233,51,997514,12444
278,22,997536,12445
2968,78,997614,12446
902,34,997648,12447
158,176,997824,12448
136,122,997946,12449
250,18,997964,12450
371,17,997981,12451
151,163,998144,12452
83,315,998459,12453
266,17,998476,12454
349,10,998486,12455
714,28,998514,12456
1634,141,998655,12457
10,137,998792,12458
215,49,998841,12459
122,139,998980,12460
109,172,999152,12461
130,214,999366,12462
2412,35,999401,12463
269,80,999481,12464
149,58,999539,12465
90,47,999586,12466
75,127,999713,12467
3135,21,999734,12468
466,63,999797,12469
677,115,999912,12470
453,77,999989,12471
184,15,1000004,12472
14,6,1000010,12473
121,106,1000116,12474
1944,9,1000125,12475
68,262,1000387,12476
479,38,1000425,12477
141,47,1000472,12478
2798,187,1000659,12479
1645,64,1000723,12480
936,205,1000928,12481
3346,4,1000932,12482
376,101,1001033,12483
202,177,1001210,12484
363,21,1001231,12485
125,228,1001459,12486
406,7,1001466,12487
3101,33,1001499,12488
210,251,1001750,12489
516,51,1001801,12490
2300,5,1001806,12491
362,19,1001825,12492
2035,78,1001903,12493
205,59,1001962,12494
2934,49,1002011,12495
198,106,1002117,12496
313,49,1002166,12497
196,94,1002260,12498
433,26,1002286,12499
263,138,1002424,12500
386,22,1002446,12501
200,23,1002469,12502
289,456,1002925,12503
437,48,1002973,12504
372,45,1003018,12505
277,119,1003137,12506
170,205,1003342,12507
353,357,1003699,12508
162,13,1003712,12509
67,170,1003882,12510
12,197,1004079,12511
139,44,1004123,12512
11,26,1004149,12513
37,13,1004162,12514
168,45,1004207,12515
291,56,1004263,12516
303,106,1004369,12517
2787,86,1004455,12518
275,80,1004535,12519
247,152,1004687,12520
1053,170,1004857,12521
393,44,1004901,12522
184,57,1004958,12523
391,141,1005099,12524
3280,69,1005168,12525
238,178,1005346,12526
987,62,1005408,12527
363,107,1005515,12528
297,9,1005524,12529
45,13,1005537,12530
236,95,1005632,12531
409,62,1005694,12532
68,94,1005788,12533
17,233,1006021,12534
366,114,1006135,12535
173,12,1006147,12536
171,19,1006166,12537
672,11,1006177,12538
117,30,1006207,12539
157,220,1006427,12540
2368,1,1006428,12541
413,109,1006537,12542
263,4,1006541,12543
784,63,1006604,12544
182,67,1006671,12545
300,58,1006729,12546
491,51,1006780,12547
97,297,1007077,12548
367,77,1007154,12549
763,42,1007196,12550
65,60,1007256,12551
525,124,1007380,12552
263,11,1007391,12553
281,16,1007407,12554
2398,2,1007409,12555
2475,8,1007417,12556
106,145,1007562,12557
327,56,1007618,12558
112,5,1007623,12559
285,16,1007639,12560
149,30,1007669,12561
291,23,1007692,12562
38,97,1007789,12563
120,254,1008043,12564
115,427,1008470,12565
1523,5,1008475,12566
85,37,1008512,12567
975,34,1008546,12568
594,4,1008550,12569
278,79,1008629,12570
780,30,1008659,12571
276,54,1008713,12572
122,14,1008727,12573
653,22,1008749,12574
433,178,1008927,12575
1271,26,1008953,12576
105,31,1008984,12577
390,125,1009109,12578
17,138,1009247,12579
295,6,1009253,12580
304,202,1009455,12581
93,91,1009546,12582
3399,156,1009702,12583
141,33,1009735,12584
165,59,1009794,12585
12,6,1009800,12586
378,93,1009893,12587
138,134,1010027,12588
4051,215,1010242,12589
104,32,1010274,12590
462,17,1010291,12591
266,27,1010318,12592
16,286,1010604,12593
2841,115,1010719,12594
116,17,1010736,12595
64,66,1010802,12596
15,83,1010885,12597
414,41,1010926,12598
1679,11,1010937,12599
203,12,1010949,12600
129,19,1010968,12601
1800,149,1011117,12602
272,280,1011397,12603
202,1,1011398,12604
1116,18,1011416,12605
210,82,1011498,12606
546,52,1011550,12607
1077,133,1011683,12608
1356,22,1011705,12609
212,47,1011752,12610
481,128,1011880,12611
464,1,1011881,12612
235,115,1011996,12613
415,15,1012011,12614
16,17,1012028,12615
147,16,1012044,12616
314,43,1012087,12617
192,10,1012097,12618
139,176,1012273,12619
126,77,1012350,12620
531,45,1012395,12621
1944,29,1012424,12622
3214,75,1012499,12623
34,61,1012560,12624
392,46,1012606,12625
367,58,1012664,12626
38,12,1012676,12627
1011,27,1012703,12628
133,123,1012826,12629
294,33,1012859,12630
461,95,1012954,12631
550,196,1013150,12632
254,86,1013236,12633
294,10,1013246,12634
1584,58,1013304,12635
472,4,1013308,12636
93,16,1013324,12637
68,55,1013379,12638
40,26,1013405,12639
167,151,1013556,12640
925,59,1013615,12641
146,68,1013683,12642
333,85,1013768,12643
258,56,1013824,12644
49,161,1013985,12645
3112,57,1014042,12646
17,119,1014161,12647
331,110,1014271,12648
1470,18,1014289,12649
2205,202,1014491,12650
537,240,1014731,12651
2945,67,1014798,12652
169,76,1014874,12653
2287,57,1014931,12654
2062,96,1015027,12655
283,7,1015034,12656
154,320,1015354,12657
58,33,1015387,12658
3968,20,1015407,12659
3861,115,1015522,12660
393,2,1015524,12661
20,75,1015599,12662
208,195,1015794,12663
391,200,1015994,12664
33,89,1016083,12665
37,24,1016107,12666
314,5,1016112,12667
1761,87,1016199,12668
424,17,1016216,12669
295,18,1016234,12670
504,5,1016239,12671
280,32,1016271,12672
159,178,1016449,12673
32,1,1016450,12674
232,88,1016538,12675
675,128,1016666,12676
122,73,1016739,12677
2877,223,1016962,12678
471,28,1016990,12679
147,129,1017119,12680
59,152,1017271,12681
279,11,1017282,12682
14,113,1017395,12683
283,79,1017474,12684
207,40,1017514,12685
24,59,1017573,12686
276,9,1017582,12687
461,16,1017598,12688
314,125,1017723,12689
440,64,1017787,12690
143,172,1017959,12691
83,121,1018080,12692
393,22,1018102,12693
1357,63,1018165,12694
299,34,1018199,12695
479,6,1018205,12696
128,5,1018210,12697
549,54,1018264,12698
175,402,1018666,12699
156,152,1018818,12700
136,49,1018867,12701
393,27,1018894,12702
216,9,1018903,12703
31,158,1019061,12704
196,45,1019106,12705
225,8,1019114,12706
197,49,1019163,12707
144,11,1019174,12708
259,25,1019199,12709
115,173,1019372,12710
299,215,1019587,12711
266,63,1019650,12712
197,11,1019661,12713
111,350,1020011,12714
201,97,1020108,12715
2739,105,1020213,12716
3498,299,1020512,12717
81,46,1020558,12718
11,99,1020657,12719
470,63,1020720,12720
53,273,1020993,12721
846,6,1020999,12722
147,117,1021116,12723
71,3,1021119,12724
42,64,1021183,12725
338,11,1021194,12726
571,125,1021319,12727
2833,14,1021333,12728
404,5,1021338,12729
144,194,1021532,12730
3071,50,1021582,12731
642,26,1021608,12732
249,15,1021623,12733
2448,56,1021679,12734
147,48,1021727,12735
2473,41,1021768,12736
11,9,1021777,12737
129,28,1021805,12738
10,214,1022019,12739
117,78,1022097,12740
302,232,1022329,12741
2836,6,1022335,12742
1433,60,1022395,12743
164,108,1022503,12744
157,1,1022504,12745
171,351,1022855,12746
3107,503,1023358,12747
545,18,1023376,12748
203,178,1023554,12749
304,116,1023670,12750
140,6,1023676,12751
139,84,1023760,12752
11,150,1023910,12753
269,73,1023983,12754
2207,3,1023986,12755
2256,179,1024165,12756
176,38,1024203,12757
175,72,1024275,12758
286,45,1024320,12759
286,28,1024348,12760
173,35,1024383,12761
1283,5,1024388,12762
136,50,1024438,12763
2448,177,1024615,12764
147,32,1024647,12765
13,79,1024726,12766
373,2,1024728,12767
113,54,1024782,12768
2178,31,1024813,12769
1161,24,1024837,12770
203,85,1024922,12771
158,136,1025058,12772
211,149,1025207,12773
127,33,1025240,12774
149,27,1025267,12775
21,128,1025395,12776
471,38,1025433,12777
115,10,1025443,12778
76,13,1025456,12779
3337,131,1025587,12780
3806,82,1025669,12781
154,148,1025817,12782
141,165,1025982,12783
83,258,1026240,12784
79,336,1026576,12785
564,10,1026586,12786
3382,118,1026704,12787
244,65,1026769,12788
1559,188,1026957,12789
174,96,1027053,12790
116,300,1027353,12791
12,16,1027369,12792
350,150,1027519,12793
1374,1,1027520,12794
118,22,1027542,12795
298,55,1027597,12796
149,5,1027602,12797
777,254,1027856,12798
151,69,1027925,12799
3722,262,1028187,12800
33,72,1028259,12801
677,35,1028294,12802
182,124,1028418,12803
124,125,1028543,12804
236,116,1028659,12805
2279,131,1028790,12806
106,286,1029076,12807
184,110,1029186,12808
131,30,1029216,12809
777,126,1029342,12810
100,46,1029388,12811
55,48,1029436,12812
925,26,1029462,12813
135,40,1029502,12814
121,55,1029557,12815
355,30,1029587,12816
169,43,1029630,12817
357,23,1029653,12818
396,13,1029666,12819
411,331,1029997,12820
2848,58,1030055,12821
1870,117,1030172,12822
365,24,1030196,12823
71,215,1030411,12824
2839,15,1030426,12825
286,26,1030452,12826
273,70,1030522,12827
910,24,1030546,12828
956,42,1030588,12829
1139,45,1030633,12830
4043,28,1030661,12831
127,109,1030770,12832
123,1,1030771,12833
509,268,1031039,12834
305,198,1031237,12835
141,102,1031339,12836
218,94,1031433,12837
87,31,1031464,12838
3002,137,1031601,12839
109,26,1031627,12840
11,76,1031703,12841
127,29,1031732,12842
134,7,1031739,12843
2787,191,1031930,12844
281,21,1031951,12845
31,214,1032165,12846
1962,172,1032337,12847
246,270,1032607,12848
11,262,1032869,12849
1914,28,1032897,12850
122,5,1032902,12851
385,27,1032929,12852
166,115,1033044,12853
1067,260,1033304,12854
189,154,1033458,12855
124,61,1033519,12856
345,60,1033579,12857
132,89,1033668,12858
436,24,1033692,12859
106,54,1033746,12860
150,42,1033788,12861
1453,407,1034195,12862
155,95,1034290,12863
2409,53,1034343,12864
196,177,1034520,12865
377,86,1034606,12866
3182,26,1034632,12867
159,39,1034671,12868
1314,118,1034789,12869
155,366,1035155,12870
12,33,1035188,12871
44,180,1035368,12872
401,24,1035392,12873
311,13,1035405,12874
808,345,1035750,12875
316,54,1035804,12876
10,188,1035992,12877
3355,7,1035999,12878
1403,15,1036014,12879
1494,40,1036054,12880
93,127,1036181,12881
124,64,1036245,12882
396,89,1036334,12883
111,36,1036370,12884
3510,507,1036877,12885
217,80,1036957,12886
296,32,1036989,12887
454,38,1037027,12888
296,16,1037043,12889
2932,138,1037181,12890
17,153,1037334,12891
3087,25,1037359,12892
2325,157,1037516,12893
706,159,1037675,12894
123,235,1037910,12895
148,190,1038100,12896
280,6,1038106,12897
149,88,1038194,12898
283,77,1038271,12899
140,22,1038293,12900
2613,200,1038493,12901
82,128,1038621,12902
349,23,1038644,12903
1408,7,1038651,12904
642,7,1038658,12905
326,191,1038849,12906
354,8,1038857,12907
331,12,1038869,12908
2911,64,1038933,12909
3303,67,1039000,12910
126,92,1039092,12911
117,28,1039120,12912
13,104,1039224,12913
248,19,1039243,12914
516,64,1039307,12915
2019,153,1039460,12916
13,89,1039549,12917
230,108,1039657,12918
212,76,1039733,12919
89,111,1039844,12920
2883,3,1039847,12921
101,21,1039868,12922
1241,63,1039931,12923
300,20,1039951,12924
44,19,1039970,12925
134,83,1040053,12926
233,18,1040071,12927
2940,126,1040197,12928
160,137,1040334,12929
157,17,1040351,12930
152,2,1040353,12931
51,211,1040564,12932
407,55,1040619,12933
221,52,1040671,12934
3502,61,1040732,12935
859,212,1040944,12936
201,191,1041135,12937
359,8,1041143,12938
375,89,1041232,12939
73,2,1041234,12940
75,17,1041251,12941
2445,31,1041282,12942
239,143,1041425,12943
254,2,1041427,12944
11,69,1041496,12945
170,95,1041591,12946
2168,49,1041640,12947
171,233,1041873,12948
315,50,1041923,12949
2801,94,1042017,12950
293,10,1042027,12951
180,167,1042194,12952
423,40,1042234,12953
204,94,1042328,12954
1445,8,1042336,12955
177,36,1042372,12956
302,4,1042376,12957
3754,61,1042437,12958
165,4,1042441,12959
440,16,1042457,12960
459,261,1042718,12961
251,65,1042783,12962
54,16,1042799,12963
177,106,1042905,12964
3825,25,1042930,12965
199,71,1043001,12966
1026,23,1043024,12967
406,123,1043147,12968
417,11,1043158,12969
329,128,1043286,12970
198,107,1043393,12971
2880,32,1043425,12972
2718,55,1043480,12973
59,35,1043515,12974
114,5,1043520,12975
106,12,1043532,12976
129,30,1043562,12977
1226,38,1043600,12978
109,122,1043722,12979
357,159,1043881,12980
156,104,1043985,12981
51,5,1043990,12982
290,75,1044065,12983
557,257,1044322,12984
141,195,1044517,12985
2303,60,1044577,12986
29,39,1044616,12987
171,164,1044780,12988
4092,145,1044925,12989
176,178,1045103,12990
236,19,1045122,12991
4084,10,1045132,12992
231,238,1045370,12993
361,22,1045392,12994
2911,173,1045565,12995
388,156,1045721,12996
1406,52,1045773,12997
18,59,1045832,12998
17,237,1046069,12999
460,24,1046093,13000
172,203,1046296,13001
361,30,1046326,13002
295,70,1046396,13003
15,82,1046478,13004
115,443,1046921,13005
139,15,1046936,13006
509,56,1046992,13007
449,97,1047089,13008
253,171,1047260,13009
277,1,1047261,13010
185,147,1047408,13011
60,33,1047441,13012
14,59,1047500,13013
403,59,1047559,13014
11,7,1047566,13015
101,58,1047624,13016
16,54,1047678,13017
2078,7,1047685,13018
128,392,1048077,13019
316,156,1048233,13020
43,41,1048274,13021
323,275,1048549,13022
334,26,1048575,13023
180,55,1048630,13024
29,351,1048981,13025
350,118,1049099,13026
22,166,1049265,13027
222,11,1049276,13028
377,221,1049497,13029
113,209,1049706,13030
201,55,1049761,13031
229,322,1050083,13032
45,11,1050094,13033
1375,44,1050138,13034
122,50,1050188,13035
3179,51,1050239,13036
148,12,1050251,13037
12,143,1050394,13038
241,27,1050421,13039
361,21,1050442,13040
109,50,1050492,13041
140,209,1050701,13042
182,23,1050724,13043
119,259,1050983,13044
445,162,1051145,13045
281,67,1051212,13046
418,101,1051313,13047
357,225,1051538,13048
1251,19,1051557,13049
267,174,1051731,13050
322,100,1051831,13051
197,6,1051837,13052
480,39,1051876,13053
37,130,1052006,13054
65,74,1052080,13055
258,14,1052094,13056
332,7,1052101,13057
307,51,1052152,13058
13,86,1052238,13059
234,2,1052240,13060
355,34,1052274,13061
428,162,1052436,13062
93,40,1052476,13063
165,24,1052500,13064
351,227,1052727,13065
136,88,1052815,13066
141,204,1053019,13067
254,27,1053046,13068
3063,154,1053200,13069
222,35,1053235,13070
10,247,1053482,13071
158,6,1053488,13072
328,2,1053490,13073
143,38,1053528,13074
392,56,1053584,13075
1961,61,1053645,13076
145,71,1053716,13077
100,148,1053864,13078
716,13,1053877,13079
81,93,1053970,13080
142,111,1054081,13081
1291,71,1054152,13082
603,65,1054217,13083
129,86,1054303,13084
1511,78,1054381,13085
102,1,1054382,13086
9,83,1054465,13087
26,43,1054508,13088
204,219,1054727,13089
845,116,1054843,13090
440,152,1054995,13091
1291,191,1055186,13092
36,31,1055217,13093
269,6,1055223,13094
13,100,1055323,13095
854,147,1055470,13096
615,19,1055489,13097
152,116,1055605,13098
106,53,1055658,13099
240,31,1055689,13100
44,22,1055711,13101
2980,44,1055755,13102
11,19,1055774,13103
37,67,1055841,13104
138,63,1055904,13105
118,15,1055919,13106
159,56,1055975,13107
3147,24,1055999,13108
52,28,1056027,13109
134,18,1056045,13110
759,49,1056094,13111
467,62,1056156,13112
68,35,1056191,13113
99,79,1056270,13114
3531,191,1056461,13115
385,132,1056593,13116
552,122,1056715,13117
469,125,1056840,13118
608,92,1056932,13119
577,17,1056949,13120
361,36,1056985,13121
322,103,1057088,13122
60,136,1057224,13123
254,63,1057287,13124
150,134,1057421,13125
458,164,1057585,13126
553,344,1057929,13127
40,104,1058033,13128
404,108,1058141,13129
426,70,1058211,13130
99,41,1058252,13131
293,105,1058357,13132
316,6,1058363,13133
2003,31,1058394,13134
97,77,1058471,13135
112,61,1058532,13136
166,49,1058581,13137
210,72,1058653,13138
382,4,1058657,13139
203,221,1058878,13140
375,8,1058886,13141
18,289,1059175,13142
401,56,1059231,13143
168,164,1059395,13144
3993,22,1059417,13145
3376,194,1059611,13146
4013,54,1059665,13147
3278,108,1059773,13148
336,109,1059882,13149
23,3,1059885,13150
499,167,1060052,13151
222,343,1060395,13152
97,65,1060460,13153
127,7,1060467,13154
265,1,1060468,13155
1353,37,1060505,13156
160,39,1060544,13157
340,26,1060570,13158
146,1,1060571,13159
12,68,1060639,13160
75,56,1060695,13161
2939,149,1060844,13162
272,281,1061125,13163
198,177,1061302,13164
14,61,1061363,13165
786,13,1061376,13166
180,82,1061458,13167
23,262,1061720,13168
539,34,1061754,13169
409,7,1061761,13170
533,135,1061896,13171
1217,41,1061937,13172
42,77,1062014,13173
99,275,1062289,13174
219,100,1062389,13175
216,25,1062414,13176
321,10,1062424,13177
300,5,1062429,13178
62,7,1062436,13179
128,165,1062601,13180
1011,58,1062659,13181
171,2,1062661,13182
99,28,1062689,13183
2777,87,1062776,13184
153,11,1062787,13185
3176,29,1062816,13186
376,28,1062844,13187
127,196,1063040,13188
365,82,1063122,13189
3404,11,1063133,13190
168,26,1063159,13191
126,37,1063196,13192
33,19,1063215,13193
1084,92,1063307,13194
139,3,1063310,13195
197,22,1063332,13196
124,105,1063437,13197
385,33,1063470,13198
2372,2,1063472,13199
9,44,1063516,13200
3211,43,1063559,13201
167,167,1063726,13202
264,40,1063766,13203
370,103,1063869,13204
50,185,1064054,13205
120,15,1064069,13206
159,41,1064110,13207
223,12,1064122,13208
13,12,1064134,13209
618,73,1064207,13210
1764,119,1064326,13211
200,73,1064399,13212
16,32,1064431,13213
677,82,1064513,13214
1495,2,1064515,13215
71,40,1064555,13216
333,49,1064604,13217
366,96,1064700,13218
132,413,1065113,13219
296,166,1065279,13220
152,339,1065618,13221
222,40,1065658,13222
231,30,1065688,13223
362,16,1065704,13224
344,251,1065955,13225
119,40,1065995,13226
198,11,1066006,13227
160,135,1066141,13228
154,113,1066254,13229
376,1,1066255,13230
165,50,1066305,13231
465,170,1066475,13232
449,2,1066477,13233
133,150,1066627,13234
309,37,1066664,13235
68,58,1066722,13236
9,20,1066742,13237
131,3,1066745,13238
162,14,1066759,13239
147,5,1066764,13240
101,64,1066828,13241
588,88,1066916,13242
260,284,1067200,13243
160,10,1067210,13244
270,27,1067237,13245
335,85,1067322,13246
161,42,1067364,13247
129,44,1067408,13248
550,257,1067665,13249
39,104,1067769,13250
1960,1,1067770,13251
3183,15,1067785,13252
366,19,1067804,13253
48,193,1067997,13254
293,72,1068069,13255
3387,152,1068221,13256
164,142,1068363,13257
809,48,1068411,13258
113,50,1068461,13259
684,144,1068605,13260
265,27,1068632,13261
302,43,1068675,13262
344,38,1068713,13263
33,40,1068753,13264
203,62,1068815,13265
16,29,1068844,13266
420,46,1068890,13267
352,15,1068905,13268
126,2,1068907,13269
308,162,1069069,13270
986,122,1069191,13271
129,34,1069225,13272
96,7,1069232,13273
68,110,1069342,13274
155,75,1069417,13275
396,8,1069425,13276
256,98,1069523,13277
149,38,1069561,13278
152,121,1069682,13279
158,47,1069729,13280
684,141,1069870,13281
243,7,1069877,13282
297,69,1069946,13283
119,7,1069953,13284
196,62,1070015,13285
131,47,1070062,13286
231,240,1070302,13287
3935,69,1070371,13288
10,27,1070398,13289
419,17,1070415,13290
729,39,1070454,13291
1261,39,1070493,13292
143,221,1070714,13293
141,133,1070847,13294
257,319,1071166,13295
1257,22,1071188,13296
354,80,1071268,13297
165,15,1071283,13298
1513,4,1071287,13299
60,75,1071362,13300
2482,82,1071444,13301
253,131,1071575,13302
2441,45,1071620,13303
354,133,1071753,13304
3091,73,1071826,13305
703,99,1071925,13306
3358,185,1072110,13307
111,72,1072182,13308
194,9,1072191,13309
135,21,1072212,13310
372,3,1072215,13311
350,118,1072333,13312
891,196,1072529,13313
258,28,1072557,13314
213,125,1072682,13315
125,7,1072689,13316
361,40,1072729,13317
161,198,1072927,13318
297,118,1073045,13319
129,177,1073222,13320
26,33,1073255,13321
90,18,1073273,13322
216,18,1073291,13323
2418,21,1073312,13324
504,141,1073453,13325
595,22,1073475,13326
298,11,1073486,13327
242,66,1073552,13328
93,64,1073616,13329
592,143,1073759,13330
74,498,1074257,13331
292,9,1074266,13332
3982,74,1074340,13333
392,52,1074392,13334
311,237,1074629,13335
1497,110,1074739,13336
151,40,1074779,13337
324,237,1075016,13338
336,37,1075053,13339
62,28,1075081,13340
13,61,1075142,13341
2913,29,1075171,13342
423,112,1075283,13343
735,58,1075341,13344
702,107,1075448,13345
2448,58,1075506,13346
334,21,1075527,13347
331,5,1075532,13348
371,7,1075539,13349
24,220,1075759,13350
183,59,1075818,13351
2991,28,1075846,13352
106,138,1075984,13353
327,45,1076029,13354
83,1,1076030,13355
115,182,1076212,13356
285,182,1076394,13357
96,61,1076455,13358
383,109,1076564,13359
345,316,1076880,13360
135,180,1077060,13361
258,77,1077137,13362
139,150,1077287,13363
15,89,1077376,13364
2472,19,1077395,13365
181,13,1077408,13366
1040,96,1077504,13367
392,1,1077505,13368
274,5,1077510,13369
373,39,1077549,13370
122,5,1077554,13371
3458,54,1077608,13372
3931,22,1077630,13373
13,251,1077881,13374
429,31,1077912,13375
125,5,1077917,13376
940,115,1078032,13377
112,66,1078098,13378
795,220,1078318,13379
143,15,1078333,13380
15,104,1078437,13381
288,1,1078438,13382
144,73,1078511,13383
329,103,1078614,13384
9,139,1078753,13385
280,68,1078821,13386
570,116,1078937,13387
329,161,1079098,13388
249,144,1079242,13389
3099,114,1079356,13390
34,45,1079401,13391
159,27,1079428,13392
121,27,1079455,13393
15,70,1079525,13394
516,148,1079673,13395
223,32,1079705,13396
385,169,1079874,13397
566,16,1079890,13398
313,264,1080154,13399
11,64,1080218,13400
12,143,1080361,13401
1824,78,1080439,13402
355,120,1080559,13403
915,81,1080640,13404
265,37,1080677,13405
3095,10,1080687,13406
157,58,1080745,13407
20,19,1080764,13408
137,82,1080846,13409
161,111,1080957,13410
338,80,1081037,13411
417,33,1081070,13412
344,53,1081123,13413
50,41,1081164,13414
226,1,1081165,13415
2416,52,1081217,13416
337,9,1081226,13417
1565,65,1081291,13418
271,44,1081335,13419
337,144,1081479,13420
1900,78,1081557,13421
9,360,1081917,13422
508,128,1082045,13423
405,10,1082055,13424
1340,455,1082510,13425
368,22,1082532,13426
216,137,1082669,13427
131,12,1082681,13428
1122,27,1082708,13429
130,104,1082812,13430
74,17,1082829,13431
2965,44,1082873,13432
233,3,1082876,13433
553,5,1082881,13434
426,4,1082885,13435
13,42,1082927,13436
427,34,1082961,13437
549,123,1083084,13438
308,87,1083171,13439
197,31,1083202,13440
65,34,1083236,13441
83,26,1083262,13442
358,70,1083332,13443
437,42,1083374,13444
520,148,1083522,13445
46,3,1083525,13446
391,248,1083773,13447
2687,45,1083818,13448
1630,3,1083821,13449
949,75,1083896,13450
391,10,1083906,13451
10,94,1084000,13452
146,135,1084135,13453
3272,60,1084195,13454
345,354,1084549,13455
270,12,1084561,13456
547,120,1084681,13457
2054,108,1084789,13458
140,6,1084795,13459
2270,63,1084858,13460
18,82,1084940,13461
538,181,1085121,13462
1585,69,1085190,13463
572,30,1085220,13464
493,96,1085316,13465
116,1,1085317,13466
87,90,1085407,13467
762,38,1085445,13468
3135,141,1085586,13469
1137,128,1085714,13470
253,86,1085800,13471
3491,22,1085822,13472
481,100,1085922,13473
26,29,1085951,13474
243,4,1085955,13475
276,108,1086063,13476
347,116,1086179,13477
12,23,1086202,13478
78,1,1086203,13479
1240,123,1086326,13480
379,50,1086376,13481
186,57,1086433,13482
471,24,1086457,13483
161,164,1086621,13484
207,280,1086901,13485
18,4,1086905,13486
211,60,1086965,13487
154,115,1087080,13488
134,122,1087202,13489
229,17,1087219,13490
158,284,1087503,13491
136,240,1087743,13492
120,28,1087771,13493
3780,18,1087789,13494
144,34,1087823,13495
2704,17,1087840,13496
428,7,1087847,13497
520,55,1087902,13498
149,110,1088012,13499
248,11,1088023,13500
303,50,1088073,13501
111,29,1088102,13502
46,149,1088251,13503
12,233,1088484,13504
352,33,1088517,13505
31,59,1088576,13506
288,141,1088717,13507
189,24,1088741,13508
66,34,1088775,13509
14,8,1088783,13510
772,49,1088832,13511
87,41,1088873,13512
172,150,1089023,13513
1089,31,1089054,13514
333,48,1089102,13515
447,23,1089125,13516
15,26,1089151,13517
18,170,1089321,13518
268,5,1089326,13519
398,56,1089382,13520
245,62,1089444,13521
16,5,1089449,13522
152,24,1089473,13523
282,109,1089582,13524
317,155,1089737,13525
58,29,1089766,13526
348,38,1089804,13527
229,36,1089840,13528
15,45,1089885,13529
152,3,1089888,13530
2042,54,1089942,13531
246,17,1089959,13532
142,41,1090000,13533
1277,19,1090019,13534
301,64,1090083,13535
2487,64,1090147,13536
23,102,1090249,13537
259,51,1090300,13538
971,59,1090359,13539
59,8,1090367,13540
281,134,1090501,13541
3437,141,1090642,13542
2576,56,1090698,13543
1044,133,1090831,13544
188,8,1090839,13545
119,17,1090856,13546
2657,35,1090891,13547
195,211,1091102,13548
197,216,1091318,13549
3430,55,1091373,13550
329,95,1091468,13551
125,33,1091501,13552
520,29,1091530,13553
2936,13,1091543,13554
224,99,1091642,13555
2969,3,1091645,13556
46,153,1091798,13557
86,44,1091842,13558
3470,148,1091990,13559
30,224,1092214,13560
788,150,1092364,13561
467,108,1092472,13562
10,107,1092579,13563
1275,153,1092732,13564
903,77,1092809,13565
3007,32,1092841,13566
2050,15,1092856,13567
264,40,1092896,13568
535,85,1092981,13569
249,46,1093027,13570
56,88,1093115,13571
2493,11,1093126,13572
327,7,1093133,13573
298,78,1093211,13574
12,127,1093338,13575
147,119,1093457,13576
300,112,1093569,13577
840,52,1093621,13578
228,103,1093724,13579
204,205,1093929,13580
293,137,1094066,13581
2606,224,1094290,13582
413,65,1094355,13583
38,272,1094627,13584
663,33,1094660,13585
336,71,1094731,13586
60,81,1094812,13587
227,65,1094877,13588
2909,231,1095108,13589
197,35,1095143,13590
143,36,1095179,13591
340,18,1095197,13592
3247,68,1095265,13593
166,64,1095329,13594
22,123,1095452,13595
3382,2,1095454,13596
165,154,1095608,13597
735,26,1095634,13598
1843,241,1095875,13599
110,20,1095895,13600
1216,56,1095951,13601
2056,7,1095958,13602
441,7,1095965,13603
1189,23,1095988,13604
10,133,1096121,13605
159,63,1096184,13606
462,43,1096227,13607
416,8,1096235,13608
1819,257,1096492,13609
121,50,1096542,13610
303,144,1096686,13611
88,66,1096752,13612
405,38,1096790,13613
237,68,1096858,13614
141,89,1096947,13615
9,337,1097284,13616
127,81,1097365,13617
12,62,1097427,13618
144,121,1097548,13619
124,186,1097734,13620
295,90,1097824,13621
193,16,1097840,13622
10,50,1097890,13623
813,105,1097995,13624
37,6,1098001,13625
467,102,1098103,13626
212,3,1098106,13627
11,143,1098249,13628
783,249,1098498,13629
263,177,1098675,13630
528,63,1098738,13631
111,362,1099100,13632
347,244,1099344,13633
272,20,1099364,13634
324,32,1099396,13635
1947,220,1099616,13636
2606,90,1099706,13637
2036,49,1099755,13638
278,3,1099758,13639
353,30,1099788,13640
108,17,1099805,13641
12,43,1099848,13642
483,20,1099868,13643
124,17,1099885,13644
424,26,1099911,13645
132,11,1099922,13646
407,35,1099957,13647
2385,38,1099995,13648
1317,14,1100009,13649
3858,75,1100084,13650
2550,11,1100095,13651
278,25,1100120,13652
2829,6,1100126,13653
3017,165,1100291,13654
424,101,1100392,13655
310,26,1100418,13656
532,35,1100453,13657
340,13,1100466,13658
222,116,1100582,13659
3731,29,1100611,13660
278,214,1100825,13661
416,25,1100850,13662
34,45,1100895,13663
484,25,1100920,13664
4054,174,1101094,13665
228,14,1101108,13666
1085,154,1101262,13667
1862,100,1101362,13668
313,25,1101387,13669
910,274,1101661,13670
147,2,1101663,13671
397,53,1101716,13672
292,18,1101734,13673
28,88,1101822,13674
3668,168,1101990,13675
555,105,1102095,13676
73,17,1102112,13677
241,84,1102196,13678
3583,339,1102535,13679
517,32,1102567,13680
938,32,1102599,13681
10,84,1102683,13682
4026,23,1102706,13683
628,148,1102854,13684
1005,92,1102946,13685
173,155,1103101,13686
20,104,1103205,13687
101,2,1103207,13688
165,153,1103360,13689
3310,66,1103426,13690
439,161,1103587,13691
2304,203,1103790,13692
329,32,1103822,13693
386,3,1103825,13694
3002,117,1103942,13695
915,296,1104238,13696
133,93,1104331,13697
2487,8,1104339,13698
80,113,1104452,13699
182,114,1104566,13700
630,29,1104595,13701
305,188,1104783,13702
277,196,1104979,13703
213,170,1105149,13704
204,3,1105152,13705
28,122,1105274,13706
241,20,1105294,13707
190,116,1105410,13708
136,63,1105473,13709
301,77,1105550,13710
118,6,1105556,13711
2050,28,1105584,13712
2109,126,1105710,13713
136,64,1105774,13714
361,164,1105938,13715
268,23,1105961,13716
376,15,1105976,13717
1510,54,1106030,13718
178,87,1106117,13719
538,60,1106177,13720
3232,28,1106205,13721
3515,26,1106231,13722
16,34,1106265,13723
314,47,1106312,13724
594,171,1106483,13725
345,60,1106543,13726
308,59,1106602,13727
539,151,1106753,13728
252,8,1106761,13729
937,41,1106802,13730
2577,30,1106832,13731
9,2,1106834,13732
346,114,1106948,13733
401,23,1106971,13734
3448,106,1107077,13735
13,30,1107107,13736
1043,4,1107111,13737
123,62,1107173,13738
1756,27,1107200,13739
25,77,1107277,13740
327,61,1107338,13741
157,83,1107421,13742
2369,110,1107531,13743
162,69,1107600,13744
506,69,1107669,13745
123,160,1107829,13746
291,340,1108169,13747
41,132,1108301,13748
169,43,1108344,13749
152,12,1108356,13750
358,58,1108414,13751
505,39,1108453,13752
118,31,1108484,13753
330,60,1108544,13754
366,12,1108556,13755
188,57,1108613,13756
370,21,1108634,13757
587,86,1108720,13758
2675,32,1108752,13759
1980,116,1108868,13760
12,246,1109114,13761
207,108,1109222,13762
126,48,1109270,13763
401,62,1109332,13764
285,114,1109446,13765
162,15,1109461,13766
232,489,1109950,13767
107,9,1109959,13768
2281,82,1110041,13769
249,32,1110073,13770
12,77,1110150,13771
502,27,1110177,13772
523,11,1110188,13773
3554,36,1110224,13774
1016,57,1110281,13775
22,270,1110551,13776
11,369,1110920,13777
169,6,1110926,13778
103,13,1110939,13779
164,63,1111002,13780
813,46,1111048,13781
179,47,1111095,13782
72,54,1111149,13783
415,220,1111369,13784
335,15,1111384,13785
194,13,1111397,13786
307,106,1111503,13787
159,46,1111549,13788
3122,3,1111552,13789
434,217,1111769,13790
350,20,1111789,13791
2528,59,1111848,13792
231,6,1111854,13793
223,35,1111889,13794
1196,129,1112018,13795
2487,17,1112035,13796
224,191,1112226,13797
2366,17,1112243,13798
952,14,1112257,13799
2868,62,1112319,13800
282,10,1112329,13801
145,178,1112507,13802
16,115,1112622,13803
220,18,1112640,13804
377,115,1112755,13805
567,41,1112796,13806
2808,7,1112803,13807
307,7,1112810,13808
151,19,1112829,13809
286,60,1112889,13810
1787,38,1112927,13811
373,101,1113028,13812
427,83,1113111,13813
1398,79,1113190,13814
215,86,1113276,13815
320,99,1113375,13816
538,35,1113410,13817
1434,257,1113667,13818
325,21,1113688,13819
131,5,1113693,13820
636,145,1113838,13821
832,128,1113966,13822
956,5,1113971,13823
1274,137,1114108,13824
2813,52,1114160,13825
1492,205,1114365,13826
133,135,1114500,13827
248,216,1114716,13828
1781,39,1114755,13829
10,79,1114834,13830
261,101,1114935,13831
10,123,1115058,13832
468,145,1115203,13833
3397,194,1115397,13834
348,9,1115406,13835
193,92,1115498,13836
17,93,1115591,13837
254,36,1115627,13838
14,69,1115696,13839
2223,230,1115926,13840
3241,125,1116051,13841
156,55,1116106,13842
93,144,1116250,13843
824,12,1116262,13844
177,239,1116501,13845
167,255,1116756,13846
372,46,1116802,13847
473,14,1116816,13848
369,16,1116832,13849
645,49,1116881,13850
138,167,1117048,13851
36,29,1117077,13852
207,132,1117209,13853
3955,20,1117229,13854
130,137,1117366,13855
2635,35,1117401,13856
1819,42,1117443,13857
101,99,1117542,13858
476,252,1117794,13859
511,6,1117800,13860
650,181,1117981,13861
209,261,1118242,13862
407,85,1118327,13863
238,35,1118362,13864
1348,8,1118370,13865
384,61,1118431,13866
817,119,1118550,13867
134,50,1118600,13868
3091,130,1118730,13869
278,125,1118855,13870
31,8,1118863,13871
11,7,1118870,13872
342,61,1118931,13873
271,45,1118976,13874
322,134,1119110,13875
242,184,1119294,13876
50,19,1119313,13877
106,33,1119346,13878
71,97,1119443,13879
3027,88,1119531,13880
2883,9,1119540,13881
320,29,1119569,13882
196,137,1119706,13883
108,6,1119712,13884
1470,46,1119758,13885
35,39,1119797,13886
665,3,1119800,13887
2975,26,1119826,13888
71,354,1120180,13889
15,93,1120273,13890
1084,43,1120316,13891
1071,15,1120331,13892
1380,157,1120488,13893
3589,151,1120639,13894
1243,85,1120724,13895
136,244,1120968,13896
589,152,1121120,13897
1187,73,1121193,13898
12,41,1121234,13899
261,263,1121497,13900
419,245,1121742,13901
129,137,1121879,13902
149,102,1121981,13903
47,111,1122092,13904
97,77,1122169,13905
298,38,1122207,13906
232,160,1122367,13907
2132,4,1122371,13908
2888,23,1122394,13909
295,2,1122396,13910
563,180,1122576,13911
245,137,1122713,13912
210,59,1122772,13913
330,30,1122802,13914
232,203,1123005,13915
271,175,1123180,13916
555,30,1123210,13917
55,119,1123329,13918
1211,130,1123459,13919
2491,10,1123469,13920
177,60,1123529,13921
256,17,1123546,13922
276,412,1123958,13923
98,10,1123968,13924
181,74,1124042,13925
193,204,1124246,13926
435,78,1124324,13927
192,2,1124326,13928
377,109,1124435,13929
15,68,1124503,13930
1516,55,1124558,13931
13,13,1124571,13932
3127,172,1124743,13933
188,11,1124754,13934
167,110,1124864,13935
105,21,1124885,13936
177,15,1124900,13937
280,10,1124910,13938
115,38,1124948,13939
264,105,1125053,13940
34,56,1125109,13941
45,46,1125155,13942
210,473,1125628,13943
332,191,1125819,13944
27,25,1125844,13945
260,40,1125884,13946
2027,270,1126154,13947
374,11,1126165,13948
1144,34,1126199,13949
3511,119,1126318,13950
115,127,1126445,13951
15,80,1126525,13952
445,143,1126668,13953
2952,25,1126693,13954
30,283,1126976,13955
140,44,1127020,13956
335,35,1127055,13957
291,70,1127125,13958
3515,36,1127161,13959
215,43,1127204,13960
3034,81,1127285,13961
128,12,1127297,13962
12,49,1127346,13963
428,95,1127441,13964
247,98,1127539,13965
1543,75,1127614,13966
399,174,1127788,13967
50,87,1127875,13968
107,45,1127920,13969
120,12,1127932,13970
10,21,1127953,13971
355,234,1128187,13972
69,85,1128272,13973
380,78,1128350,13974
421,92,1128442,13975
402,58,1128500,13976
382,55,1128555,13977
104,151,1128706,13978
277,24,1128730,13979
32,65,1128795,13980
346,502,1129297,13981
440,37,1129334,13982
12,28,1129362,13983
303,33,1129395,13984
314,94,1129489,13985
3326,40,1129529,13986
418,30,1129559,13987
2465,147,1129706,13988
299,35,1129741,13989
770,171,1129912,13990
268,14,1129926,13991
153,205,1130131,13992
136,216,1130347,13993
3900,16,1130363,13994
1716,106,1130469,13995
107,135,1130604,13996
290,62,1130666,13997
91,10,1130676,13998
3839,19,1130695,13999
147,1,1130696,14000
18,34,1130730,14001
17,34,1130764,14002
147,4,1130768,14003
244,77,1130845,14004
23,224,1131069,14005
203,14,1131083,14006
499,6,1131089,14007
1132,20,1131109,14008
192,98,1131207,14009
53,43,1131250,14010
193,157,1131407,14011
684,42,1131449,14012
141,21,1131470,14013
808,39,1131509,14014
241,164,1131673,14015
132,171,1131844,14016
563,10,1131854,14017
198,40,1131894,14018
171,78,1131972,14019
259,12,1131984,14020
39,95,1132079,14021
142,121,1132200,14022
232,23,1132223,14023
310,109,1132332,14024
57,81,1132413,14025
115,20,1132433,14026
183,15,1132448,14027
335,81,1132529,14028
529,8,1132537,14029
18,263,1132800,14030
170,103,1132903,14031
112,45,1132948,14032
369,28,1132976,14033
192,42,1133018,14034
160,34,1133052,14035
204,79,1133131,14036
898,77,1133208,14037
20,35,1133243,14038
348,91,1133334,14039
2854,19,1133353,14040
377,228,1133581,14041
137,130,1133711,14042
299,203,1133914,14043
128,109,1134023,14044
3559,7,1134030,14045
64,56,1134086,14046
138,59,1134145,14047
617,80,1134225,14048
565,14,1134239,14049
114,517,1134756,14050
126,149,1134905,14051
395,95,1135000,14052
826,216,1135216,14053
1168,57,1135273,14054
19,122,1135395,14055
94,8,1135403,14056
452,80,1135483,14057
333,10,1135493,14058
2150,12,1135505,14059
26,230,1135735,14060
1507,56,1135791,14061
2606,13,1135804,14062
516,77,1135881,14063
20,2,1135883,14064
253,73,1135956,14065
181,194,1136150,14066
127,33,1136183,14067
993,45,1136228,14068
121,199,1136427,14069
130,33,1136460,14070
163,107,1136567,14071
108,52,1136619,14072
1293,13,1136632,14073
44,90,1136722,14074
211,38,1136760,14075
9,89,1136849,14076
16,66,1136915,14077
260,27,1136942,14078
352,53,1136995,14079
330,102,1137097,14080
124,45,1137142,14081
96,30,1137172,14082
141,157,1137329,14083
2561,86,1137415,14084
490,94,1137509,14085
369,1,1137510,14086
37,78,1137588,14087
1122,161,1137749,14088
299,71,1137820,14089
3661,29,1137849,14090
2452,27,1137876,14091
3665,142,1138018,14092
118,58,1138076,14093
261,1,1138077,14094
1471,39,1138116,14095
348,6,1138122,14096
208,19,1138141,14097
287,40,1138181,14098
175,124,1138305,14099
293,144,1138449,14100
107,167,1138616,14101
180,62,1138678,14102
870,214,1138892,14103
2392,20,1138912,14104
280,84,1138996,14105
121,29,1139025,14106
2643,82,1139107,14107
19,185,1139292,14108
176,35,1139327,14109
1755,36,1139363,14110
3685,205,1139568,14111
582,86,1139654,14112
587,10,1139664,14113
35,62,1139726,14114
158,9,1139735,14115
49,62,1139797,14116
28,26,1139823,14117
321,5,1139828,14118
490,65,1139893,14119
96,4,1139897,14120
3318,5,1139902,14121
2592,37,1139939,14122
117,35,1139974,14123
2405,81,1140055,14124
112,147,1140202,14125
97,47,1140249,14126
489,75,1140324,14127
447,11,1140335,14128
292,88,1140423,14129
122,58,1140481,14130
116,31,1140512,14131
326,113,1140625,14132
24,78,1140703,14133
307,21,1140724,14134
138,11,1140735,14135
153,12,1140747,14136
263,4,1140751,14137
29,216,1140967,14138
659,69,1141036,14139
169,70,1141106,14140
315,5,1141111,14141
164,174,1141285,14142
3107,59,1141344,14143
104,67,1141411,14144
12,28,1141439,14145
132,133,1141572,14146
146,52,1141624,14147
308,36,1141660,14148
1459,69,1141729,14149
12,58,1141787,14150
415,6,1141793,14151
269,7,1141800,14152
16,67,1141867,14153
336,109,1141976,14154
157,52,1142028,14155
122,101,1142129,14156
27,41,1142170,14157
964,35,1142205,14158
22,24,1142229,14159
408,195,1142424,14160
224,18,1142442,14161
94,88,1142530,14162
868,94,1142624,14163
117,347,1142971,14164
3613,2,1142973,14165
2019,268,1143241,14166
4048,4,1143245,14167
474,4,1143249,14168
1013,321,1143570,14169
574,4,1143574,14170
321,58,1143632,14171
428,200,1143832,14172
505,210,1144042,14173
140,5,1144047,14174
17,28,1144075,14175
863,10,1144085,14176
287,59,1144144,14177
164,15,1144159,14178
495,41,1144200,14179
103,34,1144234,14180
2602,7,1144241,14181
145,202,1144443,14182
183,95,1144538,14183
3633,243,1144781,14184
504,19,1144800,14185
128,61,1144861,14186
227,6,1144867,14187
2346,29,1144896,14188
499,101,1144997,14189
17,51,1145048,14190
149,35,1145083,14191
153,18,1145101,14192
1911,124,1145225,14193
203,8,1145233,14194
574,19,1145252,14195
274,34,1145286,14196
140,60,1145346,14197
1725,674,1146020,14198
3455,59,1146079,14199
3618,198,1146277,14200
13,2,1146279,14201
368,70,1146349,14202
3380,119,1146468,14203
38,172,1146640,14204
433,540,1147180,14205
258,53,1147233,14206
1553,109,1147342,14207
27,4,1147346,14208
175,76,1147422,14209
60,18,1147440,14210
14,23,1147463,14211
326,59,1147522,14212
81,252,1147774,14213
43,49,1147823,14214
167,118,1147941,14215
12,76,1148017,14216
120,103,1148120,14217
112,18,1148138,14218
430,36,1148174,14219
813,39,1148213,14220
124,15,1148228,14221
14,23,1148251,14222
1031,29,1148280,14223
11,168,1148448,14224
514,79,1148527,14225
373,17,1148544,14226
31,75,1148619,14227
135,3,1148622,14228
174,63,1148685,14229
325,98,1148783,14230
349,112,1148895,14231
60,24,1148919,14232
207,6,1148925,14233
3942,31,1148956,14234
336,24,1148980,14235
295,69,1149049,14236
383,208,1149257,14237
245,21,1149278,14238
520,25,1149303,14239
14,12,1149315,14240
1909,198,1149513,14241
93,61,1149574,14242
15,4,1149578,14243
12,11,1149589,14244
156,60,1149649,14245
293,53,1149702,14246
631,7,1149709,14247
191,142,1149851,14248
3043,46,1149897,14249
320,163,1150060,14250
138,19,1150079,14251
1893,70,1150149,14252
387,54,1150203,14253
79,21,1150224,14254
118,85,1150309,14255
205,90,1150399,14256
12,31,1150430,14257
87,42,1150472,14258
10,47,1150519,14259
142,362,1150881,14260
3851,36,1150917,14261
104,31,1150948,14262
386,191,1151139,14263
13,116,1151255,14264
316,70,1151325,14265
59,51,1151376,14266
669,50,1151426,14267
179,19,1151445,14268
236,52,1151497,14269
15,63,1151560,14270
104,199,1151759,14271
1729,12,1151771,14272
84,84,1151855,14273
198,98,1151953,14274
172,104,1152057,14275
327,2,1152059,14276
318,15,1152074,14277
25,88,1152162,14278
55,12,1152174,14279
2705,23,1152197,14280
416,23,1152220,14281
129,13,1152233,14282
3448,4,1152237,14283
399,22,1152259,14284
3162,6,1152265,14285
115,9,1152274,14286
205,91,1152365,14287
328,88,1152453,14288
336,75,1152528,14289
179,29,1152557,14290
3859,83,1152640,14291
1834,37,1152677,14292
208,8,1152685,14293
135,138,1152823,14294
229,7,1152830,14295
291,32,1152862,14296
13,30,1152892,14297
51,56,1152948,14298
262,18,1152966,14299
3410,30,1152996,14300
156,35,1153031,14301
1351,63,1153094,14302
126,48,1153142,14303
167,68,1153210,14304
1324,9,1153219,14305
198,118,1153337,14306
57,135,1153472,14307
4004,34,1153506,14308
214,7,1153513,14309
380,57,1153570,14310
2350,5,1153575,14311
147,58,1153633,14312
168,94,1153727,14313
314,80,1153807,14314
176,76,1153883,14315
478,28,1153911,14316
160,99,1154010,14317
2215,2,1154012,14318
121,141,1154153,14319
135,310,1154463,14320
48,83,1154546,14321
2146,103,1154649,14322
474,23,1154672,14323
137,9,1154681,14324
341,113,1154794,14325
317,75,1154869,14326
12,70,1154939,14327
320,142,1155081,14328
158,287,1155368,14329
127,18,1155386,14330
190,38,1155424,14331
462,45,1155469,14332
2850,13,1155482,14333
3524,52,1155534,14334
13,96,1155630,14335
320,43,1155673,14336
10,178,1155851,14337
269,85,1155936,14338
155,121,1156057,14339
160,91,1156148,14340
367,126,1156274,14341
169,33,1156307,14342
130,15,1156322,14343
154,43,1156365,14344
227,10,1156375,14345
148,66,1156441,14346
16,67,1156508,14347
502,119,1156627,14348
314,233,1156860,14349
358,53,1156913,14350
253,174,1157087,14351
3530,52,1157139,14352
546,1,1157140,14353
936,72,1157212,14354
17,3,1157215,14355
213,52,1157267,14356
457,171,1157438,14357
391,10,1157448,14358
1368,23,1157471,14359
114,386,1157857,14360
2902,229,1158086,14361
381,186,1158272,14362
2227,1,1158273,14363
409,2,1158275,14364
39,16,1158291,14365
305,11,1158302,14366
531,164,1158466,14367
65,237,1158703,14368
122,98,1158801,14369
332,50,1158851,14370
16,118,1158969,14371
672,21,1158990,14372
440,95,1159085,14373
1628,38,1159123,14374
223,40,1159163,14375
101,89,1159252,14376
3792,53,1159305,14377
135,349,1159654,14378
3650,50,1159704,14379
904,1,1159705,14380
131,98,1159803,14381
273,423,1160226,14382
359,33,1160259,14383
670,41,1160300,14384
210,79,1160379,14385
2627,152,1160531,14386
2324,19,1160550,14387
220,29,1160579,14388
162,10,1160589,14389
41,18,1160607,14390
1845,246,1160853,14391
1728,36,1160889,14392
12,141,1161030,14393
2907,49,1161079,14394
358,31,1161110,14395
364,97,1161207,14396
232,155,1161362,14397
286,42,1161404,14398
1485,104,1161508,14399
125,58,1161566,14400
3328,14,1161580,14401
2601,26,1161606,14402
178,34,1161640,14403
1373,54,1161694,14404
329,133,1161827,14405
89,176,1162003,14406
306,170,1162173,14407
500,29,1162202,14408
817,17,1162219,14409
938,38,1162257,14410
48,23,1162280,14411
114,32,1162312,14412
410,154,1162466,14413
1880,196,1162662,14414
11,5,1162667,14415
2863,55,1162722,14416
2170,152,1162874,14417
42,221,1163095,14418
2785,52,1163147,14419
82,115,1163262,14420
684,39,1163301,14421
315,112,1163413,14422
330,51,1163464,14423
287,25,1163489,14424
101,15,1163504,14425
192,64,1163568,14426
269,329,1163897,14427
109,89,1163986,14428
1387,87,1164073,14429
403,15,1164088,14430
156,18,1164106,14431
811,107,1164213,14432
279,5,1164218,14433
125,75,1164293,14434
383,27,1164320,14435
2083,56,1164376,14436
92,13,1164389,14437
345,37,1164426,14438
1137,210,1164636,14439
13,172,1164808,14440
1286,19,1164827,14441
13,19,1164846,14442
349,38,1164884,14443
195,38,1164922,14444
537,17,1164939,14445
316,35,1164974,14446
291,94,1165068,14447
315,2,1165070,14448
369,209,1165279,14449
173,248,1165527,14450
455,121,1165648,14451
674,210,1165858,14452
516,71,1165929,14453
16,195,1166124,14454
196,53,1166177,14455
313,19,1166196,14456
4027,17,1166213,14457
250,13,1166226,14458
297,72,1166298,14459
13,116,1166414,14460
342,47,1166461,14461
900,49,1166510,14462
809,148,1166658,14463
238,91,1166749,14464
63,105,1166854,14465
135,53,1166907,14466
275,22,1166929,14467
289,6,1166935,14468
754,198,1167133,14469
432,60,1167193,14470
37,159,1167352,14471
97,14,1167366,14472
242,159,1167525,14473
1045,315,1167840,14474
3045,54,1167894,14475
350,57,1167951,14476
157,21,1167972,14477
256,129,1168101,14478
189,142,1168243,14479
153,83,1168326,14480
238,32,1168358,14481
2155,5,1168363,14482
336,235,1168598,14483
14,14,1168612,14484
453,43,1168655,14485
383,68,1168723,14486
285,308,1169031,14487
114,57,1169088,14488
263,38,1169126,14489
429,286,1169412,14490
1553,3,1169415,14491
112,28,1169443,14492
44,29,1169472,14493
15,7,1169479,14494
108,21,1169500,14495
472,101,1169601,14496
283,231,1169832,14497
276,264,1170096,14498
178,31,1170127,14499
76,10,1170137,14500
479,291,1170428,14501
45,77,1170505,14502
11,98,1170603,14503
562,132,1170735,14504
137,111,1170846,14505
521,135,1170981,14506
516,76,1171057,14507
72,98,1171155,14508
139,250,1171405,14509
124,46,1171451,14510
553,88,1171539,14511
290,68,1171607,14512
57,52,1171659,14513
103,430,1172089,14514
418,109,1172198,14515
3216,3,1172201,14516
288,212,1172413,14517
284,101,1172514,14518
2165,25,1172539,14519
403,13,1172552,14520
178,148,1172700,14521
543,199,1172899,14522
163,117,1173016,14523
1547,7,1173023,14524
465,34,1173057,14525
301,42,1173099,14526
169,45,1173144,14527
3746,3,1173147,14528
133,19,1173166,14529
18,75,1173241,14530
2875,57,1173298,14531
102,418,1173716,14532
1217,156,1173872,14533
592,29,1173901,14534
151,98,1173999,14535
216,13,1174012,14536
447,37,1174049,14537
393,70,1174119,14538
286,78,1174197,14539
36,41,1174238,14540
93,24,1174262,14541
1840,32,1174294,14542
814,70,1174364,14543
4058,143,1174507,14544
153,11,1174518,14545
3245,82,1174600,14546
140,7,1174607,14547
2999,58,1174665,14548
12,72,1174737,14549
2106,108,1174845,14550
1444,58,1174903,14551
12,23,1174926,14552
545,4,1174930,14553
77,1,1174931,14554
953,5,1174936,14555
184,35,1174971,14556
64,13,1174984,14557
1311,2,1174986,14558
224,1,1174987,14559
147,107,1175094,14560
36,144,1175238,14561
426,83,1175321,14562
1767,53,1175374,14563
28,4,1175378,14564
140,46,1175424,14565
275,18,1175442,14566
199,73,1175515,14567
162,61,1175576,14568
312,18,1175594,14569
309,102,1175696,14570
169,92,1175788,14571
120,299,1176087,14572
2828,8,1176095,14573
1637,105,1176200,14574
257,128,1176328,14575
163,54,1176382,14576
432,5,1176387,14577
3003,112,1176499,14578
69,32,1176531,14579
22,65,1176596,14580
445,118,1176714,14581
3732,48,1176762,14582
465,195,1176957,14583
142,107,1177064,14584
171,257,1177321,14585
2023,88,1177409,14586
290,64,1177473,14587
262,238,1177711,14588
3001,90,1177801,14589
122,83,1177884,14590
270,329,1178213,14591
1887,27,1178240,14592
262,13,1178253,14593
1691,120,1178373,14594
148,8,1178381,14595
262,96,1178477,14596
238,141,1178618,14597
21,52,1178670,14598
3504,81,1178751,14599
242,403,1179154,14600
224,62,1179216,14601
288,137,1179353,14602
465,53,1179406,14603
113,29,1179435,14604
296,79,1179514,14605
154,45,1179559,14606
254,154,1179713,14607
496,113,1179826,14608
311,44,1179870,14609
146,12,1179882,14610
3139,45,1179927,14611
321,104,1180031,14612
354,103,1180134,14613
114,61,1180195,14614
278,27,1180222,14615
177,198,1180420,14616
2908,187,1180607,14617
988,4,1180611,14618
58,122,1180733,14619
400,76,1180809,14620
912,39,1180848,14621
131,16,1180864,14622
343,110,1180974,14623
112,90,1181064,14624
101,77,1181141,14625
359,26,1181167,14626
603,552,1181719,14627
119,17,1181736,14628
419,226,1181962,14629
11,293,1182255,14630
342,13,1182268,14631
134,45,1182313,14632
374,198,1182511,14633
401,56,1182567,14634
40,23,1182590,14635
293,25,1182615,14636
1930,101,1182716,14637
158,13,1182729,14638
15,9,1182738,14639
3086,45,1182783,14640
147,15,1182798,14641
362,27,1182825,14642
86,42,1182867,14643
3502,110,1182977,14644
223,122,1183099,14645
3892,36,1183135,14646
434,13,1183148,14647
32,5,1183153,14648
143,220,1183373,14649
98,17,1183390,14650
421,42,1183432,14651
114,214,1183646,14652
3107,6,1183652,14653
362,151,1183803,14654
360,135,1183938,14655
337,105,1184043,14656
266,30,1184073,14657
2019,387,1184460,14658
2772,43,1184503,14659
164,119,1184622,14660
338,28,1184650,14661
2425,23,1184673,14662
137,57,1184730,14663
334,41,1184771,14664
358,207,1184978,14665
324,99,1185077,14666
18,11,1185088,14667
189,86,1185174,14668
595,101,1185275,14669
1481,10,1185285,14670
3066,78,1185363,14671
3493,129,1185492,14672
15,2,1185494,14673
133,38,1185532,14674
333,80,1185612,14675
335,65,1185677,14676
561,129,1185806,14677
362,47,1185853,14678
129,67,1185920,14679
685,30,1185950,14680
185,5,1185955,14681
2503,135,1186090,14682
764,136,1186226,14683
19,16,1186242,14684
240,68,1186310,14685
364,353,1186663,14686
83,16,1186679,14687
3283,16,1186695,14688
1776,91,1186786,14689
126,12,1186798,14690
2582,102,1186900,14691
346,64,1186964,14692
327,54,1187018,14693
263,15,1187033,14694
30,1,1187034,14695
236,117,1187151,14696
612,102,1187253,14697
4032,5,1187258,14698
131,33,1187291,14699
139,160,1187451,14700
534,62,1187513,14701
437,71,1187584,14702
147,45,1187629,14703
307,138,1187767,14704
1294,89,1187856,14705
441,24,1187880,14706
58,4,1187884,14707
83,90,1187974,14708
342,2,1187976,14709
1241,6,1187982,14710
107,104,1188086,14711
2878,82,1188168,14712
3748,124,1188292,14713
2580,2,1188294,14714
499,196,1188490,14715
323,199,1188689,14716
358,10,1188699,14717
3745,31,1188730,14718
3931,19,1188749,14719
200,235,1188984,14720
12,159,1189143,14721
26,8,1189151,14722
1401,265,1189416,14723
58,119,1189535,14724
15,82,1189617,14725
392,103,1189720,14726
4002,15,1189735,14727
53,172,1189907,14728
28,31,1189938,14729
175,12,1189950,14730
470,73,1190023,14731
1666,40,1190063,14732
364,23,1190086,14733
12,98,1190184,14734
916,381,1190565,14735
3399,17,1190582,14736
76,43,1190625,14737
444,32,1190657,14738
250,41,1190698,14739
84,61,1190759,14740
2985,49,1190808,14741
167,88,1190896,14742
144,12,1190908,14743
335,14,1190922,14744
3759,84,1191006,14745
3002,22,1191028,14746
42,14,1191042,14747
150,75,1191117,14748
102,179,1191296,14749
305,275,1191571,14750
145,118,1191689,14751
892,159,1191848,14752
18,49,1191897,14753
457,18,1191915,14754
1886,76,1191991,14755
422,8,1191999,14756
182,13,1192012,14757
261,7,1192019,14758
2485,177,1192196,14759
950,28,1192224,14760
211,83,1192307,14761
135,6,1192313,14762
27,190,1192503,14763
331,12,1192515,14764
151,110,1192625,14765
13,15,1192640,14766
154,152,1192792,14767
263,21,1192813,14768
4046,61,1192874,14769
3330,5,1192879,14770
273,228,1193107,14771
254,57,1193164,14772
2437,91,1193255,14773
298,16,1193271,14774
148,36,1193307,14775
278,15,1193322,14776
2982,129,1193451,14777
26,11,1193462,14778
458,104,1193566,14779
224,267,1193833,14780
2896,197,1194030,14781
57,20,1194050,14782
34,154,1194204,14783
3551,212,1194416,14784
50,43,1194459,14785
674,18,1194477,14786
2496,59,1194536,14787
888,13,1194549,14788
708,186,1194735,14789
10,40,1194775,14790
101,14,1194789,14791
237,17,1194806,14792
499,29,1194835,14793
2393,27,1194862,14794
9,40,1194902,14795
335,207,1195109,14796
486,22,1195131,14797
602,59,1195190,14798
16,51,1195241,14799
2158,53,1195294,14800
10,22,1195316,14801
120,45,1195361,14802
491,5,1195366,14803
125,5,1195371,14804
25,205,1195576,14805
2949,30,1195606,14806
3898,190,1195796,14807
181,14,1195810,14808
9,140,1195950,14809
238,14,1195964,14810
138,81,1196045,14811
1039,125,1196170,14812
337,27,1196197,14813
316,43,1196240,14814
219,14,1196254,14815
158,11,1196265,14816
2070,1,1196266,14817
1320,48,1196314,14818
350,5,1196319,14819
2009,26,1196345,14820
269,422,1196767,14821
145,34,1196801,14822
363,29,1196830,14823
141,67,1196897,14824
684,142,1197039,14825
386,102,1197141,14826
153,260,1197401,14827
114,46,1197447,14828
371,106,1197553,14829
134,44,1197597,14830
1649,97,1197694,14831
268,26,1197720,14832
31,3,1197723,14833
168,121,1197844,14834
110,7,1197851,14835
87,4,1197855,14836
377,142,1197997,14837
139,145,1198142,14838
12,94,1198236,14839
340,65,1198301,14840
486,87,1198388,14841
295,35,1198423,14842
679,49,1198472,14843
2699,40,1198512,14844
167,60,1198572,14845
51,6,1198578,14846
219,171,1198749,14847
2996,115,1198864,14848
14,199,1199063,14849
387,232,1199295,14850
297,39,1199334,14851
3110,54,1199388,14852
14,351,1199739,14853
165,46,1199785,14854
228,46,1199831,14855
54,242,1200073,14856
763,147,1200220,14857
31,26,1200246,14858
101,121,1200367,14859
640,339,1200706,14860
237,111,1200817,14861
1577,201,1201018,14862
2678,46,1201064,14863
112,84,1201148,14864
102,112,1201260,14865
1225,97,1201357,14866
111,2,1201359,14867
3762,75,1201434,14868
118,21,1201455,14869
371,189,1201644,14870
347,33,1201677,14871
1344,133,1201810,14872
229,116,1201926,14873
362,33,1201959,14874
159,2,1201961,14875
1082,359,1202320,14876
338,46,1202366,14877
295,14,1202380,14878
1505,87,1202467,14879
69,277,1202744,14880
632,5,1202749,14881
167,37,1202786,14882
2485,33,1202819,14883
340,140,1202959,14884
993,69,1203028,14885
296,85,1203113,14886
241,155,1203268,14887
199,28,1203296,14888
239,40,1203336,14889
197,406,1203742,14890
121,8,1203750,14891
1199,41,1203791,14892
1051,8,1203799,14893
503,52,1203851,14894
17,3,1203854,14895
341,109,1203963,14896
383,30,1203993,14897
1348,6,1203999,14898
2497,8,1204007,14899
27,25,1204032,14900
295,134,1204166,14901
479,349,1204515,14902
1404,15,1204530,14903
1143,173,1204703,14904
112,105,1204808,14905
592,5,1204813,14906
3904,35,1204848,14907
4049,21,1204869,14908
3304,100,1204969,14909
498,18,1204987,14910
3485,137,1205124,14911
2312,28,1205152,14912
285,160,1205312,14913
91,7,1205319,14914
160,205,1205524,14915
2364,99,1205623,14916
536,29,1205652,14917
171,121,1205773,14918
82,89,1205862,14919
182,66,1205928,14920
111,205,1206133,14921
289,52,1206185,14922
1722,81,1206266,14923
371,38,1206304,14924
657,61,1206365,14925
1520,19,1206384,14926
366,23,1206407,14927
603,24,1206431,14928
4010,156,1206587,14929
12,62,1206649,14930
137,148,1206797,14931
12,98,1206895,14932
32,3,1206898,14933
448,295,1207193,14934
1550,69,1207262,14935
902,77,1207339,14936
297,223,1207562,14937
262,74,1207636,14938
543,97,1207733,14939
514,150,1207883,14940
1965,67,1207950,14941
134,7,1207957,14942
333,1,1207958,14943
157,51,1208009,14944
36,9,1208018,14945
136,75,1208093,14946
75,91,1208184,14947
294,18,1208202,14948
176,78,1208280,14949
494,21,1208301,14950
118,6,1208307,14951
43,151,1208458,14952
161,31,1208489,14953
391,19,1208508,14954
14,57,1208565,14955
246,65,1208630,14956
68,374,1209004,14957
590,43,1209047,14958
3632,12,1209059,14959
51,59,1209118,14960
365,22,1209140,14961
3303,32,1209172,14962
1590,390,1209562,14963
244,76,1209638,14964
298,2,1209640,14965
258,87,1209727,14966
130,128,1209855,14967
291,204,1210059,14968
135,179,1210238,14969
171,303,1210541,14970
255,2,1210543,14971
122,59,1210602,14972
235,21,1210623,14973
1630,126,1210749,14974
18,45,1210794,14975
333,79,1210873,14976
68,32,1210905,14977
59,52,1210957,14978
486,195,1211152,14979
44,14,1211166,14980
2286,49,1211215,14981
262,27,1211242,14982
3080,65,1211307,14983
173,2,1211309,14984
138,112,1211421,14985
377,62,1211483,14986
2460,18,1211501,14987
78,96,1211597,14988
381,27,1211624,14989
440,2,1211626,14990
346,503,1212129,14991
284,30,1212159,14992
2560,335,1212494,14993
239,76,1212570,14994
11,27,1212597,14995
195,267,1212864,14996
91,31,1212895,14997
187,345,1213240,14998
149,46,1213286,14999
384,139,1213425,15000
129,78,1213503,15001
572,145,1213648,15002
255,45,1213693,15003
3338,99,1213792,15004
1970,25,1213817,15005
392,100,1213917,15006
1018,147,1214064,15007
4080,100,1214164,15008
13,18,1214182,15009
12,91,1214273,15010
2395,40,1214313,15011
441,191,1214504,15012
2956,38,1214542,15013
128,44,1214586,15014
223,56,1214642,15015
1879,84,1214726,15016
3495,199,1214925,15017
12,19,1214944,15018
121,16,1214960,15019
179,29,1214989,15020
1035,77,1215066,15021
128,162,1215228,15022
595,7,1215235,15023
40,290,1215525,15024
2024,25,1215550,15025
233,78,1215628,15026
2987,53,1215681,15027
4021,122,1215803,15028
337,24,1215827,15029
355,150,1215977,15030
2964,74,1216051,15031
155,29,1216080,15032
438,8,1216088,15033
360,127,1216215,15034
110,13,1216228,15035
96,56,1216284,15036
340,2,1216286,15037
136,36,1216322,15038
340,26,1216348,15039
152,94,1216442,15040
259,13,1216455,15041
1459,11,1216466,15042
484,66,1216532,15043
792,253,1216785,15044
136,14,1216799,15045
3786,2,1216801,15046
129,26,1216827,15047
128,74,1216901,15048
50,431,1217332,15049
372,16,1217348,15050
328,112,1217460,15051
954,89,1217549,15052
2861,87,1217636,15053
96,109,1217745,15054
2281,23,1217768,15055
922,136,1217904,15056
477,27,1217931,15057
106,117,1218048,15058
22,76,1218124,15059
3191,32,1218156,15060
12,32,1218188,15061
2162,8,1218196,15062
254,225,1218421,15063
3566,19,1218440,15064
129,155,1218595,15065
231,26,1218621,15066
299,4,1218625,15067
144,293,1218918,15068
206,22,1218940,15069
87,43,1218983,15070
3971,34,1219017,15071
137,316,1219333,15072
306,75,1219408,15073
195,2,1219410,15074
1166,6,1219416,15075
306,57,1219473,15076
1073,99,1219572,15077
55,81,1219653,15078
91,8,1219661,15079
174,166,1219827,15080
146,47,1219874,15081
196,3,1219877,15082
2066,241,1220118,15083
167,131,1220249,15084
103,49,1220298,15085
16,61,1220359,15086
389,81,1220440,15087
26,2,1220442,15088
39,114,1220556,15089
2565,105,1220661,15090
798,114,1220775,15091
158,134,1220909,15092
146,91,1221000,15093
458,115,1221115,15094
567,21,1221136,15095
44,337,1221473,15096
48,136,1221609,15097
481,34,1221643,15098
2838,97,1221740,15099
164,240,1221980,15100
284,19,1221999,15101
10,85,1222084,15102
10,16,1222100,15103
121,99,1222199,15104
152,2,1222201,15105
3170,96,1222297,15106
753,54,1222351,15107
363,22,1222373,15108
119,75,1222448,15109
219,38,1222486,15110
16,118,1222604,15111
146,69,1222673,15112
98,102,1222775,15113
336,98,1222873,15114
356,33,1222906,15115
104,364,1223270,15116
1971,51,1223321,15117
2644,369,1223690,15118
700,49,1223739,15119
1001,70,1223809,15120
127,91,1223900,15121
261,6,1223906,15122
3603,57,1223963,15123
187,40,1224003,15124
140,235,1224238,15125
52,73,1224311,15126
255,15,1224326,15127
2130,38,1224364,15128
1392,20,1224384,15129
89,20,1224404,15130
147,40,1224444,15131
272,179,1224623,15132
12,191,1224814,15133
2626,16,1224830,15134
438,15,1224845,15135
41,163,1225008,15136
373,76,1225084,15137
33,37,1225121,15138
116,1,1225122,15139
337,12,1225134,15140
514,24,1225158,15141
66,69,1225227,15142
128,11,1225238,15143
141,16,1225254,15144
2104,416,1225670,15145
307,119,1225789,15146
230,177,1225966,15147
343,7,1225973,15148
146,28,1226001,15149
41,142,1226143,15150
99,20,1226163,15151
3164,51,1226214,15152
245,11,1226225,15153
393,53,1226278,15154
328,6,1226284,15155
199,64,1226348,15156
186,88,1226436,15157
2232,43,1226479,15158
682,34,1226513,15159
424,18,1226531,15160
129,44,1226575,15161
230,171,1226746,15162
3014,33,1226779,15163
162,68,1226847,15164
123,269,1227116,15165
2190,105,1227221,15166
764,245,1227466,15167
386,29,1227495,15168
124,70,1227565,15169
3988,146,1227711,15170
13,379,1228090,15171
25,6,1228096,15172
567,166,1228262,15173
74,81,1228343,15174
2593,107,1228450,15175
613,107,1228557,15176
1213,228,1228785,15177
631,39,1228824,15178
790,18,1228842,15179
158,9,1228851,15180
2508,46,1228897,15181
145,86,1228983,15182
232,3,1228986,15183
1719,108,1229094,15184
343,1,1229095,15185
496,17,1229112,15186
194,86,1229198,15187
201,104,1229302,15188
533,48,1229350,15189
327,232,1229582,15190
166,137,1229719,15191
342,23,1229742,15192
2550,250,1229992,15193
573,84,1230076,15194
2845,88,1230164,15195
42,93,1230257,15196
316,17,1230274,15197
2465,78,1230352,15198
15,49,1230401,15199
475,28,1230429,15200
709,5,1230434,15201
3715,3,1230437,15202
188,4,1230441,15203
156,6,1230447,15204
432,8,1230455,15205
321,33,1230488,15206
314,25,1230513,15207
2989,17,1230530,15208
3244,70,1230600,15209
2752,96,1230696,15210
132,171,1230867,15211
110,23,1230890,15212
1613,236,1231126,15213
481,23,1231149,15214
302,47,1231196,15215
356,45,1231241,15216
565,135,1231376,15217
355,178,1231554,15218
2112,52,1231606,15219
348,18,1231624,15220
174,19,1231643,15221
131,17,1231660,15222
65,22,1231682,15223
200,39,1231721,15224
328,14,1231735,15225
24,36,1231771,15226
161,4,1231775,15227
188,52,1231827,15228
3732,73,1231900,15229
270,271,1232171,15230
291,284,1232455,15231
506,16,1232471,15232
96,67,1232538,15233
3932,146,1232684,15234
95,6,1232690,15235
358,193,1232883,15236
99,25,1232908,15237
93,112,1233020,15238
13,81,1233101,15239
110,29,1233130,15240
1080,118,1233248,15241
878,27,1233275,15242
344,30,1233305,15243
212,142,1233447,15244
196,12,1233459,15245
255,53,1233512,15246
703,254,1233766,15247
2183,69,1233835,15248
353,105,1233940,15249
151,16,1233956,15250
258,310,1234266,15251
274,10,1234276,15252
1110,26,1234302,15253
160,1,1234303,15254
507,128,1234431,15255
12,60,1234491,15256
3237,247,1234738,15257
266,6,1234744,15258
321,176,1234920,15259
11,5,1234925,15260
102,107,1235032,15261
2856,19,1235051,15262
110,62,1235113,15263
136,106,1235219,15264
278,72,1235291,15265
127,82,1235373,15266
63,9,1235382,15267
972,13,1235395,15268
281,112,1235507,15269
11,154,1235661,15270
53,98,1235759,15271
579,101,1235860,15272
395,62,1235922,15273
428,11,1235933,15274
188,2,1235935,15275
246,140,1236075,15276
338,54,1236129,15277
30,116,1236245,15278
154,44,1236289,15279
88,32,1236321,15280
135,44,1236365,15281
486,8,1236373,15282
340,142,1236515,15283
1766,24,1236539,15284
193,23,1236562,15285
143,25,1236587,15286
129,36,1236623,15287
1229,67,1236690,15288
10,49,1236739,15289
1362,156,1236895,15290
612,140,1237035,15291
9,54,1237089,15292
118,409,1237498,15293
114,10,1237508,15294
139,150,1237658,15295
73,195,1237853,15296
387,127,1237980,15297
237,60,1238040,15298
105,37,1238077,15299
139,45,1238122,15300
67,81,1238203,15301
491,188,1238391,15302
343,12,1238403,15303
115,4,1238407,15304
452,126,1238533,15305
538,1,1238534,15306
4076,67,1238601,15307
261,38,1238639,15308
327,42,1238681,15309
565,99,1238780,15310
85,189,1238969,15311
123,160,1239129,15312
237,29,1239158,15313
458,13,1239171,15314
3021,28,1239199,15315
235,235,1239434,15316
1070,19,1239453,15317
3193,183,1239636,15318
20,31,1239667,15319
251,84,1239751,15320
136,22,1239773,15321
337,337,1240110,15322
1397,9,1240119,15323
396,79,1240198,15324
341,52,1240250,15325
102,130,1240380,15326
3253,151,1240531,15327
133,316,1240847,15328
118,139,1240986,15329
444,91,1241077,15330
243,242,1241319,15331
127,7,1241326,15332
244,22,1241348,15333
155,229,1241577,15334
244,56,1241633,15335
3319,43,1241676,15336
230,25,1241701,15337
112,34,1241735,15338
135,127,1241862,15339
355,7,1241869,15340
397,9,1241878,15341
141,25,1241903,15342
33,34,1241937,15343
78,31,1241968,15344
18,8,1241976,15345
329,4,1241980,15346
159,76,1242056,15347
11,5,1242061,15348
178,366,1242427,15349
2724,24,1242451,15350
3317,132,1242583,15351
172,45,1242628,15352
3670,21,1242649,15353
88,10,1242659,15354
125,356,1243015,15355
26,43,1243058,15356
297,26,1243084,15357
443,123,1243207,15358
30,28,1243235,15359
14,11,1243246,15360
935,122,1243368,15361
98,71,1243439,15362
307,3,1243442,15363
31,142,1243584,15364
249,154,1243738,15365
180,52,1243790,15366
420,23,1243813,15367
132,250,1244063,15368
143,71,1244134,15369
1531,151,1244285,15370
299,181,1244466,15371
402,16,1244482,15372
797,32,1244514,15373
204,55,1244569,15374
15,22,1244591,15375
2004,54,1244645,15376
4035,108,1244753,15377
224,83,1244836,15378
312,131,1244967,15379
39,11,1244978,15380
86,150,1245128,15381
215,111,1245239,15382
234,44,1245283,15383
496,13,1245296,15384
2964,260,1245556,15385
50,220,1245776,15386
217,48,1245824,15387
211,7,1245831,15388
3564,72,1245903,15389
377,127,1246030,15390
286,124,1246154,15391
453,92,1246246,15392
475,5,1246251,15393
473,29,1246280,15394
130,114,1246394,15395
49,130,1246524,15396
3829,19,1246543,15397
364,11,1246554,15398
515,10,1246564,15399
371,46,1246610,15400
2546,234,1246844,15401
154,1,1246845,15402
139,131,1246976,15403
32,65,1247041,15404
383,2,1247043,15405
197,160,1247203,15406
1172,34,1247237,15407
246,11,1247248,15408
2664,116,1247364,15409
475,34,1247398,15410
461,120,1247518,15411
297,123,1247641,15412
1562,28,1247669,15413
491,93,1247762,15414
112,59,1247821,15415
293,23,1247844,15416
3338,57,1247901,15417
284,63,1247964,15418
102,40,1248004,15419
75,240,1248244,15420
242,2,1248246,15421
54,107,1248353,15422
11,33,1248386,15423
276,48,1248434,15424
1660,228,1248662,15425
212,206,1248868,15426
310,10,1248878,15427
21,50,1248928,15428
134,206,1249134,15429
2612,22,1249156,15430
189,162,1249318,15431
821,41,1249359,15432
32,63,1249422,15433
2208,73,1249495,15434
320,110,1249605,15435
353,7,1249612,15436
139,13,1249625,15437
89,90,1249715,15438
1716,49,1249764,15439
186,121,1249885,15440
119,142,1250027,15441
187,254,1250281,15442
141,10,1250291,15443
117,68,1250359,15444
313,8,1250367,15445
3014,184,1250551,15446
278,64,1250615,15447
115,83,1250698,15448
505,15,1250713,15449
268,36,1250749,15450
18,3,1250752,15451
239,13,1250765,15452
42,87,1250852,15453
267,73,1250925,15454
3237,13,1250938,15455
190,29,1250967,15456
14,7,1250974,15457
146,32,1251006,15458
3815,13,1251019,15459
280,20,1251039,15460
246,21,1251060,15461
332,138,1251198,15462
346,75,1251273,15463
1816,36,1251309,15464
460,215,1251524,15465
1962,41,1251565,15466
30,18,1251583,15467
2160,2,1251585,15468
289,70,1251655,15469
437,6,1251661,15470
509,146,1251807,15471
166,45,1251852,15472
214,55,1251907,15473
325,114,1252021,15474
2384,54,1252075,15475
889,34,1252109,15476
12,36,1252145,15477
209,69,1252214,15478
3739,265,1252479,15479
1270,209,1252688,15480
331,17,1252705,15481
524,183,1252888,15482
155,39,1252927,15483
2133,73,1253000,15484
10,153,1253153,15485
13,53,1253206,15486
360,190,1253396,15487
156,65,1253461,15488
2485,317,1253778,15489
3063,55,1253833,15490
322,59,1253892,15491
3413,1,1253893,15492
363,22,1253915,15493
122,19,1253934,15494
349,25,1253959,15495
210,66,1254025,15496
115,61,1254086,15497
1912,152,1254238,15498
108,36,1254274,15499
2128,37,1254311,15500
135,18,1254329,15501
350,36,1254365,15502
255,127,1254492,15503
18,45,1254537,15504
130,55,1254592,15505
419,234,1254826,15506
15,162,1254988,15507
363,43,1255031,15508
405,39,1255070,15509
11,291,1255361,15510
375,4,1255365,15511
143,94,1255459,15512
481,195,1255654,15513
667,7,1255661,15514
380,16,1255677,15515
101,13,1255690,15516
87,28,1255718,15517
13,51,1255769,15518
94,211,1255980,15519
195,50,1256030,15520
2606,149,1256179,15521
272,14,1256193,15522
122,31,1256224,15523
390,420,1256644,15524
130,64,1256708,15525
1246,200,1256908,15526
212,25,1256933,15527
368,4,1256937,15528
1597,10,1256947,15529
1644,78,1257025,15530
141,64,1257089,15531
269,43,1257132,15532
33,133,1257265,15533
447,22,1257287,15534
126,51,1257338,15535
3485,138,1257476,15536
61,102,1257578,15537
17,14,1257592,15538
572,17,1257609,15539
161,148,1257757,15540
11,67,1257824,15541
262,46,1257870,15542
354,10,1257880,15543
272,78,1257958,15544
115,65,1258023,15545
330,71,1258094,15546
22,79,1258173,15547
3769,123,1258296,15548
335,143,1258439,15549
250,62,1258501,15550
605,13,1258514,15551
2524,265,1258779,15552
67,59,1258838,15553
40,125,1258963,15554
4086,87,1259050,15555
329,20,1259070,15556
265,25,1259095,15557
498,47,1259142,15558
3280,143,1259285,15559
240,19,1259304,15560
441,73,1259377,15561
14,218,1259595,15562
128,44,1259639,15563
384,80,1259719,15564
19,1,1259720,15565
2271,26,1259746,15566
192,24,1259770,15567
132,3,1259773,15568
67,26,1259799,15569
1843,22,1259821,15570
48,41,1259862,15571
186,59,1259921,15572
160,64,1259985,15573
180,30,1260015,15574
1285,13,1260028,15575
87,34,1260062,15576
425,4,1260066,15577
1193,1,1260067,15578
142,343,1260410,15579
148,27,1260437,15580
2929,302,1260739,15581
111,227,1260966,15582
1641,2,1260968,15583
13,4,1260972,15584
237,66,1261038,15585
17,43,1261081,15586
913,1,1261082,15587
142,174,1261256,15588
3126,46,1261302,15589
224,14,1261316,15590
173,7,1261323,15591
10,41,1261364,15592
46,309,1261673,15593
149,13,1261686,15594
489,289,1261975,15595
145,14,1261989,15596
101,58,1262047,15597
156,26,1262073,15598
1343,39,1262112,15599
3250,251,1262363,15600
178,121,1262484,15601
522,66,1262550,15602
153,84,1262634,15603
233,158,1262792,15604
208,99,1262891,15605
97,11,1262902,15606
93,3,1262905,15607
207,3,1262908,15608
241,21,1262929,15609
1656,60,1262989,15610
397,130,1263119,15611
3220,42,1263161,15612
330,95,1263256,15613
146,253,1263509,15614
214,7,1263516,15615
2594,98,1263614,15616
137,16,1263630,15617
151,5,1263635,15618
181,86,1263721,15619
230,354,1264075,15620
173,402,1264477,15621
2129,42,1264519,15622
14,11,1264530,15623
2848,46,1264576,15624
2347,34,1264610,15625
511,4,1264614,15626
1048,8,1264622,15627
17,12,1264634,15628
499,82,1264716,15629
231,33,1264749,15630
3911,30,1264779,15631
74,13,1264792,15632
15,26,1264818,15633
122,10,1264828,15634
15,1,1264829,15635
311,69,1264898,15636
401,67,1264965,15637
1078,123,1265088,15638
37,32,1265120,15639
36,106,1265226,15640
3486,68,1265294,15641
357,49,1265343,15642
2378,99,1265442,15643
3472,70,1265512,15644
240,69,1265581,15645
554,14,1265595,15646
198,49,1265644,15647
3619,33,1265677,15648
2096,128,1265805,15649
383,120,1265925,15650
460,140,1266065,15651
93,16,1266081,15652
177,115,1266196,15653
3386,4,1266200,15654
2026,21,1266221,15655
276,30,1266251,15656
13,129,1266380,15657
264,34,1266414,15658
117,83,1266497,15659
267,116,1266613,15660
278,89,1266702,15661
265,126,1266828,15662
43,75,1266903,15663
149,113,1267016,15664
271,6,1267022,15665
1787,1,1267023,15666
706,221,1267244,15667
252,193,1267437,15668
3687,12,1267449,15669
15,31,1267480,15670
13,62,1267542,15671
53,210,1267752,15672
1027,21,1267773,15673
3572,2,1267775,15674
294,80,1267855,15675
163,195,1268050,15676
350,152,1268202,15677
190,44,1268246,15678
237,130,1268376,15679
258,57,1268433,15680
623,13,1268446,15681
1028,36,1268482,15682
253,55,1268537,15683
526,162,1268699,15684
416,54,1268753,15685
270,74,1268827,15686
1999,33,1268860,15687
624,54,1268914,15688
3251,243,1269157,15689
21,34,1269191,15690
45,129,1269320,15691
109,14,1269334,15692
352,210,1269544,15693
708,116,1269660,15694
1405,22,1269682,15695
364,8,1269690,15696
146,82,1269772,15697
2320,83,1269855,15698
189,13,1269868,15699
11,120,1269988,15700
54,63,1270051,15701
86,37,1270088,15702
360,121,1270209,15703
133,48,1270257,15704
172,96,1270353,15705
511,104,1270457,15706
469,17,1270474,15707
393,155,1270629,15708
1247,137,1270766,15709
282,23,1270789,15710
414,8,1270797,15711
147,65,1270862,15712
470,65,1270927,15713
106,30,1270957,15714
2635,155,1271112,15715
2741,235,1271347,15716
70,196,1271543,15717
138,41,1271584,15718
11,6,1271590,15719
13,269,1271859,15720
3878,129,1271988,15721
372,144,1272132,15722
325,62,1272194,15723
363,42,1272236,15724
360,37,1272273,15725
277,149,1272422,15726
192,68,1272490,15727
496,47,1272537,15728
970,220,1272757,15729
1955,73,1272830,15730
189,70,1272900,15731
14,53,1272953,15732
97,76,1273029,15733
122,8,1273037,15734
2972,139,1273176,15735
3916,35,1273211,15736
385,6,1273217,15737
2781,54,1273271,15738
93,38,1273309,15739
2282,214,1273523,15740
152,102,1273625,15741
355,52,1273677,15742
10,67,1273744,15743
165,162,1273906,15744
2667,4,1273910,15745
235,6,1273916,15746
72,5,1273921,15747
1896,52,1273973,15748
1408,94,1274067,15749
119,82,1274149,15750
422,185,1274334,15751
125,69,1274403,15752
2833,181,1274584,15753
337,67,1274651,15754
299,121,1274772,15755
223,12,1274784,15756
13,23,1274807,15757
188,67,1274874,15758
3324,176,1275050,15759
458,41,1275091,15760
2264,95,1275186,15761
381,59,1275245,15762
255,133,1275378,15763
313,24,1275402,15764
3208,40,1275442,15765
79,105,1275547,15766
364,136,1275683,15767
161,367,1276050,15768
3733,138,1276188,15769
40,156,1276344,15770
366,9,1276353,15771
520,22,1276375,15772
3689,4,1276379,15773
43,99,1276478,15774
106,99,1276577,15775
216,155,1276732,15776
410,41,1276773,15777
592,152,1276925,15778
382,75,1277000,15779
161,10,1277010,15780
455,3,1277013,15781
4054,81,1277094,15782
2652,7,1277101,15783
178,16,1277117,15784
3669,9,1277126,15785
194,63,1277189,15786
279,131,1277320,15787
1775,15,1277335,15788
2364,57,1277392,15789
298,46,1277438,15790
63,88,1277526,15791
3677,48,1277574,15792
276,34,1277608,15793
92,17,1277625,15794
1727,109,1277734,15795
16,97,1277831,15796
276,220,1278051,15797
14,178,1278229,15798
3988,25,1278254,15799
365,88,1278342,15800
193,1,1278343,15801
84,3,1278346,15802
452,135,1278481,15803
367,93,1278574,15804
598,68,1278642,15805
337,71,1278713,15806
84,65,1278778,15807
27,84,1278862,15808
9,5,1278867,15809
297,2,1278869,15810
2075,11,1278880,15811
306,129,1279009,15812
51,161,1279170,15813
427,17,1279187,15814
313,162,1279349,15815
258,8,1279357,15816
83,128,1279485,15817
198,128,1279613,15818
123,117,1279730,15819
433,62,1279792,15820
506,153,1279945,15821
443,57,1280002,15822
320,101,1280103,15823
1642,52,1280155,15824
174,17,1280172,15825
477,27,1280199,15826
1477,108,1280307,15827
2144,55,1280362,15828
123,27,1280389,15829
12,96,1280485,15830
135,74,1280559,15831
22,8,1280567,15832
507,16,1280583,15833
734,48,1280631,15834
87,138,1280769,15835
1554,37,1280806,15836
288,31,1280837,15837
1029,271,1281108,15838
3329,97,1281205,15839
17,47,1281252,15840
102,14,1281266,15841
1495,95,1281361,15842
157,95,1281456,15843
203,46,1281502,15844
609,49,1281551,15845
128,137,1281688,15846
239,57,1281745,15847
188,238,1281983,15848
378,95,1282078,15849
121,90,1282168,15850
221,77,1282245,15851
108,55,1282300,15852
120,63,1282363,15853
583,95,1282458,15854
121,78,1282536,15855
138,22,1282558,15856
168,33,1282591,15857
58,142,1282733,15858
2569,38,1282771,15859
119,24,1282795,15860
139,119,1282914,15861
2247,110,1283024,15862
1516,56,1283080,15863
1190,201,1283281,15864
106,118,1283399,15865
201,98,1283497,15866
87,14,1283511,15867
61,26,1283537,15868
36,69,1283606,15869
230,92,1283698,15870
175,301,1283999,15871
3892,8,1284007,15872
285,110,1284117,15873
23,8,1284125,15874
289,99,1284224,15875
76,41,1284265,15876
1163,162,1284427,15877
292,70,1284497,15878
2149,246,1284743,15879
159,4,1284747,15880
151,28,1284775,15881
645,56,1284831,15882
2289,14,1284845,15883
349,37,1284882,15884
159,49,1284931,15885
274,57,1284988,15886
268,14,1285002,15887
799,86,1285088,15888
92,177,1285265,15889
1892,120,1285385,15890
3805,82,1285467,15891
173,122,1285589,15892
2491,142,1285731,15893
1326,27,1285758,15894
16,12,1285770,15895
274,92,1285862,15896
310,61,1285923,15897
2676,82,1286005,15898
141,88,1286093,15899
444,115,1286208,15900
220,2,1286210,15901
561,135,1286345,15902
368,36,1286381,15903
165,74,1286455,15904
149,38,1286493,15905
155,25,1286518,15906
3116,44,1286562,15907
1674,45,1286607,15908
690,204,1286811,15909
2726,24,1286835,15910
149,117,1286952,15911
126,24,1286976,15912
4044,1,1286977,15913
3364,48,1287025,15914
104,264,1287289,15915
26,53,1287342,15916
776,156,1287498,15917
187,29,1287527,15918
2949,163,1287690,15919
280,431,1288121,15920
150,25,1288146,15921
97,186,1288332,15922
104,125,1288457,15923
356,29,1288486,15924
144,32,1288518,15925
145,84,1288602,15926
318,17,1288619,15927
324,23,1288642,15928
178,46,1288688,15929
269,30,1288718,15930
267,269,1288987,15931
62,73,1289060,15932
132,18,1289078,15933
132,44,1289122,15934
146,85,1289207,15935
199,42,1289249,15936
164,47,1289296,15937
158,5,1289301,15938
3891,2,1289303,15939
439,179,1289482,15940
267,69,1289551,15941
272,321,1289872,15942
563,21,1289893,15943
565,157,1290050,15944
457,111,1290161,15945
11,11,1290172,15946
254,34,1290206,15947
345,142,1290348,15948
751,8,1290356,15949
14,20,1290376,15950
127,96,1290472,15951
39,101,1290573,15952
170,52,1290625,15953
318,31,1290656,15954
132,34,1290690,15955
11,165,1290855,15956
209,89,1290944,15957
119,4,1290948,15958
1196,54,1291002,15959
254,86,1291088,15960
186,65,1291153,15961
561,211,1291364,15962
351,52,1291416,15963
192,141,1291557,15964
351,67,1291624,15965
166,54,1291678,15966
15,4,1291682,15967
411,3,1291685,15968
2524,52,1291737,15969
93,38,1291775,15970
1465,124,1291899,15971
265,197,1292096,15972
438,31,1292127,15973
231,86,1292213,15974
85,406,1292619,15975
16,74,1292693,15976
2161,16,1292709,15977
193,221,1292930,15978
1528,57,1292987,15979
19,387,1293374,15980
367,59,1293433,15981
346,129,1293562,15982
15,53,1293615,15983
361,41,1293656,15984
366,45,1293701,15985
558,25,1293726,15986
3770,153,1293879,15987
3010,18,1293897,15988
400,96,1293993,15989
164,3,1293996,15990
434,83,1294079,15991
135,181,1294260,15992
110,20,1294280,15993
394,28,1294308,15994
172,3,1294311,15995
188,30,1294341,15996
21,180,1294521,15997
29,52,1294573,15998
161,230,1294803,15999
3538,64,1294867,16000
784,1,1294868,16001
144,14,1294882,16002
169,128,1295010,16003
115,170,1295180,16004
3308,35,1295215,16005
712,21,1295236,16006
315,48,1295284,16007
331,170,1295454,16008
9,112,1295566,16009
323,80,1295646,16010
338,111,1295757,16011
371,69,1295826,16012
58,24,1295850,16013
2791,65,1295915,16014
3398,9,1295924,16015
918,3,1295927,16016
542,50,1295977,16017
11,100,1296077,16018
120,154,1296231,16019
666,42,1296273,16020
228,65,1296338,16021
153,33,1296371,16022
652,89,1296460,16023
12,58,1296518,16024
362,39,1296557,16025
179,96,1296653,16026
2250,48,1296701,16027
1006,25,1296726,16028
532,189,1296915,16029
806,144,1297059,16030
3473,33,1297092,16031
351,111,1297203,16032
289,115,1297318,16033
228,92,1297410,16034
412,17,1297427,16035
362,22,1297449,16036
159,69,1297518,16037
159,86,1297604,16038
136,7,1297611,16039
1562,22,1297633,16040
3364,66,1297699,16041
368,117,1297816,16042
1591,271,1298087,16043
1459,15,1298102,16044
292,171,1298273,16045
2320,53,1298326,16046
397,1,1298327,16047
138,20,1298347,16048
2949,49,1298396,16049
2290,17,1298413,16050
103,168,1298581,16051
3426,309,1298890,16052
356,67,1298957,16053
13,42,1298999,16054
236,63,1299062,16055
321,9,1299071,16056
184,91,1299162,16057
399,7,1299169,16058
56,71,1299240,16059
337,131,1299371,16060
205,10,1299381,16061
83,83,1299464,16062
1448,24,1299488,16063
260,12,1299500,16064
173,445,1299945,16065
145,163,1300108,16066
298,21,1300129,16067
190,5,1300134,16068
2725,90,1300224,16069
1291,35,1300259,16070
114,72,1300331,16071
126,88,1300419,16072
614,141,1300560,16073
14,135,1300695,16074
407,26,1300721,16075
1197,15,1300736,16076
942,148,1300884,16077
367,15,1300899,16078
367,34,1300933,16079
115,65,1300998,16080
85,52,1301050,16081
141,11,1301061,16082
476,74,1301135,16083
99,3,1301138,16084
3325,41,1301179,16085
2617,163,1301342,16086
342,27,1301369,16087
307,18,1301387,16088
398,78,1301465,16089
403,165,1301630,16090
35,463,1302093,16091
2366,239,1302332,16092
346,18,1302350,16093
56,2,1302352,16094
29,16,1302368,16095
68,69,1302437,16096
308,291,1302728,16097
2101,135,1302863,16098
2551,73,1302936,16099
21,116,1303052,16100
267,38,1303090,16101
37,20,1303110,16102
153,26,1303136,16103
548,48,1303184,16104
3884,17,1303201,16105
12,41,1303242,16106
13,63,1303305,16107
125,60,1303365,16108
19,17,1303382,16109
14,65,1303447,16110
776,176,1303623,16111
166,115,1303738,16112
157,63,1303801,16113
138,169,1303970,16114
372,18,1303988,16115
965,75,1304063,16116
85,138,1304201,16117
184,22,1304223,16118
256,245,1304468,16119
1362,116,1304584,16120
157,9,1304593,16121
283,8,1304601,16122
218,81,1304682,16123
340,58,1304740,16124
1332,246,1304986,16125
377,5,1304991,16126
9,128,1305119,16127
3272,9,1305128,16128
145,85,1305213,16129
351,32,1305245,16130
693,134,1305379,16131
22,60,1305439,16132
362,62,1305501,16133
155,100,1305601,16134
276,231,1305832,16135
1307,204,1306036,16136
674,230,1306266,16137
2297,50,1306316,16138
15,27,1306343,16139
2902,43,1306386,16140
15,2,1306388,16141
3806,3,1306391,16142
61,91,1306482,16143
162,30,1306512,16144
18,40,1306552,16145
67,129,1306681,16146
225,44,1306725,16147
316,62,1306787,16148
159,45,1306832,16149
240,196,1307028,16150
11,1,1307029,16151
84,29,1307058,16152
71,19,1307077,16153
247,132,1307209,16154
394,70,1307279,16155
160,50,1307329,16156
630,113,1307442,16157
356,234,1307676,16158
121,118,1307794,16159
2293,134,1307928,16160
345,48,1307976,16161
418,66,1308042,16162
3807,69,1308111,16163
276,29,1308140,16164
629,172,1308312,16165
452,150,1308462,16166
1820,93,1308555,16167
158,49,1308604,16168
104,66,1308670,16169
2741,110,1308780,16170
222,29,1308809,16171
111,36,1308845,16172
3216,135,1308980,16173
337,46,1309026,16174
261,12,1309038,16175
31,46,1309084,16176
35,93,1309177,16177
46,109,1309286,16178
13,41,1309327,16179
1471,78,1309405,16180
722,166,1309571,16181
162,142,1309713,16182
327,30,1309743,16183
54,176,1309919,16184
143,15,1309934,16185
184,230,1310164,16186
2328,114,1310278,16187
799,16,1310294,16188
431,8,1310302,16189
60,196,1310498,16190
767,115,1310613,16191
47,15,1310628,16192
160,70,1310698,16193
183,110,1310808,16194
200,44,1310852,16195
238,211,1311063,16196
3560,213,1311276,16197
264,135,1311411,16198
515,81,1311492,16199
312,55,1311547,16200
161,25,1311572,16201
329,195,1311767,16202
9,69,1311836,16203
681,45,1311881,16204
1964,70,1311951,16205
159,78,1312029,16206
134,186,1312215,16207
256,18,1312233,16208
3575,266,1312499,16209
147,114,1312613,16210
222,70,1312683,16211
86,9,1312692,16212
73,76,1312768,16213
109,111,1312879,16214
4070,185,1313064,16215
2367,34,1313098,16216
279,32,1313130,16217
601,10,1313140,16218
265,32,1313172,16219
777,6,1313178,16220
295,262,1313440,16221
2217,15,1313455,16222
107,33,1313488,16223
2638,88,1313576,16224
412,1,1313577,16225
505,26,1313603,16226
178,43,1313646,16227
271,7,1313653,16228
59,65,1313718,16229
98,14,1313732,16230
1113,8,1313740,16231
604,194,1313934,16232
420,215,1314149,16233
33,230,1314379,16234
66,19,1314398,16235
15,32,1314430,16236
3748,9,1314439,16237
2042,102,1314541,16238
124,183,1314724,16239
642,172,1314896,16240
138,182,1315078,16241
4088,30,1315108,16242
179,32,1315140,16243
125,194,1315334,16244
258,173,1315507,16245
814,35,1315542,16246
35,280,1315822,16247
2944,18,1315840,16248
464,132,1315972,16249
307,1,1315973,16250
523,87,1316060,16251
216,15,1316075,16252
373,85,1316160,16253
348,2,1316162,16254
3347,10,1316172,16255
379,261,1316433,16256
369,56,1316489,16257
42,56,1316545,16258
395,55,1316600,16259
13,24,1316624,16260
140,13,1316637,16261
255,69,1316706,16262
1685,179,1316885,16263
2864,153,1317038,16264
72,178,1317216,16265
106,31,1317247,16266
95,72,1317319,16267
1503,134,1317453,16268
291,141,1317594,16269
404,42,1317636,16270
1110,4,1317640,16271
118,55,1317695,16272
332,218,1317913,16273
113,65,1317978,16274
482,1,1317979,16275
119,57,1318036,16276
373,1,1318037,16277
157,28,1318065,16278
829,240,1318305,16279
228,49,1318354,16280
343,82,1318436,16281
1359,76,1318512,16282
216,7,1318519,16283
239,117,1318636,16284
40,1,1318637,16285
14,73,1318710,16286
58,57,1318767,16287
12,81,1318848,16288
430,24,1318872,16289
368,86,1318958,16290
1378,10,1318968,16291
2297,24,1318992,16292
728,96,1319088,16293
119,126,1319214,16294
2704,64,1319278,16295
194,18,1319296,16296
16,51,1319347,16297
101,37,1319384,16298
186,49,1319433,16299
323,9,1319442,16300
267,36,1319478,16301
2883,6,1319484,16302
406,29,1319513,16303
2544,103,1319616,16304
315,117,1319733,16305
264,4,1319737,16306
366,62,1319799,16307
1442,30,1319829,16308
133,25,1319854,16309
74,241,1320095,16310
14,370,1320465,16311
293,175,1320640,16312
97,8,1320648,16313
46,33,1320681,16314
469,78,1320759,16315
48,36,1320795,16316
344,113,1320908,16317
338,6,1320914,16318
297,16,1320930,16319
2822,359,1321289,16320
199,128,1321417,16321
372,145,1321562,16322
1945,156,1321718,16323
325,105,1321823,16324
2488,55,1321878,16325
586,18,1321896,16326
3458,94,1321990,16327
445,79,1322069,16328
285,123,1322192,16329
978,12,1322204,16330
136,13,1322217,16331
294,44,1322261,16332
2015,126,1322387,16333
1239,88,1322475,16334
165,8,1322483,16335
162,43,1322526,16336
45,55,1322581,16337
295,115,1322696,16338
555,94,1322790,16339
12,92,1322882,16340
2114,47,1322929,16341
181,110,1323039,16342
271,31,1323070,16343
85,14,1323084,16344
3666,1,1323085,16345
193,74,1323159,16346
12,2,1323161,16347
292,36,1323197,16348
412,71,1323268,16349
175,19,1323287,16350
173,68,1323355,16351
2430,181,1323536,16352
588,43,1323579,16353
353,157,1323736,16354
3913,28,1323764,16355
361,216,1323980,16356
57,108,1324088,16357
1783,94,1324182,16358
281,71,1324253,16359
349,47,1324300,16360
276,89,1324389,16361
2064,9,1324398,16362
298,101,1324499,16363
2651,229,1324728,16364
133,31,1324759,16365
291,92,1324851,16366
148,60,1324911,16367
274,9,1324920,16368
993,87,1325007,16369
165,11,1325018,16370
99,57,1325075,16371
397,42,1325117,16372
430,45,1325162,16373
265,231,1325393,16374
270,313,1325706,16375
132,162,1325868,16376
340,63,1325931,16377
731,110,1326041,16378
257,95,1326136,16379
62,1,1326137,16380
2239,196,1326333,16381
3538,11,1326344,16382
1955,172,1326516,16383
82,102,1326618,16384
23,74,1326692,16385
374,19,1326711,16386
143,64,1326775,16387
218,118,1326893,16388
544,3,1326896,16389
284,93,1326989,16390
745,113,1327102,16391
109,57,1327159,16392
292,12,1327171,16393
72,101,1327272,16394
289,95,1327367,16395
178,40,1327407,16396
55,33,1327440,16397
405,38,1327478,16398
315,19,1327497,16399
406,221,1327718,16400
117,23,1327741,16401
1833,52,1327793,16402
376,62,1327855,16403
270,48,1327903,16404
244,94,1327997,16405
246,309,1328306,16406
296,114,1328420,16407
214,97,1328517,16408
387,131,1328648,16409
254,53,1328701,16410
342,10,1328711,16411
668,3,1328714,16412
305,70,1328784,16413
158,64,1328848,16414
2415,119,1328967,16415
3475,93,1329060,16416
26,32,1329092,16417
87,15,1329107,16418
404,28,1329135,16419
269,4,1329139,16420
969,17,1329156,16421
1620,148,1329304,16422
185,45,1329349,16423
115,197,1329546,16424
151,191,1329737,16425
3018,14,1329751,16426
3689,10,1329761,16427
266,46,1329807,16428
73,155,1329962,16429
2635,20,1329982,16430
1152,34,1330016,16431
181,170,1330186,16432
1528,135,1330321,16433
252,361,1330682,16434
275,40,1330722,16435
13,121,1330843,16436
1787,25,1330868,16437
2155,139,1331007,16438
289,70,1331077,16439
10,57,1331134,16440
13,36,1331170,16441
2476,66,1331236,16442
3933,15,1331251,16443
438,94,1331345,16444
217,46,1331391,16445
117,118,1331509,16446
494,36,1331545,16447
232,49,1331594,16448
1627,58,1331652,16449
259,141,1331793,16450
359,33,1331826,16451
405,65,1331891,16452
273,110,1332001,16453
122,145,1332146,16454
2926,312,1332458,16455
134,44,1332502,16456
252,70,1332572,16457
2458,72,1332644,16458
358,29,1332673,16459
15,11,1332684,16460
46,9,1332693,16461
191,81,1332774,16462
258,130,1332904,16463
362,88,1332992,16464
447,39,1333031,16465
120,63,1333094,16466
2883,28,1333122,16467
12,25,1333147,16468
381,213,1333360,16469
443,98,1333458,16470
13,8,1333466,16471
2223,35,1333501,16472
139,47,1333548,16473
304,85,1333633,16474
1775,80,1333713,16475
294,28,1333741,16476
140,45,1333786,16477
45,36,1333822,16478
280,20,1333842,16479
295,71,1333913,16480
1879,250,1334163,16481
284,207,1334370,16482
177,10,1334380,16483
892,50,1334430,16484
1020,12,1334442,16485
48,139,1334581,16486
136,10,1334591,16487
199,276,1334867,16488
134,1,1334868,16489
504,66,1334934,16490
69,27,1334961,16491
17,77,1335038,16492
33,16,1335054,16493
449,73,1335127,16494
37,154,1335281,16495
304,202,1335483,16496
141,62,1335545,16497
144,11,1335556,16498
3961,267,1335823,16499
1565,74,1335897,16500
294,61,1335958,16501
412,99,1336057,16502
2622,60,1336117,16503
245,130,1336247,16504
2162,60,1336307,16505
150,38,1336345,16506
371,2,1336347,16507
3627,29,1336376,16508
262,28,1336404,16509
15,220,1336624,16510
76,4,1336628,16511
3744,22,1336650,16512
119,16,1336666,16513
127,44,1336710,16514
2840,49,1336759,16515
2016,199,1336958,16516
305,31,1336989,16517
412,52,1337041,16518
176,72,1337113,16519
425,66,1337179,16520
228,62,1337241,16521
2827,14,1337255,16522
422,211,1337466,16523
1739,12,1337478,16524
115,40,1337518,16525
23,55,1337573,16526
259,1,1337574,16527
352,66,1337640,16528
3383,27,1337667,16529
129,167,1337834,16530
806,35,1337869,16531
149,11,1337880,16532
264,30,1337910,16533
466,73,1337983,16534
128,45,1338028,16535
424,126,1338154,16536
362,2,1338156,16537
112,30,1338186,16538
930,39,1338225,16539
306,102,1338327,16540
189,7,1338334,16541
426,59,1338393,16542
39,41,1338434,16543
240,41,1338475,16544
195,21,1338496,16545
2674,98,1338594,16546
169,55,1338649,16547
101,43,1338692,16548
262,86,1338778,16549
398,9,1338787,16550
324,151,1338938,16551
2021,21,1338959,16552
3104,47,1339006,16553
150,595,1339601,16554
305,1,1339602,16555
292,38,1339640,16556
2531,260,1339900,16557
473,32,1339932,16558
369,30,1339962,16559
27,19,1339981,16560
239,29,1340010,16561
109,57,1340067,16562
48,74,1340141,16563
274,154,1340295,16564
141,91,1340386,16565
860,58,1340444,16566
309,43,1340487,16567
528,44,1340531,16568
204,310,1340841,16569
150,6,1340847,16570
313,225,1341072,16571
425,86,1341158,16572
179,33,1341191,16573
586,185,1341376,16574
143,200,1341576,16575
2698,27,1341603,16576
421,182,1341785,16577
325,36,1341821,16578
379,13,1341834,16579
919,255,1342089,16580
159,119,1342208,16581
198,25,1342233,16582
2058,122,1342355,16583
215,18,1342373,16584
3040,50,1342423,16585
273,288,1342711,16586
431,98,1342809,16587
545,48,1342857,16588
99,63,1342920,16589
457,91,1343011,16590
17,131,1343142,16591
22,3,1343145,16592
315,32,1343177,16593
22,54,1343231,16594
2728,56,1343287,16595
210,22,1343309,16596
279,118,1343427,16597
25,4,1343431,16598
172,8,1343439,16599
533,100,1343539,16600
528,62,1343601,16601
277,149,1343750,16602
209,173,1343923,16603
119,168,1344091,16604
113,32,1344123,16605
281,86,1344209,16606
172,23,1344232,16607
47,4,1344236,16608
30,120,1344356,16609
623,16,1344372,16610
201,3,1344375,16611
539,5,1344380,16612
32,38,1344418,16613
2881,18,1344436,16614
154,5,1344441,16615
90,46,1344487,16616
2832,151,1344638,16617
512,48,1344686,16618
323,385,1345071,16619
1688,19,1345090,16620
360,32,1345122,16621
123,19,1345141,16622
21,26,1345167,16623
172,15,1345182,16624
545,211,1345393,16625
120,77,1345470,16626
342,4,1345474,16627
403,5,1345479,16628
2762,105,1345584,16629
2526,63,1345647,16630
637,31,1345678,16631
322,99,1345777,16632
142,42,1345819,16633
1082,5,1345824,16634
304,12,1345836,16635
27,10,1345846,16636
229,28,1345874,16637
236,23,1345897,16638
216,36,1345933,16639
253,88,1346021,16640
158,13,1346034,16641
140,332,1346366,16642
1496,65,1346431,16643
361,46,1346477,16644
382,159,1346636,16645
145,35,1346671,16646
20,108,1346779,16647
302,11,1346790,16648
2004,117,1346907,16649
639,99,1347006,16650
84,16,1347022,16651
2614,31,1347053,16652
4050,21,1347074,16653
254,13,1347087,16654
128,5,1347092,16655
362,282,1347374,16656
12,67,1347441,16657
167,31,1347472,16658
26,111,1347583,16659
384,198,1347781,16660
77,211,1347992,16661
1272,67,1348059,16662
99,68,1348127,16663
259,27,1348154,16664
229,199,1348353,16665
311,30,1348383,16666
49,18,1348401,16667
89,101,1348502,16668
329,73,1348575,16669
368,58,1348633,16670
838,59,1348692,16671
2185,74,1348766,16672
245,98,1348864,16673
22,78,1348942,16674
401,73,1349015,16675
142,36,1349051,16676
211,34,1349085,16677
106,190,1349275,16678
170,26,1349301,16679
194,6,1349307,16680
14,102,1349409,16681
291,122,1349531,16682
111,45,1349576,16683
2805,302,1349878,16684
11,13,1349891,16685
1173,86,1349977,16686
827,11,1349988,16687
172,127,1350115,16688
118,69,1350184,16689
161,156,1350340,16690
80,385,1350725,16691
695,2,1350727,16692
124,22,1350749,16693
220,10,1350759,16694
404,26,1350785,16695
131,14,1350799,16696
13,48,1350847,16697
166,239,1351086,16698
379,78,1351164,16699
355,54,1351218,16700
222,57,1351275,16701
321,39,1351314,16702
15,50,1351364,16703
141,51,1351415,16704
882,268,1351683,16705
2090,73,1351756,16706
197,76,1351832,16707
152,277,1352109,16708
273,24,1352133,16709
249,20,1352153,16710
90,48,1352201,16711
579,66,1352267,16712
600,53,1352320,16713
890,239,1352559,16714
249,27,1352586,16715
290,405,1352991,16716
319,94,1353085,16717
302,4,1353089,16718
131,292,1353381,16719
163,13,1353394,16720
3479,33,1353427,16721
13,161,1353588,16722
152,253,1353841,16723
123,89,1353930,16724
179,178,1354108,16725
261,118,1354226,16726
202,113,1354339,16727
134,364,1354703,16728
1257,70,1354773,16729
139,33,1354806,16730
4013,32,1354838,16731
172,49,1354887,16732
365,43,1354930,16733
87,11,1354941,16734
3593,206,1355147,16735
122,153,1355300,16736
230,59,1355359,16737
0,108,1355467,16738
1085,45,1355512,16739
242,107,1355619,16740
303,93,1355712,16741
276,39,1355751,16742
44,25,1355776,16743
214,7,1355783,16744
285,8,1355791,16745
42,256,1356047,16746
141,199,1356246,16747
132,321,1356567,16748
166,120,1356687,16749
285,68,1356755,16750
41,94,1356849,16751
172,150,1356999,16752
2970,8,1357007,16753
14,61,1357068,16754
563,147,1357215,16755
1897,24,1357239,16756
291,76,1357315,16757
565,88,1357403,16758
10,29,1357432,16759
803,2,1357434,16760
338,11,1357445,16761
183,287,1357732,16762
719,5,1357737,16763
141,112,1357849,16764
123,55,1357904,16765
2727,1,1357905,16766
33,66,1357971,16767
1566,1,1357972,16768
4055,38,1358010,16769
412,108,1358118,16770
95,2,1358120,16771
725,82,1358202,16772
253,30,1358232,16773
368,2,1358234,16774
270,14,1358248,16775
405,263,1358511,16776
395,41,1358552,16777
192,56,1358608,16778
161,15,1358623,16779
1993,97,1358720,16780
150,27,1358747,16781
152,384,1359131,16782
3949,12,1359143,16783
71,47,1359190,16784
29,57,1359247,16785
141,424,1359671,16786
280,287,1359958,16787
39,52,1360010,16788
390,38,1360048,16789
101,323,1360371,16790
135,141,1360512,16791
9,45,1360557,16792
13,22,1360579,16793
284,43,1360622,16794
55,153,1360775,16795
935,172,1360947,16796
130,328,1361275,16797
3447,214,1361489,16798
468,273,1361762,16799
532,22,1361784,16800
2335,270,1362054,16801
335,118,1362172,16802
372,52,1362224,16803
2159,96,1362320,16804
308,1,1362321,16805
323,23,1362344,16806
207,123,1362467,16807
363,71,1362538,16808
440,2,1362540,16809
226,75,1362615,16810
162,8,1362623,16811
87,191,1362814,16812
112,53,1362867,16813
343,7,1362874,16814
2138,100,1362974,16815
505,86,1363060,16816
29,37,1363097,16817
1231,59,1363156,16818
11,237,1363393,16819
225,26,1363419,16820
499,93,1363512,16821
97,19,1363531,16822
29,51,1363582,16823
266,220,1363802,16824
375,101,1363903,16825
54,27,1363930,16826
13,213,1364143,16827
213,245,1364388,16828
169,44,1364432,16829
334,8,1364440,16830
228,48,1364488,16831
329,62,1364550,16832
21,91,1364641,16833
931,79,1364720,16834
604,236,1364956,16835
163,33,1364989,16836
167,57,1365046,16837
258,28,1365074,16838
635,60,1365134,16839
442,67,1365201,16840
231,90,1365291,16841
82,63,1365354,16842
272,27,1365381,16843
379,240,1365621,16844
515,36,1365657,16845
2390,52,1365709,16846
459,2,1365711,16847
210,177,1365888,16848
14,50,1365938,16849
65,17,1365955,16850
1634,237,1366192,16851
23,17,1366209,16852
147,185,1366394,16853
101,13,1366407,16854
2002,100,1366507,16855
2852,29,1366536,16856
899,29,1366565,16857
192,160,1366725,16858
14,273,1366998,16859
327,118,1367116,16860
2640,23,1367139,16861
367,7,1367146,16862
269,36,1367182,16863
940,11,1367193,16864
140,5,1367198,16865
464,10,1367208,16866
505,25,1367233,16867
3552,37,1367270,16868
2701,184,1367454,16869
21,24,1367478,16870
250,130,1367608,16871
117,8,1367616,16872
115,63,1367679,16873
317,54,1367733,16874
170,74,1367807,16875
144,6,1367813,16876
133,4,1367817,16877
264,5,1367822,16878
556,36,1367858,16879
687,102,1367960,16880
666,17,1367977,16881
3951,52,1368029,16882
112,4,1368033,16883
165,5,1368038,16884
443,78,1368116,16885
406,123,1368239,16886
216,38,1368277,16887
1008,65,1368342,16888
1524,96,1368438,16889
208,38,1368476,16890
50,148,1368624,16891
312,84,1368708,16892
362,197,1368905,16893
376,61,1368966,16894
200,191,1369157,16895
289,96,1369253,16896
44,143,1369396,16897
316,125,1369521,16898
74,12,1369533,16899
12,23,1369556,16900
231,83,1369639,16901
158,59,1369698,16902
128,40,1369738,16903
77,110,1369848,16904
138,48,1369896,16905
830,151,1370047,16906
791,65,1370112,16907
341,74,1370186,16908
196,287,1370473,16909
503,56,1370529,16910
192,16,1370545,16911
113,5,1370550,16912
1112,26,1370576,16913
218,106,1370682,16914
3206,23,1370705,16915
92,21,1370726,16916
164,13,1370739,16917
763,121,1370860,16918
419,314,1371174,16919
307,53,1371227,16920
58,2,1371229,16921
152,74,1371303,16922
425,84,1371387,16923
165,82,1371469,16924
12,54,1371523,16925
438,136,1371659,16926
505,121,1371780,16927
1481,19,1371799,16928
392,29,1371828,16929
193,11,1371839,16930
170,49,1371888,16931
16,80,1371968,16932
2271,130,1372098,16933
366,286,1372384,16934
127,75,1372459,16935
21,95,1372554,16936
329,113,1372667,16937
1498,89,1372756,16938
1978,332,1373088,16939
407,38,1373126,16940
371,74,1373200,16941
1364,150,1373350,16942
977,119,1373469,16943
1487,17,1373486,16944
333,87,1373573,16945
481,33,1373606,16946
203,166,1373772,16947
111,11,1373783,16948
35,65,1373848,16949
2779,211,1374059,16950
562,62,1374121,16951
155,121,1374242,16952
180,9,1374251,16953
266,156,1374407,16954
223,183,1374590,16955
16,12,1374602,16956
114,87,1374689,16957
4028,42,1374731,16958
746,37,1374768,16959
163,141,1374909,16960
3784,13,1374922,16961
248,6,1374928,16962
237,189,1375117,16963
269,59,1375176,16964
132,7,1375183,16965
1123,29,1375212,16966
130,36,1375248,16967
363,51,1375299,16968
876,53,1375352,16969
288,85,1375437,16970
492,9,1375446,16971
276,11,1375457,16972
423,140,1375597,16973
311,23,1375620,16974
2949,67,1375687,16975
2934,117,1375804,16976
101,239,1376043,16977
316,2,1376045,16978
213,17,1376062,16979
3490,9,1376071,16980
188,68,1376139,16981
295,400,1376539,16982
3326,113,1376652,16983
1784,137,1376789,16984
1314,74,1376863,16985
444,70,1376933,16986
113,28,1376961,16987
64,21,1376982,16988
22,66,1377048,16989
136,44,1377092,16990
118,117,1377209,16991
278,72,1377281,16992
2717,1,1377282,16993
3121,6,1377288,16994
172,173,1377461,16995
1980,104,1377565,16996
78,70,1377635,16997
2791,15,1377650,16998
455,51,1377701,16999
110,13,1377714,17000
58,21,1377735,17001
48,13,1377748,17002
95,116,1377864,17003
115,119,1377983,17004
1018,19,1378002,17005
660,38,1378040,17006
3464,66,1378106,17007
33,67,1378173,17008
3311,239,1378412,17009
219,222,1378634,17010
40,60,1378694,17011
313,24,1378718,17012
123,31,1378749,17013
2882,36,1378785,17014
2604,131,1378916,17015
260,25,1378941,17016
31,20,1378961,17017
283,24,1378985,17018
2335,2,1378987,17019
287,271,1379258,17020
155,29,1379287,17021
2193,287,1379574,17022
3232,37,1379611,17023
1377,322,1379933,17024
185,157,1380090,17025
245,47,1380137,17026
336,83,1380220,17027
358,13,1380233,17028
365,162,1380395,17029
208,119,1380514,17030
1584,7,1380521,17031
144,77,1380598,17032
131,82,1380680,17033
268,330,1381010,17034
3156,34,1381044,17035
139,382,1381426,17036
106,22,1381448,17037
94,19,1381467,17038
128,15,1381482,17039
249,18,1381500,17040
354,27,1381527,17041
84,38,1381565,17042
268,134,1381699,17043
13,26,1381725,17044
77,5,1381730,17045
422,126,1381856,17046
374,24,1381880,17047
369,109,1381989,17048
277,181,1382170,17049
1866,240,1382410,17050
138,59,1382469,17051
342,129,1382598,17052
23,99,1382697,17053
318,88,1382785,17054
27,189,1382974,17055
10,9,1382983,17056
141,2,1382985,17057
499,87,1383072,17058
2845,9,1383081,17059
3960,94,1383175,17060
156,12,1383187,17061
196,112,1383299,17062
286,37,1383336,17063
174,107,1383443,17064
47,14,1383457,17065
49,163,1383620,17066
239,83,1383703,17067
484,8,1383711,17068
414,2,1383713,17069
195,214,1383927,17070
118,105,1384032,17071
357,37,1384069,17072
2139,74,1384143,17073
2073,44,1384187,17074
75,43,1384230,17075
19,24,1384254,17076
1594,24,1384278,17077
3750,70,1384348,17078
117,13,1384361,17079
378,313,1384674,17080
109,36,1384710,17081
356,181,1384891,17082
810,37,1384928,17083
425,442,1385370,17084
400,97,1385467,17085
135,32,1385499,17086
318,111,1385610,17087
259,41,1385651,17088
2303,113,1385764,17089
3579,13,1385777,17090
114,20,1385797,17091
234,107,1385904,17092
364,45,1385949,17093
91,30,1385979,17094
306,185,1386164,17095
148,26,1386190,17096
766,58,1386248,17097
157,203,1386451,17098
73,126,1386577,17099
20,83,1386660,17100
166,45,1386705,17101
2028,4,1386709,17102
306,89,1386798,17103
280,166,1386964,17104
263,76,1387040,17105
595,41,1387081,17106
37,16,1387097,17107
212,43,1387140,17108
339,145,1387285,17109
112,3,1387288,17110
530,58,1387346,17111
13,24,1387370,17112
136,12,1387382,17113
131,282,1387664,17114
395,51,1387715,17115
43,74,1387789,17116
15,286,1388075,17117
173,116,1388191,17118
72,46,1388237,17119
51,103,1388340,17120
209,36,1388376,17121
186,52,1388428,17122
2340,93,1388521,17123
231,45,1388566,17124
219,89,1388655,17125
1308,62,1388717,17126
398,79,1388796,17127
98,133,1388929,17128
102,25,1388954,17129
395,5,1388959,17130
127,21,1388980,17131
130,61,1389041,17132
133,6,1389047,17133
351,72,1389119,17134
430,23,1389142,17135
265,211,1389353,17136
143,14,1389367,17137
1334,102,1389469,17138
156,58,1389527,17139
136,296,1389823,17140
55,26,1389849,17141
603,21,1389870,17142
14,342,1390212,17143
81,130,1390342,17144
1930,55,1390397,17145
412,123,1390520,17146
483,57,1390577,17147
249,50,1390627,17148
366,116,1390743,17149
3914,120,1390863,17150
1812,41,1390904,17151
357,40,1390944,17152
172,13,1390957,17153
1737,159,1391116,17154
40,8,1391124,17155
125,101,1391225,17156
332,3,1391228,17157
347,99,1391327,17158
293,361,1391688,17159
200,109,1391797,17160
10,311,1392108,17161
197,38,1392146,17162
591,68,1392214,17163
366,44,1392258,17164
166,136,1392394,17165
265,110,1392504,17166
128,4,1392508,17167
896,80,1392588,17168
139,238,1392826,17169
14,21,1392847,17170
22,26,1392873,17171
429,1,1392874,17172
225,26,1392900,17173
3941,214,1393114,17174
135,116,1393230,17175
26,16,1393246,17176
287,3,1393249,17177
141,59,1393308,17178
249,12,1393320,17179
94,3,1393323,17180
432,1,1393324,17181
399,3,1393327,17182
31,26,1393353,17183
4040,44,1393397,17184
76,31,1393428,17185
220,33,1393461,17186
73,116,1393577,17187
326,104,1393681,17188
51,138,1393819,17189
13,70,1393889,17190
1402,55,1393944,17191
58,24,1393968,17192
828,33,1394001,17193
364,205,1394206,17194
248,131,1394337,17195
553,2,1394339,17196
167,25,1394364,17197
29,113,1394477,17198
2800,197,1394674,17199
308,61,1394735,17200
1116,63,1394798,17201
209,67,1394865,17202
527,87,1394952,17203
11,41,1394993,17204
544,43,1395036,17205
328,68,1395104,17206
77,35,1395139,17207
288,39,1395178,17208
1014,48,1395226,17209
319,12,1395238,17210
166,27,1395265,17211
601,33,1395298,17212
1215,80,1395378,17213
22,1,1395379,17214
323,25,1395404,17215
128,217,1395621,17216
1109,50,1395671,17217
418,305,1395976,17218
142,216,1396192,17219
117,146,1396338,17220
54,306,1396644,17221
413,283,1396927,17222
102,220,1397147,17223
180,21,1397168,17224
377,10,1397178,17225
459,146,1397324,17226
145,10,1397334,17227
334,32,1397366,17228
2910,81,1397447,17229
182,465,1397912,17230
124,8,1397920,17231
68,20,1397940,17232
2803,75,1398015,17233
15,12,1398027,17234
1033,264,1398291,17235
247,156,1398447,17236
213,14,1398461,17237
169,1,1398462,17238
3541,68,1398530,17239
131,5,1398535,17240
347,66,1398601,17241
634,170,1398771,17242
116,57,1398828,17243
172,72,1398900,17244
472,50,1398950,17245
426,46,1398996,17246
219,75,1399071,17247
9,14,1399085,17248
269,49,1399134,17249
2190,1,1399135,17250
79,336,1399471,17251
277,81,1399552,17252
63,106,1399658,17253
1462,58,1399716,17254
2232,19,1399735,17255
10,99,1399834,17256
310,115,1399949,17257
460,21,1399970,17258
214,73,1400043,17259
161,23,1400066,17260
2335,132,1400198,17261
247,178,1400376,17262
226,102,1400478,17263
65,115,1400593,17264
391,27,1400620,17265
252,199,1400819,17266
307,39,1400858,17267
88,8,1400866,17268
484,116,1400982,17269
169,3,1400985,17270
515,23,1401008,17271
323,62,1401070,17272
1760,111,1401181,17273
177,4,1401185,17274
249,55,1401240,17275
365,69,1401309,17276
27,68,1401377,17277
223,97,1401474,17278
299,128,1401602,17279
144,138,1401740,17280
142,36,1401776,17281
688,169,1401945,17282
335,475,1402420,17283
95,300,1402720,17284
130,127,1402847,17285
11,47,1402894,17286
920,29,1402923,17287
70,105,1403028,17288
2645,203,1403231,17289
164,48,1403279,17290
432,38,1403317,17291
368,57,1403374,17292
2398,8,1403382,17293
156,91,1403473,17294
355,123,1403596,17295
469,18,1403614,17296
284,25,1403639,17297
248,80,1403719,17298
23,106,1403825,17299
241,44,1403869,17300
3291,24,1403893,17301
392,12,1403905,17302
152,26,1403931,17303
3838,84,1404015,17304
424,4,1404019,17305
290,64,1404083,17306
225,6,1404089,17307
340,43,1404132,17308
287,45,1404177,17309
3258,50,1404227,17310
1733,36,1404263,17311
422,50,1404313,17312
456,214,1404527,17313
125,17,1404544,17314
18,54,1404598,17315
34,208,1404806,17316
2862,45,1404851,17317
410,26,1404877,17318
4035,14,1404891,17319
2345,6,1404897,17320
1365,18,1404915,17321
226,347,1405262,17322
1467,20,1405282,17323
351,9,1405291,17324
150,79,1405370,17325
815,16,1405386,17326
987,158,1405544,17327
3792,306,1405850,17328
262,116,1405966,17329
188,17,1405983,17330
516,142,1406125,17331
91,85,1406210,17332
317,137,1406347,17333
182,18,1406365,17334
143,33,1406398,17335
262,101,1406499,17336
190,46,1406545,17337
224,63,1406608,17338
1624,24,1406632,17339
326,168,1406800,17340
12,5,1406805,17341
66,46,1406851,17342
115,42,1406893,17343
363,97,1406990,17344
371,69,1407059,17345
137,11,1407070,17346
3918,157,1407227,17347
11,146,1407373,17348
2801,20,1407393,17349
129,6,1407399,17350
562,370,1407769,17351
240,54,1407823,17352
109,27,1407850,17353
116,109,1407959,17354
124,35,1407994,17355
773,37,1408031,17356
558,53,1408084,17357
306,86,1408170,17358
179,71,1408241,17359
448,52,1408293,17360
189,344,1408637,17361
98,37,1408674,17362
542,23,1408697,17363
145,17,1408714,17364
174,41,1408755,17365
931,71,1408826,17366
30,156,1408982,17367
3397,43,1409025,17368
33,49,1409074,17369
616,7,1409081,17370
362,15,1409096,17371
14,32,1409128,17372
303,90,1409218,17373
91,33,1409251,17374
90,59,1409310,17375
269,49,1409359,17376
331,4,1409363,17377
693,18,1409381,17378
1052,43,1409424,17379
323,30,1409454,17380
291,142,1409596,17381
194,69,1409665,17382
1381,20,1409685,17383
636,124,1409809,17384
188,9,1409818,17385
340,321,1410139,17386
221,156,1410295,17387
497,43,1410338,17388
404,2,1410340,17389
102,11,1410351,17390
247,76,1410427,17391
156,160,1410587,17392
168,54,1410641,17393
330,14,1410655,17394
307,8,1410663,17395
47,211,1410874,17396
2743,192,1411066,17397
319,120,1411186,17398
1146,13,1411199,17399
2373,10,1411209,17400
354,92,1411301,17401
154,112,1411413,17402
2711,173,1411586,17403
1986,32,1411618,17404
419,77,1411695,17405
119,15,1411710,17406
107,73,1411783,17407
1111,34,1411817,17408
2883,20,1411837,17409
87,14,1411851,17410
2438,60,1411911,17411
199,23,1411934,17412
499,47,1411981,17413
275,150,1412131,17414
41,11,1412142,17415
677,3,1412145,17416
1601,35,1412180,17417
962,115,1412295,17418
1325,139,1412434,17419
2416,171,1412605,17420
353,8,1412613,17421
938,5,1412618,17422
1024,311,1412929,17423
4036,24,1412953,17424
41,165,1413118,17425
168,7,1413125,17426
2868,14,1413139,17427
279,142,1413281,17428
199,17,1413298,17429
89,69,1413367,17430
426,58,1413425,17431
121,20,1413445,17432
3583,30,1413475,17433
799,79,1413554,17434
2662,116,1413670,17435
11,140,1413810,17436
257,15,1413825,17437
308,45,1413870,17438
2782,143,1414013,17439
431,43,1414056,17440
604,10,1414066,17441
124,159,1414225,17442
600,42,1414267,17443
243,33,1414300,17444
325,52,1414352,17445
54,2,1414354,17446
519,61,1414415,17447
528,26,1414441,17448
639,55,1414496,17449
413,27,1414523,17450
9,115,1414638,17451
167,57,1414695,17452
135,41,1414736,17453
2660,44,1414780,17454
124,118,1414898,17455
150,72,1414970,17456
168,26,1414996,17457
171,47,1415043,17458
24,21,1415064,17459
414,89,1415153,17460
952,56,1415209,17461
11,119,1415328,17462
147,7,1415335,17463
379,30,1415365,17464
139,35,1415400,17465
180,6,1415406,17466
496,1,1415407,17467
22,169,1415576,17468
3049,33,1415609,17469
72,48,1415657,17470
357,66,1415723,17471
421,8,1415731,17472
4036,120,1415851,17473
1851,78,1415929,17474
379,105,1416034,17475
3977,89,1416123,17476
12,99,1416222,17477
70,13,1416235,17478
155,70,1416305,17479
103,62,1416367,17480
184,37,1416404,17481
275,249,1416653,17482
398,93,1416746,17483
3183,78,1416824,17484
1652,161,1416985,17485
869,43,1417028,17486
163,74,1417102,17487
146,3,1417105,17488
792,109,1417214,17489
3591,54,1417268,17490
170,217,1417485,17491
395,179,1417664,17492
54,77,1417741,17493
493,23,1417764,17494
317,1,1417765,17495
437,429,1418194,17496
1430,142,1418336,17497
154,38,1418374,17498
327,229,1418603,17499
16,3,1418606,17500
836,70,1418676,17501
23,163,1418839,17502
12,37,1418876,17503
701,22,1418898,17504
9,51,1418949,17505
167,4,1418953,17506
240,165,1419118,17507
436,104,1419222,17508
13,42,1419264,17509
132,14,1419278,17510
347,32,1419310,17511
250,1,1419311,17512
384,94,1419405,17513
140,100,1419505,17514
848,109,1419614,17515
3434,271,1419885,17516
13,130,1420015,17517
1288,2,1420017,17518
244,26,1420043,17519
3893,4,1420047,17520
96,86,1420133,17521
384,7,1420140,17522
246,411,1420551,17523
588,69,1420620,17524
149,73,1420693,17525
151,93,1420786,17526
3825,36,1420822,17527
140,19,1420841,17528
117,16,1420857,17529
3648,15,1420872,17530
164,199,1421071,17531
39,22,1421093,17532
321,194,1421287,17533
14,57,1421344,17534
263,211,1421555,17535
1516,31,1421586,17536
459,86,1421672,17537
52,75,1421747,17538
524,46,1421793,17539
427,28,1421821,17540
171,152,1421973,17541
2186,202,1422175,17542
1311,188,1422363,17543
31,104,1422467,17544
65,49,1422516,17545
493,37,1422553,17546
178,11,1422564,17547
918,47,1422611,17548
1783,153,1422764,17549
392,78,1422842,17550
75,24,1422866,17551
166,1,1422867,17552
13,16,1422883,17553
602,24,1422907,17554
337,445,1423352,17555
74,38,1423390,17556
13,23,1423413,17557
400,51,1423464,17558
557,206,1423670,17559
202,138,1423808,17560
41,64,1423872,17561
2743,63,1423935,17562
110,269,1424204,17563
1083,48,1424252,17564
283,202,1424454,17565
2391,11,1424465,17566
2527,56,1424521,17567
129,14,1424535,17568
204,101,1424636,17569
633,104,1424740,17570
82,11,1424751,17571
137,5,1424756,17572
293,23,1424779,17573
377,162,1424941,17574
154,54,1424995,17575
252,46,1425041,17576
153,120,1425161,17577
27,4,1425165,17578
137,62,1425227,17579
696,12,1425239,17580
532,63,1425302,17581
290,168,1425470,17582
139,53,1425523,17583
20,75,1425598,17584
3786,82,1425680,17585
132,143,1425823,17586
31,49,1425872,17587
819,1,1425873,17588
320,17,1425890,17589
306,290,1426180,17590
455,27,1426207,17591
3741,310,1426517,17592
1407,92,1426609,17593
2711,94,1426703,17594
340,95,1426798,17595
279,21,1426819,17596
120,227,1427046,17597
2182,14,1427060,17598
133,20,1427080,17599
631,23,1427103,17600
593,8,1427111,17601
885,60,1427171,17602
296,52,1427223,17603
488,32,1427255,17604
38,93,1427348,17605
211,281,1427629,17606
847,139,1427768,17607
867,5,1427773,17608
282,67,1427840,17609
59,69,1427909,17610
1202,75,1427984,17611
3724,12,1427996,17612
144,310,1428306,17613
576,12,1428318,17614
380,241,1428559,17615
280,11,1428570,17616
88,27,1428597,17617
2480,237,1428834,17618
1578,24,1428858,17619
49,103,1428961,17620
1493,12,1428973,17621
467,90,1429063,17622
273,37,1429100,17623
978,2,1429102,17624
129,4,1429106,17625
657,65,1429171,17626
1251,2,1429173,17627
15,47,1429220,17628
11,49,1429269,17629
754,62,1429331,17630
259,4,1429335,17631
605,18,1429353,17632
119,2,1429355,17633
3915,46,1429401,17634
10,12,1429413,17635
312,52,1429465,17636
325,4,1429469,17637
350,95,1429564,17638
36,201,1429765,17639
343,143,1429908,17640
125,43,1429951,17641
737,28,1429979,17642
315,166,1430145,17643
3674,17,1430162,17644
197,45,1430207,17645
20,219,1430426,17646
56,60,1430486,17647
196,15,1430501,17648
479,298,1430799,17649
20,106,1430905,17650
352,81,1430986,17651
344,89,1431075,17652
2312,28,1431103,17653
153,112,1431215,17654
394,175,1431390,17655
953,136,1431526,17656
112,13,1431539,17657
429,27,1431566,17658
9,10,1431576,17659
3471,134,1431710,17660
38,2,1431712,17661
123,19,1431731,17662
98,7,1431738,17663
241,329,1432067,17664
4070,125,1432192,17665
60,177,1432369,17666
2578,15,1432384,17667
138,127,1432511,17668
702,40,1432551,17669
2458,214,1432765,17670
148,51,1432816,17671
158,69,1432885,17672
140,46,1432931,17673
3235,33,1432964,17674
705,10,1432974,17675
2139,220,1433194,17676
29,93,1433287,17677
3724,158,1433445,17678
26,48,1433493,17679
210,210,1433703,17680
12,151,1433854,17681
235,66,1433920,17682
845,26,1433946,17683
352,24,1433970,17684
494,126,1434096,17685
281,66,1434162,17686
178,102,1434264,17687
203,214,1434478,17688
106,293,1434771,17689
156,26,1434797,17690
1880,10,1434807,17691
144,48,1434855,17692
600,195,1435050,17693
503,15,1435065,17694
498,85,1435150,17695
298,27,1435177,17696
35,19,1435196,17697
76,113,1435309,17698
165,22,1435331,17699
634,43,1435374,17700
81,90,1435464,17701
415,65,1435529,17702
18,9,1435538,17703
100,34,1435572,17704
136,44,1435616,17705
99,69,1435685,17706
153,256,1435941,17707
39,118,1436059,17708
893,216,1436275,17709
81,64,1436339,17710
131,186,1436525,17711
187,61,1436586,17712
144,110,1436696,17713
88,66,1436762,17714
143,24,1436786,17715
12,17,1436803,17716
143,55,1436858,17717
45,173,1437031,17718
2668,257,1437288,17719
791,117,1437405,17720
784,38,1437443,17721
212,52,1437495,17722
536,46,1437541,17723
658,19,1437560,17724
273,5,1437565,17725
134,16,1437581,17726
222,8,1437589,17727
57,90,1437679,17728
126,158,1437837,17729
2023,59,1437896,17730
22,36,1437932,17731
340,65,1437997,17732
76,1,1437998,17733
43,7,1438005,17734
295,120,1438125,17735
155,10,1438135,17736
340,14,1438149,17737
73,72,1438221,17738
107,121,1438342,17739
167,144,1438486,17740
137,26,1438512,17741
643,22,1438534,17742
1051,1,1438535,17743
632,151,1438686,17744
233,76,1438762,17745
154,4,1438766,17746
2844,251,1439017,17747
536,27,1439044,17748
159,149,1439193,17749
238,130,1439323,17750
508,189,1439512,17751
167,97,1439609,17752
131,27,1439636,17753
374,62,1439698,17754
375,9,1439707,17755
16,12,1439719,17756
209,146,1439865,17757
301,27,1439892,17758
172,43,1439935,17759
429,35,1439970,17760
286,365,1440335,17761
409,48,1440383,17762
309,39,1440422,17763
347,124,1440546,17764
419,66,1440612,17765
395,30,1440642,17766
12,60,1440702,17767
83,5,1440707,17768
262,10,1440717,17769
161,165,1440882,17770
145,47,1440929,17771
1612,16,1440945,17772
2009,23,1440968,17773
296,17,1440985,17774
357,69,1441054,17775
25,1,1441055,17776
393,39,1441094,17777
2814,14,1441108,17778
15,61,1441169,17779
2550,17,1441186,17780
151,55,1441241,17781
381,89,1441330,17782
68,174,1441504,17783
214,263,1441767,17784
143,30,1441797,17785
1595,33,1441830,17786
78,3,1441833,17787
350,33,1441866,17788
323,22,1441888,17789
422,63,1441951,17790
3799,27,1441978,17791
3264,100,1442078,17792
335,67,1442145,17793
2355,153,1442298,17794
259,5,1442303,17795
67,75,1442378,17796
378,135,1442513,17797
63,168,1442681,17798
378,101,1442782,17799
24,171,1442953,17800
351,252,1443205,17801
388,43,1443248,17802
188,75,1443323,17803
418,84,1443407,17804
113,11,1443418,17805
1707,24,1443442,17806
3697,20,1443462,17807
118,97,1443559,17808
2217,46,1443605,17809
3122,47,1443652,17810
25,33,1443685,17811
232,230,1443915,17812
130,27,1443942,17813
1862,13,1443955,17814
159,34,1443989,17815
863,42,1444031,17816
367,119,1444150,17817
365,153,1444303,17818
185,67,1444370,17819
307,18,1444388,17820
473,52,1444440,17821
342,10,1444450,17822
2037,6,1444456,17823
405,6,1444462,17824
118,8,1444470,17825
132,130,1444600,17826
994,132,1444732,17827
113,4,1444736,17828
228,143,1444879,17829
14,162,1445041,17830
145,43,1445084,17831
98,82,1445166,17832
709,57,1445223,17833
136,9,1445232,17834
202,15,1445247,17835
1818,143,1445390,17836
284,73,1445463,17837
3067,158,1445621,17838
302,139,1445760,17839
458,26,1445786,17840
277,82,1445868,17841
943,59,1445927,17842
19,44,1445971,17843
170,48,1446019,17844
2406,26,1446045,17845
335,36,1446081,17846
13,19,1446100,17847
289,160,1446260,17848
3860,41,1446301,17849
4074,11,1446312,17850
1793,32,1446344,17851
483,42,1446386,17852
341,7,1446393,17853
163,11,1446404,17854
117,30,1446434,17855
132,235,1446669,17856
214,52,1446721,17857
697,130,1446851,17858
3694,12,1446863,17859
116,78,1446941,17860
107,78,1447019,17861
3494,1,1447020,17862
118,232,1447252,17863
510,60,1447312,17864
43,9,1447321,17865
11,28,1447349,17866
62,58,1447407,17867
384,108,1447515,17868
337,53,1447568,17869
130,48,1447616,17870
282,21,1447637,17871
303,10,1447647,17872
53,496,1448143,17873
26,46,1448189,17874
2141,85,1448274,17875
533,24,1448298,17876
304,103,1448401,17877
67,117,1448518,17878
112,175,1448693,17879
272,56,1448749,17880
224,435,1449184,17881
3941,52,1449236,17882
54,224,1449460,17883
199,22,1449482,17884
523,189,1449671,17885
103,177,1449848,17886
16,19,1449867,17887
155,9,1449876,17888
14,115,1449991,17889
9,157,1450148,17890
456,15,1450163,17891
102,84,1450247,17892
240,61,1450308,17893
187,24,1450332,17894
313,122,1450454,17895
2199,38,1450492,17896
2722,80,1450572,17897
1138,51,1450623,17898
240,91,1450714,17899
185,12,1450726,17900
319,15,1450741,17901
60,124,1450865,17902
58,2,1450867,17903
116,38,1450905,17904
98,281,1451186,17905
192,28,1451214,17906
158,13,1451227,17907
28,153,1451380,17908
180,92,1451472,17909
51,46,1451518,17910
402,139,1451657,17911
296,140,1451797,17912
17,23,1451820,17913
3433,180,1452000,17914
141,123,1452123,17915
830,3,1452126,17916
122,236,1452362,17917
304,96,1452458,17918
1952,26,1452484,17919
359,91,1452575,17920
124,29,1452604,17921
335,24,1452628,17922
15,76,1452704,17923
77,55,1452759,17924
27,648,1453407,17925
305,37,1453444,17926
292,171,1453615,17927
26,34,1453649,17928
385,38,1453687,17929
291,86,1453773,17930
1578,73,1453846,17931
9,50,1453896,17932
140,133,1454029,17933
265,171,1454200,17934
346,63,1454263,17935
2660,32,1454295,17936
21,188,1454483,17937
2736,21,1454504,17938
426,85,1454589,17939
308,235,1454824,17940
133,139,1454963,17941
3294,119,1455082,17942
412,52,1455134,17943
1376,18,1455152,17944
2560,33,1455185,17945
2506,11,1455196,17946
401,80,1455276,17947
223,91,1455367,17948
654,8,1455375,17949
2817,19,1455394,17950
174,80,1455474,17951
600,111,1455585,17952
316,23,1455608,17953
145,116,1455724,17954
3866,32,1455756,17955
2375,7,1455763,17956
2292,61,1455824,17957
252,71,1455895,17958
504,6,1455901,17959
89,37,1455938,17960
2287,107,1456045,17961
129,80,1456125,17962
431,276,1456401,17963
19,31,1456432,17964
82,183,1456615,17965
1263,34,1456649,17966
3979,78,1456727,17967
3524,4,1456731,17968
364,20,1456751,17969
238,53,1456804,17970
109,52,1456856,17971
196,49,1456905,17972
12,188,1457093,17973
305,46,1457139,17974
364,58,1457197,17975
361,43,1457240,17976
346,37,1457277,17977
389,1,1457278,17978
1519,158,1457436,17979
184,31,1457467,17980
376,71,1457538,17981
322,38,1457576,17982
1947,69,1457645,17983
264,84,1457729,17984
140,183,1457912,17985
367,199,1458111,17986
33,132,1458243,17987
2556,155,1458398,17988
180,198,1458596,17989
509,53,1458649,17990
3052,135,1458784,17991
308,204,1458988,17992
1950,72,1459060,17993
18,70,1459130,17994
293,52,1459182,17995
592,188,1459370,17996
39,23,1459393,17997
230,58,1459451,17998
201,125,1459576,17999
2176,441,1460017,18000
130,114,1460131,18001
71,82,1460213,18002
449,39,1460252,18003
496,3,1460255,18004
223,211,1460466,18005
151,223,1460689,18006
981,37,1460726,18007
699,61,1460787,18008
3181,16,1460803,18009
508,40,1460843,18010
37,46,1460889,18011
300,25,1460914,18012
2058,80,1460994,18013
78,76,1461070,18014
1696,21,1461091,18015
477,72,1461163,18016
116,81,1461244,18017
115,90,1461334,18018
159,50,1461384,18019
812,7,1461391,18020
100,74,1461465,18021
610,107,1461572,18022
265,130,1461702,18023
242,254,1461956,18024
507,81,1462037,18025
3320,7,1462044,18026
304,86,1462130,18027
140,26,1462156,18028
263,28,1462184,18029
310,27,1462211,18030
161,180,1462391,18031
1435,103,1462494,18032
268,44,1462538,18033
105,210,1462748,18034
326,17,1462765,18035
535,85,1462850,18036
161,6,1462856,18037
483,148,1463004,18038
177,54,1463058,18039
161,154,1463212,18040
249,54,1463266,18041
99,335,1463601,18042
293,1,1463602,18043
81,121,1463723,18044
304,172,1463895,18045
549,132,1464027,18046
328,34,1464061,18047
58,3,1464064,18048
179,186,1464250,18049
354,8,1464258,18050
140,39,1464297,18051
184,71,1464368,18052
375,5,1464373,18053
136,126,1464499,18054
3298,90,1464589,18055
164,55,1464644,18056
112,90,1464734,18057
128,237,1464971,18058
472,50,1465021,18059
262,21,1465042,18060
471,95,1465137,18061
345,8,1465145,18062
128,106,1465251,18063
238,27,1465278,18064
145,11,1465289,18065
3239,244,1465533,18066
155,144,1465677,18067
794,65,1465742,18068
832,107,1465849,18069
126,11,1465860,18070
146,9,1465869,18071
1440,70,1465939,18072
150,46,1465985,18073
288,99,1466084,18074
162,97,1466181,18075
741,40,1466221,18076
777,3,1466224,18077
271,29,1466253,18078
478,55,1466308,18079
487,21,1466329,18080
160,87,1466416,18081
74,8,1466424,18082
353,19,1466443,18083
324,132,1466575,18084
3151,8,1466583,18085
234,174,1466757,18086
441,152,1466909,18087
2107,173,1467082,18088
16,72,1467154,18089
75,90,1467244,18090
219,18,1467262,18091
31,109,1467371,18092
228,32,1467403,18093
13,132,1467535,18094
193,169,1467704,18095
9,9,1467713,18096
381,70,1467783,18097
463,17,1467800,18098
2852,99,1467899,18099
97,11,1467910,18100
74,11,1467921,18101
196,105,1468026,18102
230,47,1468073,18103
425,176,1468249,18104
11,48,1468297,18105
370,156,1468453,18106
569,96,1468549,18107
2037,115,1468664,18108
330,78,1468742,18109
542,28,1468770,18110
159,65,1468835,18111
76,321,1469156,18112
4025,24,1469180,18113
83,15,1469195,18114
1560,37,1469232,18115
286,35,1469267,18116
619,55,1469322,18117
241,80,1469402,18118
288,68,1469470,18119
9,48,1469518,18120
3541,77,1469595,18121
2213,31,1469626,18122
314,13,1469639,18123
419,13,1469652,18124
456,251,1469903,18125
294,293,1470196,18126
1347,83,1470279,18127
131,45,1470324,18128
165,274,1470598,18129
10,50,1470648,18130
314,15,1470663,18131
439,23,1470686,18132
419,75,1470761,18133
33,103,1470864,18134
308,45,1470909,18135
112,120,1471029,18136
93,21,1471050,18137
332,138,1471188,18138
3851,19,1471207,18139
323,4,1471211,18140
51,68,1471279,18141
3001,144,1471423,18142
129,62,1471485,18143
14,195,1471680,18144
263,53,1471733,18145
280,149,1471882,18146
177,73,1471955,18147
146,23,1471978,18148
1894,13,1471991,18149
194,123,1472114,18150
126,10,1472124,18151
183,28,1472152,18152
327,200,1472352,18153
27,39,1472391,18154
331,33,1472424,18155
12,150,1472574,18156
264,7,1472581,18157
9,30,1472611,18158
311,52,1472663,18159
3059,47,1472710,18160
119,199,1472909,18161
158,24,1472933,18162
220,57,1472990,18163
124,57,1473047,18164
399,140,1473187,18165
171,58,1473245,18166
617,12,1473257,18167
114,57,1473314,18168
455,91,1473405,18169
292,30,1473435,18170
178,396,1473831,18171
122,144,1473975,18172
263,138,1474113,18173
284,70,1474183,18174
11,197,1474380,18175
2419,26,1474406,18176
248,184,1474590,18177
317,60,1474650,18178
281,142,1474792,18179
135,101,1474893,18180
266,75,1474968,18181
216,63,1475031,18182
265,4,1475035,18183
286,40,1475075,18184
335,33,1475108,18185
115,118,1475226,18186
523,2,1475228,18187
322,41,1475269,18188
283,21,1475290,18189
3857,334,1475624,18190
290,128,1475752,18191
3023,33,1475785,18192
1709,71,1475856,18193
1802,15,1475871,18194
73,12,1475883,18195
39,23,1475906,18196
131,109,1476015,18197
322,163,1476178,18198
112,27,1476205,18199
11,24,1476229,18200
1063,64,1476293,18201
260,18,1476311,18202
342,69,1476380,18203
46,28,1476408,18204
438,219,1476627,18205
478,113,1476740,18206
179,51,1476791,18207
169,45,1476836,18208
151,35,1476871,18209
4077,13,1476884,18210
17,83,1476967,18211
99,6,1476973,18212
720,44,1477017,18213
289,10,1477027,18214
27,246,1477273,18215
353,18,1477291,18216
13,33,1477324,18217
380,6,1477330,18218
272,36,1477366,18219
121,92,1477458,18220
1038,140,1477598,18221
10,118,1477716,18222
429,15,1477731,18223
503,133,1477864,18224
335,179,1478043,18225
87,71,1478114,18226
915,4,1478118,18227
88,54,1478172,18228
77,108,1478280,18229
4010,16,1478296,18230
771,70,1478366,18231
186,74,1478440,18232
97,19,1478459,18233
89,23,1478482,18234
369,70,1478552,18235
30,35,1478587,18236
485,9,1478596,18237
285,263,1478859,18238
40,119,1478978,18239
2209,71,1479049,18240
375,65,1479114,18241
269,73,1479187,18242
57,37,1479224,18243
225,294,1479518,18244
398,148,1479666,18245
12,4,1479670,18246
120,29,1479699,18247
2887,34,1479733,18248
298,30,1479763,18249
280,168,1479931,18250
1313,358,1480289,18251
147,5,1480294,18252
1870,140,1480434,18253
649,5,1480439,18254
3852,416,1480855,18255
12,139,1480994,18256
477,32,1481026,18257
388,116,1481142,18258
520,7,1481149,18259
375,76,1481225,18260
260,124,1481349,18261
124,90,1481439,18262
157,76,1481515,18263
853,19,1481534,18264
430,18,1481552,18265
295,124,1481676,18266
430,119,1481795,18267
199,114,1481909,18268
385,47,1481956,18269
91,47,1482003,18270
209,187,1482190,18271
2270,97,1482287,18272
2939,9,1482296,18273
153,91,1482387,18274
129,14,1482401,18275
154,7,1482408,18276
3705,27,1482435,18277
94,15,1482450,18278
232,43,1482493,18279
160,127,1482620,18280
197,143,1482763,18281
150,4,1482767,18282
312,30,1482797,18283
366,101,1482898,18284
127,77,1482975,18285
139,123,1483098,18286
3820,173,1483271,18287
356,158,1483429,18288
136,13,1483442,18289
59,19,1483461,18290
112,164,1483625,18291
81,124,1483749,18292
3670,108,1483857,18293
157,33,1483890,18294
271,258,1484148,18295
795,152,1484300,18296
272,48,1484348,18297
36,114,1484462,18298
15,2,1484464,18299
875,66,1484530,18300
122,163,1484693,18301
3163,90,1484783,18302
443,9,1484792,18303
30,26,1484818,18304
169,80,1484898,18305
103,158,1485056,18306
256,100,1485156,18307
1792,5,1485161,18308
125,39,1485200,18309
638,59,1485259,18310
121,59,1485318,18311
492,76,1485394,18312
14,154,1485548,18313
246,58,1485606,18314
124,22,1485628,18315
32,39,1485667,18316
345,165,1485832,18317
654,82,1485914,18318
294,2,1485916,18319
272,116,1486032,18320
2992,14,1486046,18321
448,220,1486266,18322
3515,113,1486379,18323
43,31,1486410,18324
123,5,1486415,18325
114,286,1486701,18326
380,107,1486808,18327
326,24,1486832,18328
103,50,1486882,18329
136,40,1486922,18330
205,38,1486960,18331
205,186,1487146,18332
64,340,1487486,18333
57,5,1487491,18334
250,56,1487547,18335
1543,18,1487565,18336
380,16,1487581,18337
269,12,1487593,18338
361,14,1487607,18339
118,9,1487616,18340
319,81,1487697,18341
127,13,1487710,18342
143,53,1487763,18343
21,74,1487837,18344
152,82,1487919,18345
1784,117,1488036,18346
330,289,1488325,18347
337,97,1488422,18348
563,20,1488442,18349
142,23,1488465,18350
356,111,1488576,18351
131,4,1488580,18352
2758,6,1488586,18353
270,28,1488614,18354
272,50,1488664,18355
3613,84,1488748,18356
398,196,1488944,18357
141,54,1488998,18358
1867,43,1489041,18359
135,1,1489042,18360
180,37,1489079,18361
2028,33,1489112,18362
1057,13,1489125,18363
204,311,1489436,18364
139,36,1489472,18365
963,32,1489504,18366
269,100,1489604,18367
1667,16,1489620,18368
429,5,1489625,18369
469,63,1489688,18370
400,52,1489740,18371
146,140,1489880,18372
233,224,1490104,18373
249,31,1490135,18374
661,5,1490140,18375
381,105,1490245,18376
2062,214,1490459,18377
270,92,1490551,18378
198,80,1490631,18379
358,89,1490720,18380
280,11,1490731,18381
110,31,1490762,18382
198,26,1490788,18383
161,39,1490827,18384
11,11,1490838,18385
2913,105,1490943,18386
11,19,1490962,18387
23,214,1491176,18388
3159,213,1491389,18389
129,100,1491489,18390
234,6,1491495,18391
543,83,1491578,18392
492,34,1491612,18393
261,15,1491627,18394
118,14,1491641,18395
187,52,1491693,18396
42,154,1491847,18397
21,75,1491922,18398
1388,19,1491941,18399
402,67,1492008,18400
19,42,1492050,18401
383,31,1492081,18402
283,72,1492153,18403
2671,28,1492181,18404
641,251,1492432,18405
722,45,1492477,18406
127,183,1492660,18407
340,56,1492716,18408
127,243,1492959,18409
112,61,1493020,18410
3331,39,1493059,18411
2211,81,1493140,18412
385,68,1493208,18413
357,76,1493284,18414
235,287,1493571,18415
305,308,1493879,18416
13,145,1494024,18417
309,19,1494043,18418
1453,72,1494115,18419
339,270,1494385,18420
386,100,1494485,18421
34,135,1494620,18422
322,97,1494717,18423
317,82,1494799,18424
319,21,1494820,18425
61,55,1494875,18426
2369,10,1494885,18427
232,96,1494981,18428
59,29,1495010,18429
476,35,1495045,18430
771,32,1495077,18431
11,98,1495175,18432
2676,157,1495332,18433
444,74,1495406,18434
1340,57,1495463,18435
310,62,1495525,18436
295,103,1495628,18437
175,191,1495819,18438
18,46,1495865,18439
1686,36,1495901,18440
94,47,1495948,18441
3896,7,1495955,18442
10,12,1495967,18443
152,97,1496064,18444
38,11,1496075,18445
1731,153,1496228,18446
143,440,1496668,18447
172,209,1496877,18448
208,85,1496962,18449
391,168,1497130,18450
306,41,1497171,18451
188,377,1497548,18452
121,86,1497634,18453
128,229,1497863,18454
269,68,1497931,18455
3220,16,1497947,18456
298,393,1498340,18457
129,57,1498397,18458
166,11,1498408,18459
236,196,1498604,18460
115,6,1498610,18461
1499,18,1498628,18462
3647,6,1498634,18463
353,93,1498727,18464
3514,37,1498764,18465
200,207,1498971,18466
164,64,1499035,18467
37,40,1499075,18468
2949,3,1499078,18469
194,19,1499097,18470
11,87,1499184,18471
160,174,1499358,18472
490,155,1499513,18473
182,181,1499694,18474
375,12,1499706,18475
475,20,1499726,18476
662,83,1499809,18477
173,93,1499902,18478
555,101,1500003,18479
379,265,1500268,18480
175,30,1500298,18481
363,92,1500390,18482
583,76,1500466,18483
1941,12,1500478,18484
267,131,1500609,18485
11,298,1500907,18486
199,13,1500920,18487
17,21,1500941,18488
127,51,1500992,18489
116,9,1501001,18490
699,27,1501028,18491
375,201,1501229,18492
16,68,1501297,18493
2439,326,1501623,18494
335,94,1501717,18495
13,34,1501751,18496
561,19,1501770,18497
263,134,1501904,18498
842,123,1502027,18499
58,80,1502107,18500
2861,81,1502188,18501
2145,20,1502208,18502
2999,8,1502216,18503
265,90,1502306,18504
125,46,1502352,18505
333,44,1502396,18506
1434,204,1502600,18507
38,18,1502618,18508
396,160,1502778,18509
232,70,1502848,18510
199,90,1502938,18511
148,80,1503018,18512
233,214,1503232,18513
135,28,1503260,18514
3998,84,1503344,18515
2306,17,1503361,18516
899,115,1503476,18517
3158,1,1503477,18518
866,111,1503588,18519
1957,33,1503621,18520
325,39,1503660,18521
2766,20,1503680,18522
3390,49,1503729,18523
174,80,1503809,18524
296,2,1503811,18525
289,86,1503897,18526
561,91,1503988,18527
2129,101,1504089,18528
738,122,1504211,18529
96,413,1504624,18530
123,76,1504700,18531
3649,44,1504744,18532
29,226,1504970,18533
3908,26,1504996,18534
349,63,1505059,18535
216,18,1505077,18536
93,68,1505145,18537
1893,90,1505235,18538
3028,138,1505373,18539
514,43,1505416,18540
185,14,1505430,18541
2886,1,1505431,18542
56,144,1505575,18543
426,30,1505605,18544
260,98,1505703,18545
2281,40,1505743,18546
106,40,1505783,18547
310,70,1505853,18548
138,27,1505880,18549
306,126,1506006,18550
191,23,1506029,18551
194,42,1506071,18552
233,5,1506076,18553
381,59,1506135,18554
366,43,1506178,18555
1021,38,1506216,18556
277,49,1506265,18557
610,148,1506413,18558
60,51,1506464,18559
2890,102,1506566,18560
226,32,1506598,18561
129,49,1506647,18562
391,21,1506668,18563
492,188,1506856,18564
62,70,1506926,18565
162,94,1507020,18566
501,57,1507077,18567
2260,88,1507165,18568
555,336,1507501,18569
402,232,1507733,18570
338,141,1507874,18571
3388,66,1507940,18572
278,7,1507947,18573
119,34,1507981,18574
346,39,1508020,18575
358,38,1508058,18576
25,71,1508129,18577
16,3,1508132,18578
294,49,1508181,18579
251,11,1508192,18580
12,29,1508221,18581
90,83,1508304,18582
161,24,1508328,18583
9,15,1508343,18584
140,32,1508375,18585
274,152,1508527,18586
356,23,1508550,18587
922,10,1508560,18588
506,23,1508583,18589
195,17,1508600,18590
473,118,1508718,18591
128,174,1508892,18592
2665,21,1508913,18593
41,42,1508955,18594
119,32,1508987,18595
341,22,1509009,18596
147,149,1509158,18597
172,3,1509161,18598
270,123,1509284,18599
2511,138,1509422,18600
4092,2,1509424,18601
75,10,1509434,18602
270,32,1509466,18603
395,111,1509577,18604
55,118,1509695,18605
166,160,1509855,18606
332,28,1509883,18607
31,18,1509901,18608
144,14,1509915,18609
233,40,1509955,18610
259,434,1510389,18611
298,123,1510512,18612
167,1,1510513,18613
621,19,1510532,18614
2816,50,1510582,18615
162,175,1510757,18616
303,33,1510790,18617
93,14,1510804,18618
12,35,1510839,18619
1776,177,1511016,18620
2295,100,1511116,18621
181,62,1511178,18622
389,86,1511264,18623
336,118,1511382,18624
296,20,1511402,18625
2041,4,1511406,18626
168,150,1511556,18627
641,61,1511617,18628
196,127,1511744,18629
207,44,1511788,18630
143,68,1511856,18631
135,10,1511866,18632
3379,106,1511972,18633
91,60,1512032,18634
232,50,1512082,18635
254,67,1512149,18636
286,84,1512233,18637
1726,27,1512260,18638
2366,69,1512329,18639
3735,215,1512544,18640
157,227,1512771,18641
685,22,1512793,18642
3347,31,1512824,18643
177,78,1512902,18644
169,252,1513154,18645
3399,21,1513175,18646
95,15,1513190,18647
2114,39,1513229,18648
262,54,1513283,18649
152,146,1513429,18650
106,143,1513572,18651
113,8,1513580,18652
1083,60,1513640,18653
1371,69,1513709,18654
1217,57,1513766,18655
1988,29,1513795,18656
453,235,1514030,18657
256,20,1514050,18658
295,256,1514306,18659
738,43,1514349,18660
60,73,1514422,18661
2386,95,1514517,18662
3325,19,1514536,18663
731,1,1514537,18664
211,142,1514679,18665
374,49,1514728,18666
1093,2,1514730,18667
309,28,1514758,18668
18,51,1514809,18669
316,57,1514866,18670
13,31,1514897,18671
128,120,1515017,18672
145,140,1515157,18673
12,56,1515213,18674
261,506,1515719,18675
2612,48,1515767,18676
375,143,1515910,18677
461,88,1515998,18678
329,449,1516447,18679
53,16,1516463,18680
2472,22,1516485,18681
1614,79,1516564,18682
116,115,1516679,18683
501,36,1516715,18684
333,70,1516785,18685
2256,82,1516867,18686
1020,199,1517066,18687
330,101,1517167,18688
188,59,1517226,18689
2607,226,1517452,18690
271,390,1517842,18691
3315,29,1517871,18692
301,35,1517906,18693
246,49,1517955,18694
30,152,1518107,18695
37,15,1518122,18696
668,238,1518360,18697
2574,38,1518398,18698
32,126,1518524,18699
2528,77,1518601,18700
111,57,1518658,18701
487,65,1518723,18702
324,100,1518823,18703
2956,47,1518870,18704
144,34,1518904,18705
295,106,1519010,18706
81,3,1519013,18707
87,26,1519039,18708
311,7,1519046,18709
63,3,1519049,18710
136,41,1519090,18711
211,231,1519321,18712
71,18,1519339,18713
456,1,1519340,18714
183,9,1519349,18715
382,3,1519352,18716
62,103,1519455,18717
114,65,1519520,18718
3290,98,1519618,18719
96,91,1519709,18720
215,14,1519723,18721
91,80,1519803,18722
88,29,1519832,18723
142,46,1519878,18724
400,56,1519934,18725
526,23,1519957,18726
103,84,1520041,18727
343,35,1520076,18728
205,222,1520298,18729
125,111,1520409,18730
672,13,1520422,18731
221,30,1520452,18732
1674,60,1520512,18733
156,87,1520599,18734
1425,72,1520671,18735
31,40,1520711,18736
131,164,1520875,18737
3135,38,1520913,18738
100,109,1521022,18739
129,7,1521029,18740
1127,80,1521109,18741
1007,21,1521130,18742
306,17,1521147,18743
166,58,1521205,18744
180,37,1521242,18745
11,17,1521259,18746
137,16,1521275,18747
12,38,1521313,18748
134,200,1521513,18749
735,22,1521535,18750
178,253,1521788,18751
9,127,1521915,18752
2133,4,1521919,18753
586,165,1522084,18754
9,45,1522129,18755
131,13,1522142,18756
2696,57,1522199,18757
3928,197,1522396,18758
481,195,1522591,18759
440,32,1522623,18760
375,65,1522688,18761
179,13,1522701,18762
217,49,1522750,18763
269,20,1522770,18764
2127,52,1522822,18765
127,40,1522862,18766
218,34,1522896,18767
106,15,1522911,18768
1881,100,1523011,18769
532,116,1523127,18770
297,14,1523141,18771
2005,153,1523294,18772
12,46,1523340,18773
14,157,1523497,18774
3914,58,1523555,18775
435,37,1523592,18776
52,66,1523658,18777
155,33,1523691,18778
39,17,1523708,18779
147,19,1523727,18780
210,5,1523732,18781
2184,44,1523776,18782
368,3,1523779,18783
671,124,1523903,18784
534,113,1524016,18785
170,107,1524123,18786
291,165,1524288,18787
202,1,1524289,18788
805,92,1524381,18789
324,175,1524556,18790
144,45,1524601,18791
390,82,1524683,18792
334,39,1524722,18793
11,13,1524735,18794
232,71,1524806,18795
218,154,1524960,18796
3155,52,1525012,18797
426,45,1525057,18798
334,64,1525121,18799
3292,163,1525284,18800
446,15,1525299,18801
137,15,1525314,18802
3904,12,1525326,18803
161,4,1525330,18804
184,149,1525479,18805
135,8,1525487,18806
538,40,1525527,18807
583,238,1525765,18808
373,103,1525868,18809
91,4,1525872,18810
2655,122,1525994,18811
132,116,1526110,18812
2376,95,1526205,18813
360,43,1526248,18814
2940,57,1526305,18815
193,137,1526442,18816
1613,293,1526735,18817
126,106,1526841,18818
2779,64,1526905,18819
133,71,1526976,18820
3827,13,1526989,18821
241,75,1527064,18822
212,19,1527083,18823
396,128,1527211,18824
346,99,1527310,18825
3546,83,1527393,18826
2559,237,1527630,18827
10,19,1527649,18828
53,21,1527670,18829
812,34,1527704,18830
3862,118,1527822,18831
493,196,1528018,18832
128,45,1528063,18833
3565,90,1528153,18834
189,45,1528198,18835
54,36,1528234,18836
405,63,1528297,18837
369,304,1528601,18838
137,42,1528643,18839
443,14,1528657,18840
176,97,1528754,18841
142,170,1528924,18842
148,99,1529023,18843
114,3,1529026,18844
135,52,1529078,18845
291,31,1529109,18846
646,320,1529429,18847
806,56,1529485,18848
351,27,1529512,18849
127,9,1529521,18850
560,77,1529598,18851
157,49,1529647,18852
110,12,1529659,18853
109,97,1529756,18854
157,193,1529949,18855
16,115,1530064,18856
114,63,1530127,18857
487,13,1530140,18858
408,204,1530344,18859
3447,23,1530367,18860
1774,12,1530379,18861
413,332,1530711,18862
354,241,1530952,18863
1713,290,1531242,18864
580,31,1531273,18865
145,55,1531328,18866
879,24,1531352,18867
1539,70,1531422,18868
301,25,1531447,18869
237,198,1531645,18870
216,17,1531662,18871
609,9,1531671,18872
162,43,1531714,18873
235,139,1531853,18874
292,159,1532012,18875
145,8,1532020,18876
108,261,1532281,18877
301,2,1532283,18878
4069,162,1532445,18879
267,31,1532476,18880
252,40,1532516,18881
3126,64,1532580,18882
36,75,1532655,18883
143,35,1532690,18884
1090,125,1532815,18885
225,11,1532826,18886
129,108,1532934,18887
145,34,1532968,18888
176,140,1533108,18889
360,124,1533232,18890
939,2,1533234,18891
185,53,1533287,18892
279,121,1533408,18893
152,20,1533428,18894
767,15,1533443,18895
719,61,1533504,18896
150,7,1533511,18897
131,6,1533517,18898
1164,107,1533624,18899
2223,10,1533634,18900
142,76,1533710,18901
1127,4,1533714,18902
3266,7,1533721,18903
247,85,1533806,18904
531,71,1533877,18905
183,3,1533880,18906
155,235,1534115,18907
103,41,1534156,18908
229,15,1534171,18909
3593,7,1534178,18910
2933,143,1534321,18911
366,3,1534324,18912
2431,140,1534464,18913
697,22,1534486,18914
78,14,1534500,18915
3555,15,1534515,18916
1000,67,1534582,18917
14,36,1534618,18918
301,56,1534674,18919
73,91,1534765,18920
3025,20,1534785,18921
122,1,1534786,18922
3955,409,1535195,18923
110,6,1535201,18924
276,12,1535213,18925
441,74,1535287,18926
244,36,1535323,18927
2213,383,1535706,18928
72,98,1535804,18929
758,170,1535974,18930
341,142,1536116,18931
160,244,1536360,18932
209,39,1536399,18933
308,120,1536519,18934
3179,14,1536533,18935
3736,30,1536563,18936
333,129,1536692,18937
124,9,1536701,18938
116,169,1536870,18939
1095,110,1536980,18940
137,159,1537139,18941
2808,43,1537182,18942
366,15,1537197,18943
180,6,1537203,18944
219,149,1537352,18945
27,27,1537379,18946
2147,2,1537381,18947
327,135,1537516,18948
1131,47,1537563,18949
2342,212,1537775,18950
3832,125,1537900,18951
22,140,1538040,18952
393,143,1538183,18953
2077,72,1538255,18954
172,79,1538334,18955
753,12,1538346,18956
239,16,1538362,18957
162,16,1538378,18958
1943,143,1538521,18959
362,22,1538543,18960
147,176,1538719,18961
127,222,1538941,18962
313,142,1539083,18963
9,58,1539141,18964
13,188,1539329,18965
494,17,1539346,18966
263,118,1539464,18967
210,50,1539514,18968
481,62,1539576,18969
115,64,1539640,18970
314,1,1539641,18971
226,41,1539682,18972
84,107,1539789,18973
266,22,1539811,18974
411,4,1539815,18975
258,12,1539827,18976
131,177,1540004,18977
315,83,1540087,18978
259,28,1540115,18979
87,28,1540143,18980
198,27,1540170,18981
3756,81,1540251,18982
136,179,1540430,18983
272,10,1540440,18984
209,27,1540467,18985
634,116,1540583,18986
500,54,1540637,18987
593,116,1540753,18988
78,82,1540835,18989
387,148,1540983,18990
4066,287,1541270,18991
565,125,1541395,18992
339,208,1541603,18993
159,153,1541756,18994
11,17,1541773,18995
217,205,1541978,18996
53,15,1541993,18997
139,77,1542070,18998
183,84,1542154,18999
33,318,1542472,19000
142,48,1542520,19001
26,66,1542586,19002
561,1,1542587,19003
21,247,1542834,19004
963,50,1542884,19005
255,60,1542944,19006
176,10,1542954,19007
314,84,1543038,19008
90,4,1543042,19009
3063,93,1543135,19010
472,111,1543246,19011
207,117,1543363,19012
246,79,1543442,19013
1731,50,1543492,19014
330,51,1543543,19015
374,35,1543578,19016
961,24,1543602,19017
272,65,1543667,19018
279,19,1543686,19019
315,82,1543768,19020
375,31,1543799,19021
230,56,1543855,19022
117,139,1543994,19023
3863,266,1544260,19024
399,47,1544307,19025
3009,49,1544356,19026
274,181,1544537,19027
108,87,1544624,19028
11,63,1544687,19029
42,17,1544704,19030
198,75,1544779,19031
17,117,1544896,19032
258,4,1544900,19033
145,56,1544956,19034
10,157,1545113,19035
83,14,1545127,19036
53,61,1545188,19037
36,1,1545189,19038
203,181,1545370,19039
1040,138,1545508,19040
271,256,1545764,19041
120,65,1545829,19042
385,101,1545930,19043
3779,215,1546145,19044
148,120,1546265,19045
180,41,1546306,19046
96,39,1546345,19047
120,120,1546465,19048
94,13,1546478,19049
4044,21,1546499,19050
983,9,1546508,19051
370,173,1546681,19052
462,193,1546874,19053
555,14,1546888,19054
1484,218,1547106,19055
1493,36,1547142,19056
105,114,1547256,19057
1756,20,1547276,19058
262,31,1547307,19059
17,91,1547398,19060
275,14,1547412,19061
2129,14,1547426,19062
369,124,1547550,19063
168,18,1547568,19064
2020,61,1547629,19065
13,113,1547742,19066
3400,65,1547807,19067
159,65,1547872,19068
142,82,1547954,19069
414,22,1547976,19070
148,121,1548097,19071
2204,24,1548121,19072
1490,1,1548122,19073
743,55,1548177,19074
97,315,1548492,19075
1334,267,1548759,19076
272,78,1548837,19077
266,30,1548867,19078
200,113,1548980,19079
150,127,1549107,19080
273,127,1549234,19081
32,16,1549250,19082
112,12,1549262,19083
1481,43,1549305,19084
223,452,1549757,19085
215,84,1549841,19086
347,104,1549945,19087
3325,17,1549962,19088
775,22,1549984,19089
260,21,1550005,19090
2215,4,1550009,19091
278,65,1550074,19092
307,107,1550181,19093
287,67,1550248,19094
123,51,1550299,19095
175,22,1550321,19096
26,228,1550549,19097
26,15,1550564,19098
28,34,1550598,19099
100,2,1550600,19100
363,109,1550709,19101
115,75,1550784,19102
160,168,1550952,19103
106,112,1551064,19104
122,126,1551190,19105
246,160,1551350,19106
162,378,1551728,19107
158,16,1551744,19108
370,51,1551795,19109
318,45,1551840,19110
1966,73,1551913,19111
392,71,1551984,19112
1559,31,1552015,19113
303,40,1552055,19114
23,101,1552156,19115
140,209,1552365,19116
627,36,1552401,19117
153,77,1552478,19118
430,225,1552703,19119
1704,2,1552705,19120
2939,189,1552894,19121
1164,89,1552983,19122
195,85,1553068,19123
52,189,1553257,19124
365,7,1553264,19125
18,40,1553304,19126
140,126,1553430,19127
452,22,1553452,19128
2428,61,1553513,19129
331,73,1553586,19130
28,45,1553631,19131
108,205,1553836,19132
93,33,1553869,19133
3359,58,1553927,19134
215,145,1554072,19135
256,114,1554186,19136
396,20,1554206,19137
2479,148,1554354,19138
281,5,1554359,19139
68,9,1554368,19140
145,39,1554407,19141
4046,65,1554472,19142
21,91,1554563,19143
262,136,1554699,19144
3170,69,1554768,19145
33,28,1554796,19146
360,9,1554805,19147
1839,116,1554921,19148
2787,171,1555092,19149
1742,179,1555271,19150
119,44,1555315,19151
903,1,1555316,19152
2761,14,1555330,19153
115,108,1555438,19154
1025,133,1555571,19155
378,131,1555702,19156
118,95,1555797,19157
944,60,1555857,19158
2570,347,1556204,19159
3779,33,1556237,19160
2193,36,1556273,19161
206,61,1556334,19162
415,137,1556471,19163
490,12,1556483,19164
849,85,1556568,19165
129,90,1556658,19166
120,6,1556664,19167
1418,166,1556830,19168
146,114,1556944,19169
165,24,1556968,19170
1104,1,1556969,19171
491,56,1557025,19172
309,39,1557064,19173
27,147,1557211,19174
434,115,1557326,19175
3299,46,1557372,19176
3293,36,1557408,19177
2971,177,1557585,19178
319,32,1557617,19179
67,104,1557721,19180
151,114,1557835,19181
25,203,1558038,19182
150,32,1558070,19183
31,40,1558110,19184
66,133,1558243,19185
189,171,1558414,19186
365,227,1558641,19187
270,43,1558684,19188
354,316,1559000,19189
134,42,1559042,19190
39,66,1559108,19191
16,50,1559158,19192
1183,40,1559198,19193
296,5,1559203,19194
167,64,1559267,19195
276,150,1559417,19196
54,231,1559648,19197
1124,14,1559662,19198
369,9,1559671,19199
456,31,1559702,19200
17,157,1559859,19201
321,32,1559891,19202
252,64,1559955,19203
416,8,1559963,19204
1142,30,1559993,19205
384,17,1560010,19206
2585,199,1560209,19207
19,71,1560280,19208
11,7,1560287,19209
106,72,1560359,19210
342,40,1560399,19211
3298,109,1560508,19212
1299,38,1560546,19213
130,197,1560743,19214
396,164,1560907,19215
220,208,1561115,19216
127,151,1561266,19217
2635,144,1561410,19218
1921,49,1561459,19219
248,60,1561519,19220
203,51,1561570,19221
10,80,1561650,19222
134,16,1561666,19223
423,175,1561841,19224
290,30,1561871,19225
3101,272,1562143,19226
285,11,1562154,19227
124,190,1562344,19228
632,1,1562345,19229
3969,21,1562366,19230
12,6,1562372,19231
2340,2,1562374,19232
138,74,1562448,19233
332,3,1562451,19234
420,45,1562496,19235
189,32,1562528,19236
278,48,1562576,19237
9,8,1562584,19238
507,223,1562807,19239
142,45,1562852,19240
186,25,1562877,19241
546,55,1562932,19242
40,97,1563029,19243
638,36,1563065,19244
337,384,1563449,19245
338,37,1563486,19246
129,94,1563580,19247
3347,24,1563604,19248
206,42,1563646,19249
173,31,1563677,19250
299,239,1563916,19251
107,16,1563932,19252
11,174,1564106,19253
1467,20,1564126,19254
133,13,1564139,19255
3560,94,1564233,19256
416,86,1564319,19257
329,2,1564321,19258
363,22,1564343,19259
129,27,1564370,19260
832,50,1564420,19261
131,149,1564569,19262
442,10,1564579,19263
231,126,1564705,19264
3363,44,1564749,19265
206,208,1564957,19266
3878,77,1565034,19267
289,5,1565039,19268
227,10,1565049,19269
244,58,1565107,19270
265,161,1565268,19271
193,108,1565376,19272
2529,83,1565459,19273
32,11,1565470,19274
46,31,1565501,19275
974,26,1565527,19276
132,113,1565640,19277
2830,27,1565667,19278
172,107,1565774,19279
29,123,1565897,19280
148,110,1566007,19281
3646,30,1566037,19282
23,27,1566064,19283
175,50,1566114,19284
3545,107,1566221,19285
13,51,1566272,19286
110,33,1566305,19287
233,6,1566311,19288
144,8,1566319,19289
284,234,1566553,19290
298,69,1566622,19291
268,19,1566641,19292
1230,33,1566674,19293
117,14,1566688,19294
21,39,1566727,19295
443,93,1566820,19296
265,83,1566903,19297
1858,9,1566912,19298
785,189,1567101,19299
60,11,1567112,19300
551,3,1567115,19301
2197,50,1567165,19302
196,13,1567178,19303
114,43,1567221,19304
40,258,1567479,19305
1789,9,1567488,19306
17,81,1567569,19307
381,35,1567604,19308
501,128,1567732,19309
162,50,1567782,19310
342,94,1567876,19311
180,65,1567941,19312
142,108,1568049,19313
1095,109,1568158,19314
117,46,1568204,19315
129,49,1568253,19316
30,192,1568445,19317
157,122,1568567,19318
2467,110,1568677,19319
292,38,1568715,19320
660,33,1568748,19321
2968,3,1568751,19322
10,1,1568752,19323
509,11,1568763,19324
2487,78,1568841,19325
304,23,1568864,19326
210,123,1568987,19327
90,29,1569016,19328
311,69,1569085,19329
1245,14,1569099,19330
284,1,1569100,19331
611,53,1569153,19332
377,77,1569230,19333
412,98,1569328,19334
350,455,1569783,19335
19,87,1569870,19336
3027,43,1569913,19337
397,14,1569927,19338
133,14,1569941,19339
13,136,1570077,19340
367,29,1570106,19341
180,179,1570285,19342
139,53,1570338,19343
121,6,1570344,19344
333,37,1570381,19345
2645,156,1570537,19346
399,17,1570554,19347
3988,65,1570619,19348
103,64,1570683,19349
80,55,1570738,19350
501,47,1570785,19351
290,41,1570826,19352
224,179,1571005,19353
546,59,1571064,19354
186,31,1571095,19355
1582,29,1571124,19356
1530,90,1571214,19357
398,70,1571284,19358
132,4,1571288,19359
842,43,1571331,19360
1525,67,1571398,19361
150,280,1571678,19362
160,138,1571816,19363
11,4,1571820,19364
397,260,1572080,19365
348,47,1572127,19366
216,102,1572229,19367
269,3,1572232,19368
380,159,1572391,19369
10,59,1572450,19370
1428,39,1572489,19371
1257,62,1572551,19372
124,44,1572595,19373
959,109,1572704,19374
50,50,1572754,19375
225,240,1572994,19376
114,74,1573068,19377
387,24,1573092,19378
272,72,1573164,19379
120,157,1573321,19380
47,120,1573441,19381
300,206,1573647,19382
342,2,1573649,19383
190,40,1573689,19384
2909,43,1573732,19385
564,97,1573829,19386
34,82,1573911,19387
3710,80,1573991,19388
26,12,1574003,19389
509,142,1574145,19390
177,39,1574184,19391
94,31,1574215,19392
177,124,1574339,19393
219,32,1574371,19394
236,20,1574391,19395
32,108,1574499,19396
246,178,1574677,19397
190,158,1574835,19398
24,22,1574857,19399
108,22,1574879,19400
122,12,1574891,19401
146,6,1574897,19402
131,179,1575076,19403
217,19,1575095,19404
397,15,1575110,19405
370,160,1575270,19406
282,23,1575293,19407
152,62,1575355,19408
394,91,1575446,19409
3690,146,1575592,19410
159,66,1575658,19411
98,1,1575659,19412
714,38,1575697,19413
357,38,1575735,19414
261,81,1575816,19415
23,26,1575842,19416
267,22,1575864,19417
207,28,1575892,19418
789,60,1575952,19419
14,20,1575972,19420
311,110,1576082,19421
287,6,1576088,19422
404,27,1576115,19423
260,67,1576182,19424
37,48,1576230,19425
142,31,1576261,19426
114,64,1576325,19427
2378,44,1576369,19428
3455,146,1576515,19429
352,158,1576673,19430
172,99,1576772,19431
79,512,1577284,19432
113,68,1577352,19433
680,65,1577417,19434
685,189,1577606,19435
18,37,1577643,19436
10,112,1577755,19437
99,16,1577771,19438
164,30,1577801,19439
343,9,1577810,19440
310,30,1577840,19441
17,276,1578116,19442
25,18,1578134,19443
477,63,1578197,19444
27,29,1578226,19445
294,207,1578433,19446
32,171,1578604,19447
327,100,1578704,19448
216,10,1578714,19449
129,95,1578809,19450
475,38,1578847,19451
116,79,1578926,19452
194,64,1578990,19453
366,301,1579291,19454
146,99,1579390,19455
137,56,1579446,19456
136,2,1579448,19457
263,129,1579577,19458
1450,107,1579684,19459
293,33,1579717,19460
392,111,1579828,19461
120,292,1580120,19462
3608,5,1580125,19463
3461,34,1580159,19464
1688,5,1580164,19465
259,4,1580168,19466
61,136,1580304,19467
253,2,1580306,19468
141,31,1580337,19469
364,60,1580397,19470
168,131,1580528,19471
2713,140,1580668,19472
9,193,1580861,19473
706,94,1580955,19474
415,294,1581249,19475
2927,261,1581510,19476
437,59,1581569,19477
215,21,1581590,19478
255,1,1581591,19479
299,28,1581619,19480
286,2,1581621,19481
582,53,1581674,19482
42,293,1581967,19483
3432,29,1581996,19484
174,75,1582071,19485
334,49,1582120,19486
144,73,1582193,19487
1499,126,1582319,19488
102,141,1582460,19489
185,49,1582509,19490
637,34,1582543,19491
149,195,1582738,19492
1654,639,1583377,19493
2705,131,1583508,19494
133,38,1583546,19495
24,170,1583716,19496
11,39,1583755,19497
399,162,1583917,19498
290,14,1583931,19499
234,1,1583932,19500
267,344,1584276,19501
55,79,1584355,19502
557,61,1584416,19503
357,107,1584523,19504
3920,19,1584542,19505
1123,12,1584554,19506
3885,230,1584784,19507
124,10,1584794,19508
391,9,1584803,19509
85,179,1584982,19510
13,37,1585019,19511
151,25,1585044,19512
275,39,1585083,19513
186,51,1585134,19514
17,44,1585178,19515
256,14,1585192,19516
133,29,1585221,19517
144,26,1585247,19518
583,57,1585304,19519
147,4,1585308,19520
1012,187,1585495,19521
104,28,1585523,19522
2766,62,1585585,19523
193,184,1585769,19524
379,46,1585815,19525
256,32,1585847,19526
170,27,1585874,19527
117,154,1586028,19528
332,52,1586080,19529
218,45,1586125,19530
3062,47,1586172,19531
3867,121,1586293,19532
102,73,1586366,19533
155,102,1586468,19534
2178,51,1586519,19535
2744,2,1586521,19536
148,60,1586581,19537
276,50,1586631,19538
472,5,1586636,19539
9,1,1586637,19540
3015,38,1586675,19541
355,169,1586844,19542
2102,30,1586874,19543
320,23,1586897,19544
549,3,1586900,19545
11,21,1586921,19546
319,160,1587081,19547
2028,107,1587188,19548
575,60,1587248,19549
344,144,1587392,19550
149,222,1587614,19551
905,84,1587698,19552
292,55,1587753,19553
78,26,1587779,19554
344,151,1587930,19555
216,168,1588098,19556
113,131,1588229,19557
365,67,1588296,19558
158,139,1588435,19559
259,12,1588447,19560
77,140,1588587,19561
3447,80,1588667,19562
19,105,1588772,19563
277,187,1588959,19564
125,179,1589138,19565
374,249,1589387,19566
246,147,1589534,19567
295,106,1589640,19568
133,52,1589692,19569
465,407,1590099,19570
2311,8,1590107,19571
181,58,1590165,19572
643,104,1590269,19573
662,189,1590458,19574
285,109,1590567,19575
10,162,1590729,19576
176,17,1590746,19577
11,18,1590764,19578
204,81,1590845,19579
3157,7,1590852,19580
2453,93,1590945,19581
385,27,1590972,19582
234,153,1591125,19583
458,92,1591217,19584
16,89,1591306,19585
44,152,1591458,19586
345,103,1591561,19587
220,51,1591612,19588
268,148,1591760,19589
1960,12,1591772,19590
238,180,1591952,19591
1950,63,1592015,19592
3344,170,1592185,19593
64,91,1592276,19594
12,64,1592340,19595
119,20,1592360,19596
1087,25,1592385,19597
10,95,1592480,19598
460,43,1592523,19599
218,70,1592593,19600
176,110,1592703,19601
830,90,1592793,19602
346,157,1592950,19603
310,92,1593042,19604
14,10,1593052,19605
428,12,1593064,19606
131,127,1593191,19607
208,185,1593376,19608
439,69,1593445,19609
2352,38,1593483,19610
1538,97,1593580,19611
496,193,1593773,19612
3598,77,1593850,19613
611,94,1593944,19614
80,118,1594062,19615
128,56,1594118,19616
313,179,1594297,19617
9,2,1594299,19618
3739,187,1594486,19619
361,230,1594716,19620
4077,97,1594813,19621
290,249,1595062,19622
1853,64,1595126,19623
14,2,1595128,19624
780,83,1595211,19625
21,91,1595302,19626
1351,10,1595312,19627
212,25,1595337,19628
112,35,1595372,19629
332,2,1595374,19630
249,84,1595458,19631
1228,129,1595587,19632
172,197,1595784,19633
146,157,1595941,19634
87,158,1596099,19635
383,20,1596119,19636
3397,41,1596160,19637
388,43,1596203,19638
171,99,1596302,19639
660,32,1596334,19640
175,42,1596376,19641
140,57,1596433,19642
156,58,1596491,19643
66,55,1596546,19644
151,248,1596794,19645
270,9,1596803,19646
52,92,1596895,19647
254,1,1596896,19648
63,112,1597008,19649
354,54,1597062,19650
46,189,1597251,19651
931,7,1597258,19652
3558,71,1597329,19653
473,40,1597369,19654
140,33,1597402,19655
984,1,1597403,19656
57,52,1597455,19657
448,136,1597591,19658
289,12,1597603,19659
251,100,1597703,19660
229,67,1597770,19661
96,70,1597840,19662
1668,124,1597964,19663
3335,10,1597974,19664
121,10,1597984,19665
459,40,1598024,19666
2337,2,1598026,19667
355,281,1598307,19668
2817,26,1598333,19669
14,66,1598399,19670
229,22,1598421,19671
118,249,1598670,19672
506,76,1598746,19673
17,36,1598782,19674
317,169,1598951,19675
173,48,1598999,19676
280,33,1599032,19677
148,26,1599058,19678
53,6,1599064,19679
325,10,1599074,19680
103,62,1599136,19681
1875,184,1599320,19682
100,6,1599326,19683
1577,15,1599341,19684
11,96,1599437,19685
385,110,1599547,19686
534,249,1599796,19687
116,82,1599878,19688
837,100,1599978,19689
45,64,1600042,19690
908,142,1600184,19691
51,261,1600445,19692
204,131,1600576,19693
126,70,1600646,19694
327,138,1600784,19695
124,3,1600787,19696
345,125,1600912,19697
151,56,1600968,19698
339,30,1600998,19699
1687,96,1601094,19700
2815,31,1601125,19701
362,41,1601166,19702
138,154,1601320,19703
1830,41,1601361,19704
56,185,1601546,19705
4052,15,1601561,19706
150,17,1601578,19707
296,91,1601669,19708
3692,226,1601895,19709
331,66,1601961,19710
337,34,1601995,19711
325,55,1602050,19712
434,45,1602095,19713
2457,33,1602128,19714
119,220,1602348,19715
115,46,1602394,19716
185,23,1602417,19717
141,8,1602425,19718
247,36,1602461,19719
1452,42,1602503,19720
127,10,1602513,19721
563,144,1602657,19722
336,35,1602692,19723
432,45,1602737,19724
3584,76,1602813,19725
360,1,1602814,19726
1779,218,1603032,19727
528,46,1603078,19728
1923,414,1603492,19729
205,3,1603495,19730
173,324,1603819,19731
458,68,1603887,19732
94,12,1603899,19733
341,25,1603924,19734
371,5,1603929,19735
302,23,1603952,19736
282,200,1604152,19737
3618,52,1604204,19738
144,140,1604344,19739
387,37,1604381,19740
1092,43,1604424,19741
265,149,1604573,19742
105,99,1604672,19743
13,19,1604691,19744
132,19,1604710,19745
59,203,1604913,19746
193,65,1604978,19747
13,113,1605091,19748
353,151,1605242,19749
427,95,1605337,19750
1360,16,1605353,19751
727,105,1605458,19752
58,39,1605497,19753
45,15,1605512,19754
1494,49,1605561,19755
1936,13,1605574,19756
108,33,1605607,19757
440,51,1605658,19758
1505,48,1605706,19759
181,10,1605716,19760
481,7,1605723,19761
2734,31,1605754,19762
772,173,1605927,19763
367,36,1605963,19764
131,3,1605966,19765
339,24,1605990,19766
138,27,1606017,19767
2072,22,1606039,19768
1079,35,1606074,19769
182,96,1606170,19770
10,63,1606233,19771
1608,222,1606455,19772
373,8,1606463,19773
3872,165,1606628,19774
363,59,1606687,19775
359,118,1606805,19776
18,9,1606814,19777
144,15,1606829,19778
485,98,1606927,19779
1179,205,1607132,19780
3443,324,1607456,19781
13,168,1607624,19782
18,282,1607906,19783
3754,40,1607946,19784
1990,332,1608278,19785
443,10,1608288,19786
98,251,1608539,19787
166,3,1608542,19788
75,80,1608622,19789
504,204,1608826,19790
366,44,1608870,19791
333,2,1608872,19792
40,33,1608905,19793
1847,151,1609056,19794
125,10,1609066,19795
108,24,1609090,19796
165,50,1609140,19797
888,11,1609151,19798
105,6,1609157,19799
385,143,1609300,19800
120,39,1609339,19801
1495,39,1609378,19802
3918,3,1609381,19803
163,5,1609386,19804
3900,229,1609615,19805
1623,146,1609761,19806
169,119,1609880,19807
1937,114,1609994,19808
103,56,1610050,19809
1353,169,1610219,19810
196,96,1610315,19811
424,200,1610515,19812
464,161,1610676,19813
865,65,1610741,19814
338,35,1610776,19815
3276,38,1610814,19816
235,468,1611282,19817
3576,21,1611303,19818
147,115,1611418,19819
335,7,1611425,19820
1018,375,1611800,19821
226,157,1611957,19822
133,49,1612006,19823
135,96,1612102,19824
30,14,1612116,19825
146,14,1612130,19826
122,20,1612150,19827
349,29,1612179,19828
523,92,1612271,19829
3912,78,1612349,19830
2690,28,1612377,19831
406,33,1612410,19832
134,12,1612422,19833
2293,31,1612453,19834
119,18,1612471,19835
124,24,1612495,19836
488,187,1612682,19837
203,205,1612887,19838
3006,76,1612963,19839
296,3,1612966,19840
853,56,1613022,19841
2594,1,1613023,19842
368,31,1613054,19843
308,69,1613123,19844
311,30,1613153,19845
420,114,1613267,19846
330,205,1613472,19847
55,44,1613516,19848
284,16,1613532,19849
3128,18,1613550,19850
24,24,1613574,19851
74,10,1613584,19852
3432,149,1613733,19853
180,98,1613831,19854
327,36,1613867,19855
54,16,1613883,19856
2440,95,1613978,19857
1049,36,1614014,19858
12,41,1614055,19859
102,38,1614093,19860
267,89,1614182,19861
33,65,1614247,19862
1674,212,1614459,19863
422,114,1614573,19864
3822,36,1614609,19865
829,143,1614752,19866
632,71,1614823,19867
52,97,1614920,19868
210,81,1615001,19869
352,57,1615058,19870
283,82,1615140,19871
3862,28,1615168,19872
277,45,1615213,19873
366,6,1615219,19874
299,14,1615233,19875
109,33,1615266,19876
3311,8,1615274,19877
103,111,1615385,19878
3549,119,1615504,19879
110,33,1615537,19880
1513,53,1615590,19881
143,72,1615662,19882
129,120,1615782,19883
3314,211,1615993,19884
135,15,1616008,19885
291,34,1616042,19886
332,238,1616280,19887
2539,11,1616291,19888
1870,151,1616442,19889
115,210,1616652,19890
123,104,1616756,19891
153,55,1616811,19892
242,81,1616892,19893
1777,75,1616967,19894
313,8,1616975,19895
480,48,1617023,19896
165,36,1617059,19897
716,34,1617093,19898
105,45,1617138,19899
121,47,1617185,19900
723,92,1617277,19901
137,72,1617349,19902
99,33,1617382,19903
353,60,1617442,19904
318,15,1617457,19905
173,161,1617618,19906
142,70,1617688,19907
285,32,1617720,19908
115,69,1617789,19909
199,280,1618069,19910
279,5,1618074,19911
307,124,1618198,19912
485,8,1618206,19913
420,12,1618218,19914
138,27,1618245,19915
1813,174,1618419,19916
64,248,1618667,19917
509,20,1618687,19918
668,49,1618736,19919
100,14,1618750,19920
425,397,1619147,19921
121,95,1619242,19922
151,10,1619252,19923
515,270,1619522,19924
42,26,1619548,19925
286,107,1619655,19926
438,279,1619934,19927
119,252,1620186,19928
243,31,1620217,19929
2597,32,1620249,19930
257,49,1620298,19931
325,161,1620459,19932
26,304,1620763,19933
638,173,1620936,19934
299,69,1621005,19935
187,1,1621006,19936
39,26,1621032,19937
1545,47,1621079,19938
417,32,1621111,19939
12,19,1621130,19940
28,93,1621223,19941
3600,58,1621281,19942
107,5,1621286,19943
171,57,1621343,19944
321,116,1621459,19945
146,9,1621468,19946
2660,18,1621486,19947
305,79,1621565,19948
13,72,1621637,19949
1400,225,1621862,19950
103,22,1621884,19951
3226,92,1621976,19952
896,27,1622003,19953
767,70,1622073,19954
377,4,1622077,19955
1641,131,1622208,19956
18,15,1622223,19957
2714,68,1622291,19958
308,148,1622439,19959
10,3,1622442,19960
309,27,1622469,19961
285,66,1622535,19962
171,202,1622737,19963
136,238,1622975,19964
1354,296,1623271,19965
151,61,1623332,19966
1429,349,1623681,19967
12,219,1623900,19968
169,41,1623941,19969
94,91,1624032,19970
2295,30,1624062,19971
1274,22,1624084,19972
141,136,1624220,19973
266,57,1624277,19974
17,11,1624288,19975
238,79,1624367,19976
3762,2,1624369,19977
248,13,1624382,19978
146,53,1624435,19979
2567,21,1624456,19980
162,57,1624513,19981
433,3,1624516,19982
298,10,1624526,19983
339,10,1624536,19984
445,95,1624631,19985
102,68,1624699,19986
156,24,1624723,19987
153,88,1624811,19988
47,21,1624832,19989
65,50,1624882,19990
1738,20,1624902,19991
363,109,1625011,19992
1252,30,1625041,19993
12,240,1625281,19994
211,37,1625318,19995
39,25,1625343,19996
72,15,1625358,19997
162,88,1625446,19998
299,347,1625793,19999
3240,96,1625889,20000
1426,93,1625982,20001
3071,19,1626001,20002
291,34,1626035,20003
71,7,1626042,20004
150,19,1626061,20005
1129,5,1626066,20006
95,57,1626123,20007
308,2,1626125,20008
215,234,1626359,20009
250,330,1626689,20010
149,45,1626734,20011
166,108,1626842,20012
297,6,1626848,20013
546,24,1626872,20014
267,75,1626947,20015
234,42,1626989,20016
318,66,1627055,20017
3991,44,1627099,20018
188,34,1627133,20019
68,63,1627196,20020
3702,14,1627210,20021
95,258,1627468,20022
475,101,1627569,20023
350,95,1627664,20024
622,30,1627694,20025
94,1,1627695,20026
279,20,1627715,20027
1317,18,1627733,20028
317,44,1627777,20029
320,35,1627812,20030
295,53,1627865,20031
378,13,1627878,20032
132,26,1627904,20033
14,66,1627970,20034
11,65,1628035,20035
2335,17,1628052,20036
3505,226,1628278,20037
1568,10,1628288,20038
309,10,1628298,20039
326,31,1628329,20040
176,112,1628441,20041
56,16,1628457,20042
1365,106,1628563,20043
2186,3,1628566,20044
120,2,1628568,20045
208,7,1628575,20046
106,92,1628667,20047
706,12,1628679,20048
390,127,1628806,20049
81,56,1628862,20050
376,72,1628934,20051
113,59,1628993,20052
256,54,1629047,20053
2836,41,1629088,20054
318,73,1629161,20055
2081,31,1629192,20056
153,8,1629200,20057
372,120,1629320,20058
158,72,1629392,20059
351,18,1629410,20060
3321,175,1629585,20061
151,41,1629626,20062
1709,65,1629691,20063
1144,17,1629708,20064
728,69,1629777,20065
3518,2,1629779,20066
558,35,1629814,20067
358,58,1629872,20068
228,176,1630048,20069
394,27,1630075,20070
148,114,1630189,20071
167,261,1630450,20072
11,42,1630492,20073
648,16,1630508,20074
229,248,1630756,20075
16,68,1630824,20076
131,189,1631013,20077
407,70,1631083,20078
125,63,1631146,20079
89,1,1631147,20080
1029,124,1631271,20081
124,9,1631280,20082
1069,98,1631378,20083
94,182,1631560,20084
3029,79,1631639,20085
11,59,1631698,20086
424,18,1631716,20087
158,45,1631761,20088
179,22,1631783,20089
24,170,1631953,20090
433,19,1631972,20091
3295,39,1632011,20092
16,69,1632080,20093
463,39,1632119,20094
141,84,1632203,20095
175,3,1632206,20096
2114,159,1632365,20097
349,54,1632419,20098
233,252,1632671,20099
612,285,1632956,20100
3473,57,1633013,20101
14,65,1633078,20102
130,147,1633225,20103
322,4,1633229,20104
3347,190,1633419,20105
320,106,1633525,20106
29,25,1633550,20107
152,6,1633556,20108
133,69,1633625,20109
290,98,1633723,20110
78,32,1633755,20111
303,259,1634014,20112
335,15,1634029,20113
427,12,1634041,20114
2293,26,1634067,20115
96,25,1634092,20116
260,68,1634160,20117
109,459,1634619,20118
56,87,1634706,20119
36,2,1634708,20120
123,14,1634722,20121
233,105,1634827,20122
148,76,1634903,20123
2311,327,1635230,20124
33,148,1635378,20125
869,141,1635519,20126
150,157,1635676,20127
368,125,1635801,20128
67,215,1636016,20129
570,57,1636073,20130
495,117,1636190,20131
109,19,1636209,20132
319,79,1636288,20133
1391,52,1636340,20134
651,212,1636552,20135
63,35,1636587,20136
210,96,1636683,20137
154,105,1636788,20138
2493,22,1636810,20139
126,51,1636861,20140
183,16,1636877,20141
200,73,1636950,20142
100,98,1637048,20143
189,49,1637097,20144
3985,5,1637102,20145
213,7,1637109,20146
2512,10,1637119,20147
149,58,1637177,20148
866,67,1637244,20149
289,143,1637387,20150
172,241,1637628,20151
3757,72,1637700,20152
375,52,1637752,20153
3266,16,1637768,20154
3396,195,1637963,20155
3397,238,1638201,20156
2548,337,1638538,20157
196,28,1638566,20158
140,25,1638591,20159
102,31,1638622,20160
306,38,1638660,20161
141,5,1638665,20162
120,15,1638680,20163
241,155,1638835,20164
2077,98,1638933,20165
165,18,1638951,20166
238,12,1638963,20167
139,52,1639015,20168
65,46,1639061,20169
319,49,1639110,20170
374,93,1639203,20171
407,168,1639371,20172
239,542,1639913,20173
565,11,1639924,20174
30,59,1639983,20175
250,39,1640022,20176
205,57,1640079,20177
1035,37,1640116,20178
112,30,1640146,20179
334,247,1640393,20180
21,174,1640567,20181
2483,137,1640704,20182
645,60,1640764,20183
199,246,1641010,20184
2351,47,1641057,20185
14,20,1641077,20186
398,78,1641155,20187
290,26,1641181,20188
848,55,1641236,20189
226,8,1641244,20190
159,24,1641268,20191
378,300,1641568,20192
346,34,1641602,20193
27,33,1641635,20194
148,16,1641651,20195
192,107,1641758,20196
88,54,1641812,20197
471,20,1641832,20198
439,65,1641897,20199
498,127,1642024,20200
488,19,1642043,20201
2985,52,1642095,20202
275,109,1642204,20203
1882,29,1642233,20204
369,47,1642280,20205
69,48,1642328,20206
329,52,1642380,20207
30,226,1642606,20208
168,113,1642719,20209
50,319,1643038,20210
678,38,1643076,20211
424,10,1643086,20212
192,84,1643170,20213
302,229,1643399,20214
419,113,1643512,20215
4016,59,1643571,20216
1466,57,1643628,20217
159,5,1643633,20218
301,190,1643823,20219
109,4,1643827,20220
48,2,1643829,20221
1548,61,1643890,20222
362,39,1643929,20223
3431,271,1644200,20224
170,82,1644282,20225
296,11,1644293,20226
417,5,1644298,20227
129,179,1644477,20228
314,67,1644544,20229
1496,78,1644622,20230
354,86,1644708,20231
3420,10,1644718,20232
295,269,1644987,20233
331,57,1645044,20234
116,261,1645305,20235
398,18,1645323,20236
252,8,1645331,20237
2631,80,1645411,20238
3806,71,1645482,20239
933,290,1645772,20240
386,78,1645850,20241
1112,61,1645911,20242
215,33,1645944,20243
62,24,1645968,20244
12,13,1645981,20245
2242,2,1645983,20246
258,49,1646032,20247
155,174,1646206,20248
292,11,1646217,20249
2115,189,1646406,20250
2435,9,1646415,20251
1921,13,1646428,20252
71,21,1646449,20253
19,19,1646468,20254
46,52,1646520,20255
214,44,1646564,20256
2744,22,1646586,20257
261,24,1646610,20258
361,48,1646658,20259
15,21,1646679,20260
3310,6,1646685,20261
2301,110,1646795,20262
1627,285,1647080,20263
87,57,1647137,20264
3263,146,1647283,20265
151,54,1647337,20266
3377,23,1647360,20267
134,94,1647454,20268
135,10,1647464,20269
178,71,1647535,20270
2119,63,1647598,20271
202,37,1647635,20272
14,18,1647653,20273
34,15,1647668,20274
868,28,1647696,20275
194,158,1647854,20276
2754,37,1647891,20277
221,93,1647984,20278
2885,32,1648016,20279
183,151,1648167,20280
2887,16,1648183,20281
327,45,1648228,20282
25,136,1648364,20283
2627,23,1648387,20284
96,36,1648423,20285
303,3,1648426,20286
121,49,1648475,20287
486,128,1648603,20288
446,86,1648689,20289
456,127,1648816,20290
151,109,1648925,20291
53,50,1648975,20292
138,125,1649100,20293
36,35,1649135,20294
3951,115,1649250,20295
164,85,1649335,20296
111,129,1649464,20297
61,34,1649498,20298
328,14,1649512,20299
380,16,1649528,20300
125,170,1649698,20301
1023,58,1649756,20302
318,110,1649866,20303
2842,116,1649982,20304
637,9,1649991,20305
125,147,1650138,20306
317,32,1650170,20307
82,263,1650433,20308
243,32,1650465,20309
276,9,1650474,20310
187,11,1650485,20311
4031,21,1650506,20312
2856,148,1650654,20313
121,67,1650721,20314
111,88,1650809,20315
278,68,1650877,20316
161,177,1651054,20317
728,157,1651211,20318
1335,82,1651293,20319
140,7,1651300,20320
305,29,1651329,20321
43,22,1651351,20322
137,207,1651558,20323
2754,149,1651707,20324
586,26,1651733,20325
285,84,1651817,20326
212,75,1651892,20327
16,6,1651898,20328
1560,18,1651916,20329
2621,31,1651947,20330
268,11,1651958,20331
956,17,1651975,20332
245,68,1652043,20333
3656,129,1652172,20334
502,95,1652267,20335
304,94,1652361,20336
925,6,1652367,20337
295,43,1652410,20338
15,14,1652424,20339
139,36,1652460,20340
47,2,1652462,20341
30,3,1652465,20342
2003,165,1652630,20343
290,11,1652641,20344
102,83,1652724,20345
2822,102,1652826,20346
117,249,1653075,20347
274,9,1653084,20348
284,72,1653156,20349
210,32,1653188,20350
301,94,1653282,20351
3230,78,1653360,20352
3438,23,1653383,20353
15,106,1653489,20354
956,72,1653561,20355
417,20,1653581,20356
140,287,1653868,20357
278,123,1653991,20358
297,1,1653992,20359
135,21,1654013,20360
33,168,1654181,20361
353,205,1654386,20362
327,91,1654477,20363
36,50,1654527,20364
305,63,1654590,20365
370,12,1654602,20366
20,67,1654669,20367
167,95,1654764,20368
138,192,1654956,20369
1214,107,1655063,20370
387,181,1655244,20371
102,296,1655540,20372
463,181,1655721,20373
105,26,1655747,20374
3864,171,1655918,20375
158,48,1655966,20376
1018,12,1655978,20377
445,19,1655997,20378
144,49,1656046,20379
11,6,1656052,20380
11,304,1656356,20381
202,114,1656470,20382
384,4,1656474,20383
128,26,1656500,20384
133,11,1656511,20385
415,21,1656532,20386
3070,23,1656555,20387
74,110,1656665,20388
394,98,1656763,20389
97,48,1656811,20390
272,267,1657078,20391
14,15,1657093,20392
589,24,1657117,20393
246,71,1657188,20394
1005,69,1657257,20395
401,20,1657277,20396
138,13,1657290,20397
263,125,1657415,20398
242,230,1657645,20399
159,139,1657784,20400
488,131,1657915,20401
564,123,1658038,20402
243,214,1658252,20403
11,12,1658264,20404
162,57,1658321,20405
154,99,1658420,20406
353,15,1658435,20407
479,164,1658599,20408
18,5,1658604,20409
176,76,1658680,20410
116,16,1658696,20411
10,140,1658836,20412
31,87,1658923,20413
111,129,1659052,20414
241,51,1659103,20415
753,7,1659110,20416
226,21,1659131,20417
118,107,1659238,20418
310,114,1659352,20419
141,14,1659366,20420
50,90,1659456,20421
441,114,1659570,20422
1140,108,1659678,20423
214,138,1659816,20424
2300,48,1659864,20425
374,31,1659895,20426
1893,88,1659983,20427
17,97,1660080,20428
330,41,1660121,20429
273,51,1660172,20430
276,9,1660181,20431
304,224,1660405,20432
172,25,1660430,20433
179,54,1660484,20434
157,13,1660497,20435
356,70,1660567,20436
300,128,1660695,20437
219,1,1660696,20438
334,30,1660726,20439
14,44,1660770,20440
327,26,1660796,20441
121,8,1660804,20442
528,180,1660984,20443
145,190,1661174,20444
101,58,1661232,20445
349,238,1661470,20446
133,187,1661657,20447
1611,326,1661983,20448
444,56,1662039,20449
337,53,1662092,20450
860,344,1662436,20451
412,5,1662441,20452
169,90,1662531,20453
227,35,1662566,20454
1295,82,1662648,20455
160,126,1662774,20456
56,295,1663069,20457
320,244,1663313,20458
177,15,1663328,20459
212,52,1663380,20460
132,79,1663459,20461
170,36,1663495,20462
2776,30,1663525,20463
112,30,1663555,20464
14,12,1663567,20465
3855,423,1663990,20466
909,3,1663993,20467
22,65,1664058,20468
1949,99,1664157,20469
286,123,1664280,20470
135,46,1664326,20471
478,20,1664346,20472
126,53,1664399,20473
492,41,1664440,20474
47,156,1664596,20475
124,102,1664698,20476
388,27,1664725,20477
16,61,1664786,20478
322,40,1664826,20479
3843,1,1664827,20480
145,77,1664904,20481
466,29,1664933,20482
15,15,1664948,20483
283,70,1665018,20484
92,83,1665101,20485
117,307,1665408,20486
260,3,1665411,20487
1045,34,1665445,20488
456,54,1665499,20489
60,125,1665624,20490
548,91,1665715,20491
121,16,1665731,20492
363,98,1665829,20493
278,50,1665879,20494
2435,119,1665998,20495
201,287,1666285,20496
2924,6,1666291,20497
3472,84,1666375,20498
259,43,1666418,20499
40,126,1666544,20500
504,19,1666563,20501
19,9,1666572,20502
3350,41,1666613,20503
1358,249,1666862,20504
684,63,1666925,20505
256,251,1667176,20506
86,15,1667191,20507
42,139,1667330,20508
11,151,1667481,20509
15,31,1667512,20510
186,150,1667662,20511
199,252,1667914,20512
3373,12,1667926,20513
764,308,1668234,20514
856,59,1668293,20515
253,16,1668309,20516
121,83,1668392,20517
1173,115,1668507,20518
2216,95,1668602,20519
136,228,1668830,20520
436,40,1668870,20521
800,235,1669105,20522
14,42,1669147,20523
474,172,1669319,20524
111,6,1669325,20525
15,143,1669468,20526
287,5,1669473,20527
319,64,1669537,20528
146,195,1669732,20529
9,76,1669808,20530
320,95,1669903,20531
4017,177,1670080,20532
377,146,1670226,20533
1785,88,1670314,20534
15,89,1670403,20535
343,37,1670440,20536
12,3,1670443,20537
40,19,1670462,20538
261,114,1670576,20539
142,1,1670577,20540
125,104,1670681,20541
1049,46,1670727,20542
3903,147,1670874,20543
155,9,1670883,20544
3402,141,1671024,20545
420,36,1671060,20546
1633,11,1671071,20547
319,126,1671197,20548
593,28,1671225,20549
172,32,1671257,20550
615,335,1671592,20551
402,56,1671648,20552
133,66,1671714,20553
3396,27,1671741,20554
3997,73,1671814,20555
164,20,1671834,20556
3634,4,1671838,20557
334,123,1671961,20558
2364,158,1672119,20559
269,16,1672135,20560
3827,254,1672389,20561
410,89,1672478,20562
326,45,1672523,20563
183,71,1672594,20564
123,132,1672726,20565
451,65,1672791,20566
154,59,1672850,20567
3382,42,1672892,20568
306,188,1673080,20569
339,62,1673142,20570
431,208,1673350,20571
137,41,1673391,20572
124,70,1673461,20573
351,41,1673502,20574
350,184,1673686,20575
349,53,1673739,20576
243,137,1673876,20577
2217,30,1673906,20578
1405,40,1673946,20579
966,36,1673982,20580
306,366,1674348,20581
3613,45,1674393,20582
13,30,1674423,20583
50,182,1674605,20584
2116,32,1674637,20585
1736,53,1674690,20586
368,79,1674769,20587
152,78,1674847,20588
106,45,1674892,20589
355,230,1675122,20590
12,266,1675388,20591
225,98,1675486,20592
27,16,1675502,20593
3399,166,1675668,20594
388,18,1675686,20595
144,34,1675720,20596
257,37,1675757,20597
335,10,1675767,20598
290,74,1675841,20599
435,18,1675859,20600
518,46,1675905,20601
56,143,1676048,20602
45,91,1676139,20603
3855,22,1676161,20604
183,12,1676173,20605
1303,13,1676186,20606
3798,46,1676232,20607
159,30,1676262,20608
64,136,1676398,20609
303,6,1676404,20610
241,88,1676492,20611
319,37,1676529,20612
133,36,1676565,20613
370,68,1676633,20614
1178,71,1676704,20615
109,48,1676752,20616
386,141,1676893,20617
1703,71,1676964,20618
385,137,1677101,20619
4047,29,1677130,20620
946,264,1677394,20621
80,180,1677574,20622
22,70,1677644,20623
302,55,1677699,20624
233,21,1677720,20625
968,82,1677802,20626
11,45,1677847,20627
455,23,1677870,20628
98,49,1677919,20629
345,46,1677965,20630
214,116,1678081,20631
143,76,1678157,20632
35,48,1678205,20633
12,106,1678311,20634
1073,278,1678589,20635
556,159,1678748,20636
3192,103,1678851,20637
1427,24,1678875,20638
89,52,1678927,20639
421,13,1678940,20640
429,14,1678954,20641
11,101,1679055,20642
98,23,1679078,20643
270,142,1679220,20644
186,24,1679244,20645
114,44,1679288,20646
456,18,1679306,20647
126,85,1679391,20648
742,241,1679632,20649
300,18,1679650,20650
11,20,1679670,20651
191,9,1679679,20652
2039,61,1679740,20653
40,112,1679852,20654
3154,41,1679893,20655
119,50,1679943,20656
1528,110,1680053,20657
207,2,1680055,20658
140,113,1680168,20659
294,86,1680254,20660
340,45,1680299,20661
15,19,1680318,20662
1706,113,1680431,20663
56,23,1680454,20664
1007,54,1680508,20665
187,64,1680572,20666
3727,19,1680591,20667
3356,69,1680660,20668
247,7,1680667,20669
132,1,1680668,20670
396,4,1680672,20671
97,29,1680701,20672
34,61,1680762,20673
158,296,1681058,20674
221,53,1681111,20675
355,6,1681117,20676
114,32,1681149,20677
2430,6,1681155,20678
291,18,1681173,20679
150,25,1681198,20680
319,105,1681303,20681
276,55,1681358,20682
426,124,1681482,20683
145,262,1681744,20684
325,66,1681810,20685
361,481,1682291,20686
117,88,1682379,20687
275,9,1682388,20688
311,28,1682416,20689
315,56,1682472,20690
544,99,1682571,20691
368,327,1682898,20692
90,90,1682988,20693
318,68,1683056,20694
107,109,1683165,20695
191,452,1683617,20696
536,2,1683619,20697
782,27,1683646,20698
42,44,1683690,20699
3682,76,1683766,20700
259,24,1683790,20701
354,8,1683798,20702
377,182,1683980,20703
608,24,1684004,20704
212,6,1684010,20705
1162,32,1684042,20706
324,61,1684103,20707
3440,198,1684301,20708
3172,116,1684417,20709
1667,330,1684747,20710
92,23,1684770,20711
1698,386,1685156,20712
3110,8,1685164,20713
157,68,1685232,20714
256,69,1685301,20715
273,814,1686115,20716
296,14,1686129,20717
194,41,1686170,20718
72,44,1686214,20719
319,50,1686264,20720
326,87,1686351,20721
224,22,1686373,20722
3960,15,1686388,20723
387,210,1686598,20724
342,16,1686614,20725
563,18,1686632,20726
41,31,1686663,20727
363,31,1686694,20728
192,8,1686702,20729
157,92,1686794,20730
31,51,1686845,20731
295,74,1686919,20732
19,74,1686993,20733
4073,32,1687025,20734
79,3,1687028,20735
279,169,1687197,20736
334,18,1687215,20737
456,14,1687229,20738
2622,81,1687310,20739
150,28,1687338,20740
314,4,1687342,20741
349,104,1687446,20742
132,139,1687585,20743
358,11,1687596,20744
302,189,1687785,20745
392,237,1688022,20746
132,132,1688154,20747
139,5,1688159,20748
16,187,1688346,20749
152,8,1688354,20750
273,90,1688444,20751
42,131,1688575,20752
202,47,1688622,20753
10,92,1688714,20754
20,157,1688871,20755
3856,72,1688943,20756
260,3,1688946,20757
1291,12,1688958,20758
492,158,1689116,20759
3232,45,1689161,20760
890,294,1689455,20761
94,55,1689510,20762
514,114,1689624,20763
17,48,1689672,20764
130,50,1689722,20765
137,9,1689731,20766
447,185,1689916,20767
768,92,1690008,20768
805,81,1690089,20769
130,128,1690217,20770
186,8,1690225,20771
703,35,1690260,20772
2447,211,1690471,20773
130,5,1690476,20774
108,79,1690555,20775
2585,13,1690568,20776
221,183,1690751,20777
442,82,1690833,20778
3433,94,1690927,20779
534,24,1690951,20780
49,76,1691027,20781
2263,65,1691092,20782
327,69,1691161,20783
271,41,1691202,20784
141,88,1691290,20785
381,69,1691359,20786
456,12,1691371,20787
50,175,1691546,20788
78,66,1691612,20789
115,37,1691649,20790
1865,99,1691748,20791
124,22,1691770,20792
492,154,1691924,20793
1213,91,1692015,20794
149,125,1692140,20795
303,48,1692188,20796
307,76,1692264,20797
1934,17,1692281,20798
3017,31,1692312,20799
357,33,1692345,20800
1215,17,1692362,20801
294,62,1692424,20802
81,18,1692442,20803
18,65,1692507,20804
421,219,1692726,20805
143,132,1692858,20806
3422,39,1692897,20807
116,62,1692959,20808
129,50,1693009,20809
124,4,1693013,20810
22,88,1693101,20811
9,175,1693276,20812
338,67,1693343,20813
129,27,1693370,20814
316,235,1693605,20815
71,72,1693677,20816
1514,81,1693758,20817
486,70,1693828,20818
379,34,1693862,20819
1927,53,1693915,20820
155,290,1694205,20821
133,66,1694271,20822
258,25,1694296,20823
303,99,1694395,20824
119,16,1694411,20825
116,3,1694414,20826
488,50,1694464,20827
2186,39,1694503,20828
3105,34,1694537,20829
252,71,1694608,20830
16,41,1694649,20831
1316,123,1694772,20832
574,7,1694779,20833
4071,1,1694780,20834
458,43,1694823,20835
148,45,1694868,20836
304,91,1694959,20837
531,54,1695013,20838
1435,49,1695062,20839
297,29,1695091,20840
12,246,1695337,20841
291,61,1695398,20842
312,24,1695422,20843
2877,229,1695651,20844
345,129,1695780,20845
2639,95,1695875,20846
157,26,1695901,20847
3410,120,1696021,20848
20,24,1696045,20849
189,25,1696070,20850
2442,76,1696146,20851
171,50,1696196,20852
115,12,1696208,20853
422,19,1696227,20854
1564,23,1696250,20855
205,71,1696321,20856
279,98,1696419,20857
151,72,1696491,20858
85,35,1696526,20859
98,5,1696531,20860
229,4,1696535,20861
332,92,1696627,20862
64,99,1696726,20863
352,38,1696764,20864
68,52,1696816,20865
233,1,1696817,20866
11,100,1696917,20867
421,341,1697258,20868
207,61,1697319,20869
2416,117,1697436,20870
1365,25,1697461,20871
168,251,1697712,20872
91,6,1697718,20873
575,80,1697798,20874
112,41,1697839,20875
509,35,1697874,20876
18,15,1697889,20877
581,75,1697964,20878
1059,82,1698046,20879
3484,257,1698303,20880
204,61,1698364,20881
323,19,1698383,20882
18,127,1698510,20883
378,124,1698634,20884
576,29,1698663,20885
145,141,1698804,20886
136,5,1698809,20887
393,7,1698816,20888
422,49,1698865,20889
2036,49,1698914,20890
88,48,1698962,20891
3027,8,1698970,20892
32,28,1698998,20893
131,13,1699011,20894
560,102,1699113,20895
434,21,1699134,20896
286,35,1699169,20897
1118,102,1699271,20898
314,58,1699329,20899
173,4,1699333,20900
22,54,1699387,20901
147,209,1699596,20902
1998,217,1699813,20903
15,71,1699884,20904
503,204,1700088,20905
4043,55,1700143,20906
3738,85,1700228,20907
129,124,1700352,20908
3347,2,1700354,20909
14,101,1700455,20910
312,51,1700506,20911
139,12,1700518,20912
12,129,1700647,20913
1375,3,1700650,20914
98,1,1700651,20915
286,23,1700674,20916
470,8,1700682,20917
2881,91,1700773,20918
26,134,1700907,20919
152,114,1701021,20920
325,14,1701035,20921
350,42,1701077,20922
301,36,1701113,20923
192,5,1701118,20924
115,33,1701151,20925
127,72,1701223,20926
373,36,1701259,20927
272,274,1701533,20928
486,130,1701663,20929
925,32,1701695,20930
239,49,1701744,20931
137,6,1701750,20932
356,106,1701856,20933
91,126,1701982,20934
360,112,1702094,20935
310,170,1702264,20936
2667,87,1702351,20937
266,297,1702648,20938
135,86,1702734,20939
350,67,1702801,20940
127,53,1702854,20941
126,23,1702877,20942
634,166,1703043,20943
4072,78,1703121,20944
542,88,1703209,20945
114,25,1703234,20946
390,61,1703295,20947
204,9,1703304,20948
224,3,1703307,20949
199,2,1703309,20950
1470,181,1703490,20951
258,15,1703505,20952
205,88,1703593,20953
1423,258,1703851,20954
13,433,1704284,20955
242,75,1704359,20956
53,512,1704871,20957
31,141,1705012,20958
384,88,1705100,20959
318,355,1705455,20960
145,73,1705528,20961
145,52,1705580,20962
512,2,1705582,20963
4078,76,1705658,20964
3344,48,1705706,20965
517,4,1705710,20966
322,104,1705814,20967
2941,72,1705886,20968
565,48,1705934,20969
10,44,1705978,20970
29,203,1706181,20971
370,90,1706271,20972
168,111,1706382,20973
2605,276,1706658,20974
592,4,1706662,20975
81,10,1706672,20976
135,119,1706791,20977
2118,44,1706835,20978
106,51,1706886,20979
383,143,1707029,20980
45,29,1707058,20981
406,133,1707191,20982
3613,138,1707329,20983
117,107,1707436,20984
207,41,1707477,20985
983,102,1707579,20986
120,265,1707844,20987
1862,17,1707861,20988
4023,4,1707865,20989
525,207,1708072,20990
137,76,1708148,20991
135,52,1708200,20992
109,42,1708242,20993
116,19,1708261,20994
619,31,1708292,20995
925,170,1708462,20996
251,195,1708657,20997
1637,161,1708818,20998
186,222,1709040,20999
1417,19,1709059,21000
252,85,1709144,21001
13,52,1709196,21002
204,136,1709332,21003
155,64,1709396,21004
2359,82,1709478,21005
2486,63,1709541,21006
2908,93,1709634,21007
120,24,1709658,21008
4040,62,1709720,21009
57,115,1709835,21010
907,190,1710025,21011
1985,21,1710046,21012
396,20,1710066,21013
651,10,1710076,21014
533,10,1710086,21015
237,1,1710087,21016
342,223,1710310,21017
35,3,1710313,21018
986,48,1710361,21019
1142,10,1710371,21020
90,14,1710385,21021
132,245,1710630,21022
118,6,1710636,21023
2643,15,1710651,21024
179,93,1710744,21025
386,6,1710750,21026
331,63,1710813,21027
172,165,1710978,21028
79,29,1711007,21029
1056,26,1711033,21030
4029,218,1711251,21031
342,4,1711255,21032
126,293,1711548,21033
378,98,1711646,21034
213,111,1711757,21035
62,168,1711925,21036
233,9,1711934,21037
2060,146,1712080,21038
277,161,1712241,21039
119,23,1712264,21040
1127,115,1712379,21041
571,86,1712465,21042
19,104,1712569,21043
356,9,1712578,21044
307,9,1712587,21045
978,26,1712613,21046
87,63,1712676,21047
939,40,1712716,21048
311,10,1712726,21049
482,109,1712835,21050
343,39,1712874,21051
17,16,1712890,21052
229,153,1713043,21053
436,31,1713074,21054
73,35,1713109,21055
139,89,1713198,21056
342,7,1713205,21057
183,41,1713246,21058
426,76,1713322,21059
537,15,1713337,21060
9,4,1713341,21061
199,63,1713404,21062
310,56,1713460,21063
268,68,1713528,21064
2718,92,1713620,21065
398,201,1713821,21066
303,82,1713903,21067
3663,9,1713912,21068
138,154,1714066,21069
190,129,1714195,21070
140,80,1714275,21071
3132,35,1714310,21072
141,17,1714327,21073
14,62,1714389,21074
308,189,1714578,21075
168,19,1714597,21076
370,54,1714651,21077
181,5,1714656,21078
56,70,1714726,21079
11,74,1714800,21080
2899,106,1714906,21081
1401,5,1714911,21082
30,414,1715325,21083
122,31,1715356,21084
369,153,1715509,21085
110,121,1715630,21086
245,41,1715671,21087
1406,156,1715827,21088
2429,118,1715945,21089
140,70,1716015,21090
435,26,1716041,21091
283,141,1716182,21092
277,225,1716407,21093
79,184,1716591,21094
386,177,1716768,21095
1829,16,1716784,21096
279,638,1717422,21097
3358,1,1717423,21098
190,171,1717594,21099
123,95,1717689,21100
273,119,1717808,21101
612,49,1717857,21102
61,32,1717889,21103
3810,7,1717896,21104
1828,101,1717997,21105
1423,195,1718192,21106
123,60,1718252,21107
1142,35,1718287,21108
354,60,1718347,21109
456,278,1718625,21110
1241,289,1718914,21111
276,25,1718939,21112
2072,45,1718984,21113
264,48,1719032,21114
353,59,1719091,21115
20,116,1719207,21116
318,4,1719211,21117
194,31,1719242,21118
125,63,1719305,21119
81,13,1719318,21120
35,73,1719391,21121
3583,44,1719435,21122
52,21,1719456,21123
81,3,1719459,21124
1087,180,1719639,21125
313,154,1719793,21126
127,62,1719855,21127
3443,35,1719890,21128
94,62,1719952,21129
212,31,1719983,21130
16,48,1720031,21131
194,47,1720078,21132
138,102,1720180,21133
3653,4,1720184,21134
51,89,1720273,21135
162,6,1720279,21136
126,99,1720378,21137
203,68,1720446,21138
115,213,1720659,21139
257,31,1720690,21140
264,67,1720757,21141
1235,144,1720901,21142
1485,9,1720910,21143
236,2,1720912,21144
172,35,1720947,21145
3967,63,1721010,21146
17,27,1721037,21147
135,75,1721112,21148
150,51,1721163,21149
9,319,1721482,21150
148,52,1721534,21151
615,6,1721540,21152
37,75,1721615,21153
1194,38,1721653,21154
263,103,1721756,21155
2251,49,1721805,21156
341,43,1721848,21157
160,80,1721928,21158
24,240,1722168,21159
137,53,1722221,21160
435,187,1722408,21161
3882,205,1722613,21162
75,116,1722729,21163
83,97,1722826,21164
14,1,1722827,21165
110,13,1722840,21166
148,183,1723023,21167
290,69,1723092,21168
156,231,1723323,21169
368,88,1723411,21170
37,72,1723483,21171
626,74,1723557,21172
111,5,1723562,21173
1879,68,1723630,21174
307,25,1723655,21175
472,107,1723762,21176
3033,59,1723821,21177
425,8,1723829,21178
19,202,1724031,21179
228,18,1724049,21180
213,3,1724052,21181
252,64,1724116,21182
347,19,1724135,21183
276,13,1724148,21184
384,149,1724297,21185
384,250,1724547,21186
278,226,1724773,21187
47,192,1724965,21188
156,79,1725044,21189
2153,161,1725205,21190
377,111,1725316,21191
328,87,1725403,21192
467,6,1725409,21193
141,26,1725435,21194
368,6,1725441,21195
246,35,1725476,21196
46,157,1725633,21197
110,149,1725782,21198
98,106,1725888,21199
119,3,1725891,21200
244,230,1726121,21201
315,25,1726146,21202
109,435,1726581,21203
1576,168,1726749,21204
968,8,1726757,21205
131,68,1726825,21206
10,221,1727046,21207
70,79,1727125,21208
125,19,1727144,21209
350,248,1727392,21210
65,141,1727533,21211
1032,31,1727564,21212
156,122,1727686,21213
276,101,1727787,21214
290,12,1727799,21215
382,121,1727920,21216
406,67,1727987,21217
1730,189,1728176,21218
3271,43,1728219,21219
324,237,1728456,21220
291,28,1728484,21221
393,142,1728626,21222
503,126,1728752,21223
13,18,1728770,21224
270,50,1728820,21225
2236,6,1728826,21226
178,114,1728940,21227
319,33,1728973,21228
1102,78,1729051,21229
1465,17,1729068,21230
141,7,1729075,21231
186,330,1729405,21232
612,44,1729449,21233
164,13,1729462,21234
265,129,1729591,21235
38,40,1729631,21236
150,61,1729692,21237
1217,48,1729740,21238
194,19,1729759,21239
2728,22,1729781,21240
3869,11,1729792,21241
1166,28,1729820,21242
171,55,1729875,21243
3424,16,1729891,21244
776,68,1729959,21245
540,9,1729968,21246
110,320,1730288,21247
674,3,1730291,21248
140,65,1730356,21249
172,119,1730475,21250
233,133,1730608,21251
304,34,1730642,21252
124,266,1730908,21253
420,6,1730914,21254
126,42,1730956,21255
411,39,1730995,21256
2686,40,1731035,21257
1965,107,1731142,21258
1171,117,1731259,21259
13,37,1731296,21260
307,9,1731305,21261
112,6,1731311,21262
309,49,1731360,21263
23,50,1731410,21264
18,65,1731475,21265
288,188,1731663,21266
238,3,1731666,21267
110,15,1731681,21268
76,88,1731769,21269
633,3,1731772,21270
640,83,1731855,21271
163,123,1731978,21272
3313,53,1732031,21273
167,66,1732097,21274
263,117,1732214,21275
16,49,1732263,21276
294,34,1732297,21277
854,44,1732341,21278
246,10,1732351,21279
322,42,1732393,21280
148,75,1732468,21281
55,57,1732525,21282
150,63,1732588,21283
1557,155,1732743,21284
2425,47,1732790,21285
136,104,1732894,21286
32,30,1732924,21287
3434,35,1732959,21288
322,184,1733143,21289
1057,64,1733207,21290
322,104,1733311,21291
1735,171,1733482,21292
3053,3,1733485,21293
191,117,1733602,21294
75,23,1733625,21295
338,109,1733734,21296
796,60,1733794,21297
4055,80,1733874,21298
1354,7,1733881,21299
1080,51,1733932,21300
10,51,1733983,21301
26,17,1734000,21302
2603,33,1734033,21303
322,13,1734046,21304
227,25,1734071,21305
24,87,1734158,21306
1363,83,1734241,21307
1912,148,1734389,21308
138,58,1734447,21309
2328,7,1734454,21310
335,22,1734476,21311
67,81,1734557,21312
2127,18,1734575,21313
358,162,1734737,21314
2164,91,1734828,21315
600,31,1734859,21316
788,87,1734946,21317
255,57,1735003,21318
126,24,1735027,21319
246,55,1735082,21320
303,158,1735240,21321
426,45,1735285,21322
340,55,1735340,21323
172,28,1735368,21324
3787,508,1735876,21325
168,39,1735915,21326
3562,271,1736186,21327
289,78,1736264,21328
103,104,1736368,21329
1529,82,1736450,21330
1566,23,1736473,21331
158,95,1736568,21332
161,45,1736613,21333
124,124,1736737,21334
197,87,1736824,21335
251,16,1736840,21336
137,44,1736884,21337
401,79,1736963,21338
783,22,1736985,21339
22,89,1737074,21340
15,184,1737258,21341
834,23,1737281,21342
504,38,1737319,21343
126,48,1737367,21344
48,176,1737543,21345
16,167,1737710,21346
31,11,1737721,21347
1944,50,1737771,21348
149,35,1737806,21349
517,9,1737815,21350
212,172,1737987,21351
133,108,1738095,21352
352,215,1738310,21353
152,93,1738403,21354
2881,111,1738514,21355
451,30,1738544,21356
321,1,1738545,21357
1841,97,1738642,21358
55,96,1738738,21359
15,115,1738853,21360
342,571,1739424,21361
600,65,1739489,21362
196,61,1739550,21363
171,218,1739768,21364
2288,135,1739903,21365
163,127,1740030,21366
227,91,1740121,21367
115,28,1740149,21368
1678,5,1740154,21369
473,282,1740436,21370
17,3,1740439,21371
153,30,1740469,21372
267,5,1740474,21373
316,143,1740617,21374
12,101,1740718,21375
355,14,1740732,21376
122,125,1740857,21377
132,178,1741035,21378
1177,9,1741044,21379
3720,76,1741120,21380
148,26,1741146,21381
92,183,1741329,21382
12,105,1741434,21383
2830,127,1741561,21384
383,211,1741772,21385
3745,10,1741782,21386
297,22,1741804,21387
429,85,1741889,21388
288,23,1741912,21389
2269,79,1741991,21390
616,28,1742019,21391
115,10,1742029,21392
513,92,1742121,21393
275,29,1742150,21394
3407,81,1742231,21395
111,15,1742246,21396
88,29,1742275,21397
328,84,1742359,21398
774,73,1742432,21399
3200,250,1742682,21400
144,17,1742699,21401
131,24,1742723,21402
2974,86,1742809,21403
772,56,1742865,21404
223,43,1742908,21405
144,129,1743037,21406
336,198,1743235,21407
9,48,1743283,21408
394,93,1743376,21409
152,50,1743426,21410
505,161,1743587,21411
509,49,1743636,21412
619,23,1743659,21413
471,107,1743766,21414
138,21,1743787,21415
16,145,1743932,21416
2979,50,1743982,21417
133,3,1743985,21418
418,150,1744135,21419
13,23,1744158,21420
66,16,1744174,21421
1870,48,1744222,21422
330,93,1744315,21423
36,355,1744670,21424
3360,42,1744712,21425
358,13,1744725,21426
1405,139,1744864,21427
32,28,1744892,21428
292,36,1744928,21429
129,16,1744944,21430
285,47,1744991,21431
33,11,1745002,21432
218,2,1745004,21433
263,7,1745011,21434
1749,367,1745378,21435
3525,102,1745480,21436
594,22,1745502,21437
11,187,1745689,21438
321,3,1745692,21439
4056,30,1745722,21440
205,12,1745734,21441
820,81,1745815,21442
3616,25,1745840,21443
1524,55,1745895,21444
422,57,1745952,21445
3629,34,1745986,21446
2448,86,1746072,21447
116,142,1746214,21448
190,43,1746257,21449
340,59,1746316,21450
2619,14,1746330,21451
169,136,1746466,21452
180,4,1746470,21453
188,17,1746487,21454
16,8,1746495,21455
125,170,1746665,21456
2323,56,1746721,21457
534,40,1746761,21458
158,49,1746810,21459
392,18,1746828,21460
135,102,1746930,21461
117,232,1747162,21462
152,479,1747641,21463
37,105,1747746,21464
321,50,1747796,21465
132,215,1748011,21466
1476,43,1748054,21467
129,12,1748066,21468
274,246,1748312,21469
159,18,1748330,21470
489,148,1748478,21471
180,99,1748577,21472
214,27,1748604,21473
317,24,1748628,21474
229,92,1748720,21475
3686,4,1748724,21476
255,16,1748740,21477
483,132,1748872,21478
248,276,1749148,21479
294,36,1749184,21480
484,29,1749213,21481
4050,17,1749230,21482
58,45,1749275,21483
639,146,1749421,21484
3695,69,1749490,21485
289,68,1749558,21486
155,140,1749698,21487
255,82,1749780,21488
3650,17,1749797,21489
13,222,1750019,21490
290,33,1750052,21491
431,24,1750076,21492
562,32,1750108,21493
3901,103,1750211,21494
115,59,1750270,21495
3694,43,1750313,21496
375,69,1750382,21497
34,13,1750395,21498
185,22,1750417,21499
112,26,1750443,21500
10,17,1750460,21501
1974,117,1750577,21502
19,184,1750761,21503
389,42,1750803,21504
112,114,1750917,21505
103,88,1751005,21506
327,140,1751145,21507
209,161,1751306,21508
278,61,1751367,21509
2103,113,1751480,21510
212,81,1751561,21511
264,16,1751577,21512
312,6,1751583,21513
3597,33,1751616,21514
293,34,1751650,21515
94,87,1751737,21516
537,160,1751897,21517
176,100,1751997,21518
3868,86,1752083,21519
104,77,1752160,21520
213,55,1752215,21521
1671,3,1752218,21522
65,5,1752223,21523
2901,23,1752246,21524
996,127,1752373,21525
10,15,1752388,21526
125,12,1752400,21527
274,122,1752522,21528
111,49,1752571,21529
157,133,1752704,21530
3494,41,1752745,21531
137,44,1752789,21532
2824,116,1752905,21533
303,100,1753005,21534
177,64,1753069,21535
51,186,1753255,21536
125,14,1753269,21537
1775,143,1753412,21538
327,471,1753883,21539
4036,19,1753902,21540
39,4,1753906,21541
3331,12,1753918,21542
1291,131,1754049,21543
190,686,1754735,21544
11,40,1754775,21545
330,16,1754791,21546
814,82,1754873,21547
1591,40,1754913,21548
255,1,1754914,21549
13,10,1754924,21550
147,29,1754953,21551
1147,59,1755012,21552
411,12,1755024,21553
452,201,1755225,21554
489,4,1755229,21555
1377,37,1755266,21556
16,201,1755467,21557
101,80,1755547,21558
425,174,1755721,21559
16,177,1755898,21560
75,30,1755928,21561
391,2,1755930,21562
129,148,1756078,21563
493,187,1756265,21564
182,130,1756395,21565
167,52,1756447,21566
582,74,1756521,21567
288,133,1756654,21568
293,39,1756693,21569
3019,9,1756702,21570
1845,3,1756705,21571
106,57,1756762,21572
580,126,1756888,21573
76,29,1756917,21574
275,136,1757053,21575
13,344,1757397,21576
181,100,1757497,21577
1135,72,1757569,21578
419,89,1757658,21579
221,24,1757682,21580
17,110,1757792,21581
335,215,1758007,21582
173,24,1758031,21583
241,18,1758049,21584
1676,10,1758059,21585
439,33,1758092,21586
502,94,1758186,21587
2803,231,1758417,21588
16,36,1758453,21589
31,59,1758512,21590
3256,76,1758588,21591
3487,189,1758777,21592
285,12,1758789,21593
46,10,1758799,21594
274,71,1758870,21595
194,108,1758978,21596
68,102,1759080,21597
860,142,1759222,21598
530,13,1759235,21599
625,11,1759246,21600
278,29,1759275,21601
2380,21,1759296,21602
2729,35,1759331,21603
2936,77,1759408,21604
36,195,1759603,21605
258,130,1759733,21606
3684,8,1759741,21607
2625,19,1759760,21608
3128,361,1760121,21609
51,168,1760289,21610
229,18,1760307,21611
958,30,1760337,21612
3433,1,1760338,21613
1349,34,1760372,21614
1902,38,1760410,21615
14,30,1760440,21616
129,171,1760611,21617
157,148,1760759,21618
172,25,1760784,21619
185,7,1760791,21620
80,182,1760973,21621
183,13,1760986,21622
104,48,1761034,21623
1418,48,1761082,21624
150,54,1761136,21625
277,88,1761224,21626
119,32,1761256,21627
158,62,1761318,21628
141,106,1761424,21629
222,85,1761509,21630
319,156,1761665,21631
412,31,1761696,21632
178,89,1761785,21633
3321,61,1761846,21634
536,18,1761864,21635
269,14,1761878,21636
141,54,1761932,21637
145,6,1761938,21638
2458,56,1761994,21639
3902,20,1762014,21640
325,95,1762109,21641
239,19,1762128,21642
156,5,1762133,21643
163,205,1762338,21644
481,17,1762355,21645
11,60,1762415,21646
298,45,1762460,21647
98,9,1762469,21648
321,2,1762471,21649
433,24,1762495,21650
299,72,1762567,21651
1660,70,1762637,21652
730,124,1762761,21653
1561,113,1762874,21654
91,53,1762927,21655
428,8,1762935,21656
476,147,1763082,21657
479,96,1763178,21658
2689,68,1763246,21659
15,34,1763280,21660
182,110,1763390,21661
439,58,1763448,21662
127,114,1763562,21663
544,130,1763692,21664
1670,326,1764018,21665
116,18,1764036,21666
231,2,1764038,21667
461,127,1764165,21668
307,69,1764234,21669
3381,2,1764236,21670
219,158,1764394,21671
1434,196,1764590,21672
996,14,1764604,21673
3389,26,1764630,21674
285,205,1764835,21675
258,7,1764842,21676
240,99,1764941,21677
194,266,1765207,21678
2127,5,1765212,21679
3045,28,1765240,21680
1663,55,1765295,21681
149,9,1765304,21682
28,76,1765380,21683
250,65,1765445,21684
175,447,1765892,21685
154,46,1765938,21686
1752,115,1766053,21687
351,95,1766148,21688
2609,77,1766225,21689
203,112,1766337,21690
2739,19,1766356,21691
309,13,1766369,21692
603,437,1766806,21693
580,26,1766832,21694
1027,186,1767018,21695
315,67,1767085,21696
251,169,1767254,21697
361,108,1767362,21698
121,105,1767467,21699
175,49,1767516,21700
156,24,1767540,21701
2828,75,1767615,21702
321,113,1767728,21703
144,26,1767754,21704
2468,104,1767858,21705
513,46,1767904,21706
108,100,1768004,21707
349,32,1768036,21708
409,183,1768219,21709
484,52,1768271,21710
99,23,1768294,21711
38,170,1768464,21712
328,99,1768563,21713
400,12,1768575,21714
264,35,1768610,21715
122,134,1768744,21716
2282,4,1768748,21717
427,56,1768804,21718
130,142,1768946,21719
240,34,1768980,21720
126,118,1769098,21721
201,110,1769208,21722
1657,76,1769284,21723
121,69,1769353,21724
335,6,1769359,21725
105,40,1769399,21726
475,21,1769420,21727
371,71,1769491,21728
111,4,1769495,21729
347,30,1769525,21730
3677,64,1769589,21731
441,36,1769625,21732
2647,42,1769667,21733
300,145,1769812,21734
140,120,1769932,21735
474,17,1769949,21736
2958,132,1770081,21737
2374,71,1770152,21738
212,2,1770154,21739
117,9,1770163,21740
174,82,1770245,21741
140,74,1770319,21742
91,46,1770365,21743
2141,70,1770435,21744
195,244,1770679,21745
3650,33,1770712,21746
164,60,1770772,21747
93,228,1771000,21748
427,31,1771031,21749
564,15,1771046,21750
3695,110,1771156,21751
68,33,1771189,21752
1563,156,1771345,21753
15,14,1771359,21754
405,308,1771667,21755
689,30,1771697,21756
11,126,1771823,21757
2930,19,1771842,21758
896,60,1771902,21759
2169,16,1771918,21760
343,41,1771959,21761
1904,97,1772056,21762
32,31,1772087,21763
533,10,1772097,21764
315,117,1772214,21765
163,108,1772322,21766
590,89,1772411,21767
320,374,1772785,21768
3427,5,1772790,21769
26,181,1772971,21770
214,119,1773090,21771
486,9,1773099,21772
23,16,1773115,21773
2721,33,1773148,21774
195,10,1773158,21775
153,7,1773165,21776
1658,65,1773230,21777
3319,11,1773241,21778
505,45,1773286,21779
1176,57,1773343,21780
316,202,1773545,21781
129,90,1773635,21782
1941,7,1773642,21783
566,187,1773829,21784
73,104,1773933,21785
228,33,1773966,21786
175,33,1773999,21787
226,40,1774039,21788
311,81,1774120,21789
136,35,1774155,21790
347,3,1774158,21791
671,48,1774206,21792
342,14,1774220,21793
185,23,1774243,21794
115,89,1774332,21795
2425,261,1774593,21796
3769,37,1774630,21797
1658,7,1774637,21798
326,278,1774915,21799
3214,68,1774983,21800
2575,5,1774988,21801
131,128,1775116,21802
149,39,1775155,21803
229,54,1775209,21804
669,85,1775294,21805
364,199,1775493,21806
58,54,1775547,21807
148,25,1775572,21808
203,20,1775592,21809
213,104,1775696,21810
3544,161,1775857,21811
105,15,1775872,21812
304,9,1775881,21813
327,12,1775893,21814
2408,1,1775894,21815
24,159,1776053,21816
383,54,1776107,21817
3330,93,1776200,21818
90,32,1776232,21819
31,139,1776371,21820
1380,230,1776601,21821
205,15,1776616,21822
118,44,1776660,21823
17,52,1776712,21824
401,13,1776725,21825
190,352,1777077,21826
1748,104,1777181,21827
2156,64,1777245,21828
502,105,1777350,21829
140,207,1777557,21830
322,51,1777608,21831
240,147,1777755,21832
87,207,1777962,21833
30,56,1778018,21834
188,87,1778105,21835
281,19,1778124,21836
2682,15,1778139,21837
422,16,1778155,21838
131,282,1778437,21839
250,11,1778448,21840
1111,99,1778547,21841
12,55,1778602,21842
1749,504,1779106,21843
25,52,1779158,21844
661,47,1779205,21845
3914,64,1779269,21846
166,37,1779306,21847
3650,45,1779351,21848
256,146,1779497,21849
148,289,1779786,21850
2765,8,1779794,21851
59,16,1779810,21852
3972,93,1779903,21853
2009,50,1779953,21854
711,65,1780018,21855
115,58,1780076,21856
919,6,1780082,21857
260,154,1780236,21858
236,147,1780383,21859
3684,40,1780423,21860
305,54,1780477,21861
1769,59,1780536,21862
195,46,1780582,21863
543,126,1780708,21864
118,38,1780746,21865
524,8,1780754,21866
319,247,1781001,21867
2354,45,1781046,21868
1341,31,1781077,21869
311,39,1781116,21870
58,72,1781188,21871
113,95,1781283,21872
895,50,1781333,21873
213,29,1781362,21874
316,61,1781423,21875
286,72,1781495,21876
432,18,1781513,21877
107,152,1781665,21878
228,147,1781812,21879
305,57,1781869,21880
789,67,1781936,21881
252,134,1782070,21882
96,161,1782231,21883
4080,4,1782235,21884
3203,78,1782313,21885
1865,73,1782386,21886
13,97,1782483,21887
126,26,1782509,21888
971,62,1782571,21889
149,113,1782684,21890
292,15,1782699,21891
22,235,1782934,21892
390,6,1782940,21893
14,109,1783049,21894
421,28,1783077,21895
124,16,1783093,21896
263,30,1783123,21897
633,8,1783131,21898
294,130,1783261,21899
225,38,1783299,21900
1780,164,1783463,21901
47,187,1783650,21902
46,74,1783724,21903
725,100,1783824,21904
405,45,1783869,21905
115,433,1784302,21906
335,77,1784379,21907
534,83,1784462,21908
2940,38,1784500,21909
292,18,1784518,21910
177,28,1784546,21911
172,15,1784561,21912
134,24,1784585,21913
453,590,1785175,21914
718,75,1785250,21915
14,15,1785265,21916
1865,198,1785463,21917
355,49,1785512,21918
377,41,1785553,21919
1535,105,1785658,21920
2288,55,1785713,21921
1415,159,1785872,21922
246,143,1786015,21923
1572,14,1786029,21924
338,59,1786088,21925
543,85,1786173,21926
644,152,1786325,21927
10,105,1786430,21928
374,6,1786436,21929
386,10,1786446,21930
3215,188,1786634,21931
195,136,1786770,21932
3195,121,1786891,21933
293,192,1787083,21934
43,109,1787192,21935
148,40,1787232,21936
10,79,1787311,21937
26,21,1787332,21938
91,186,1787518,21939
563,133,1787651,21940
1972,67,1787718,21941
14,2,1787720,21942
417,21,1787741,21943
146,97,1787838,21944
653,46,1787884,21945
403,66,1787950,21946
491,197,1788147,21947
19,2,1788149,21948
444,49,1788198,21949
11,151,1788349,21950
133,122,1788471,21951
94,90,1788561,21952
1560,163,1788724,21953
506,112,1788836,21954
109,31,1788867,21955
676,131,1788998,21956
94,46,1789044,21957
3921,53,1789097,21958
335,401,1789498,21959
28,3,1789501,21960
110,90,1789591,21961
161,358,1789949,21962
621,6,1789955,21963
231,46,1790001,21964
306,104,1790105,21965
1291,150,1790255,21966
16,48,1790303,21967
208,75,1790378,21968
234,19,1790397,21969
271,34,1790431,21970
354,155,1790586,21971
108,15,1790601,21972
16,34,1790635,21973
363,26,1790661,21974
439,9,1790670,21975
699,30,1790700,21976
122,161,1790861,21977
339,15,1790876,21978
70,2,1790878,21979
3127,32,1790910,21980
26,29,1790939,21981
103,35,1790974,21982
1269,238,1791212,21983
77,315,1791527,21984
228,34,1791561,21985
215,47,1791608,21986
532,15,1791623,21987
73,6,1791629,21988
3962,70,1791699,21989
3292,14,1791713,21990
184,89,1791802,21991
66,66,1791868,21992
141,3,1791871,21993
179,14,1791885,21994
165,3,1791888,21995
590,148,1792036,21996
109,6,1792042,21997
4038,125,1792167,21998
595,184,1792351,21999
3035,68,1792419,22000
419,57,1792476,22001
16,31,1792507,22002
736,34,1792541,22003
3186,62,1792603,22004
3783,199,1792802,22005
204,103,1792905,22006
3187,22,1792927,22007
49,41,1792968,22008
296,87,1793055,22009
354,14,1793069,22010
2056,41,1793110,22011
16,57,1793167,22012
86,12,1793179,22013
283,33,1793212,22014
2364,106,1793318,22015
389,27,1793345,22016
109,160,1793505,22017
361,17,1793522,22018
300,34,1793556,22019
2776,22,1793578,22020
3704,23,1793601,22021
113,30,1793631,22022
362,43,1793674,22023
517,58,1793732,22024
105,6,1793738,22025
552,87,1793825,22026
10,69,1793894,22027
273,52,1793946,22028
433,30,1793976,22029
9,105,1794081,22030
1799,115,1794196,22031
30,77,1794273,22032
102,42,1794315,22033
13,55,1794370,22034
152,32,1794402,22035
324,144,1794546,22036
653,80,1794626,22037
118,67,1794693,22038
165,139,1794832,22039
286,71,1794903,22040
220,60,1794963,22041
13,17,1794980,22042
534,106,1795086,22043
2018,30,1795116,22044
218,35,1795151,22045
3834,35,1795186,22046
2417,129,1795315,22047
112,88,1795403,22048
169,27,1795430,22049
342,295,1795725,22050
17,34,1795759,22051
279,63,1795822,22052
170,85,1795907,22053
1647,64,1795971,22054
18,6,1795977,22055
3720,7,1795984,22056
173,57,1796041,22057
575,145,1796186,22058
3116,43,1796229,22059
184,7,1796236,22060
319,12,1796248,22061
4072,13,1796261,22062
469,73,1796334,22063
312,8,1796342,22064
405,232,1796574,22065
339,67,1796641,22066
1064,320,1796961,22067
3326,111,1797072,22068
345,85,1797157,22069
110,28,1797185,22070
2190,86,1797271,22071
254,70,1797341,22072
156,108,1797449,22073
516,56,1797505,22074
285,12,1797517,22075
135,2,1797519,22076
3310,90,1797609,22077
206,112,1797721,22078
350,36,1797757,22079
1417,28,1797785,22080
408,30,1797815,22081
172,65,1797880,22082
87,37,1797917,22083
592,30,1797947,22084
342,3,1797950,22085
10,28,1797978,22086
2909,59,1798037,22087
146,45,1798082,22088
963,1,1798083,22089
380,128,1798211,22090
281,112,1798323,22091
208,11,1798334,22092
254,20,1798354,22093
78,72,1798426,22094
1691,74,1798500,22095
444,84,1798584,22096
235,89,1798673,22097
165,31,1798704,22098
80,95,1798799,22099
451,15,1798814,22100
401,62,1798876,22101
13,76,1798952,22102
2882,20,1798972,22103
185,564,1799536,22104
303,129,1799665,22105
1760,11,1799676,22106
12,181,1799857,22107
391,187,1800044,22108
140,10,1800054,22109
2310,45,1800099,22110
146,116,1800215,22111
67,21,1800236,22112
304,72,1800308,22113
181,47,1800355,22114
29,138,1800493,22115
503,64,1800557,22116
322,187,1800744,22117
197,100,1800844,22118
16,40,1800884,22119
30,74,1800958,22120
2059,424,1801382,22121
100,6,1801388,22122
306,185,1801573,22123
112,34,1801607,22124
113,75,1801682,22125
564,27,1801709,22126
685,139,1801848,22127
3373,296,1802144,22128
138,137,1802281,22129
3196,53,1802334,22130
1468,93,1802427,22131
2876,103,1802530,22132
1334,101,1802631,22133
134,207,1802838,22134
195,169,1803007,22135
86,143,1803150,22136
272,161,1803311,22137
3336,97,1803408,22138
122,13,1803421,22139
656,121,1803542,22140
224,69,1803611,22141
179,59,1803670,22142
137,12,1803682,22143
121,13,1803695,22144
55,4,1803699,22145
102,15,1803714,22146
121,115,1803829,22147
154,93,1803922,22148
227,130,1804052,22149
793,194,1804246,22150
154,123,1804369,22151
126,33,1804402,22152
416,64,1804466,22153
492,55,1804521,22154
116,2,1804523,22155
509,49,1804572,22156
833,70,1804642,22157
141,81,1804723,22158
101,11,1804734,22159
73,28,1804762,22160
130,76,1804838,22161
560,68,1804906,22162
334,91,1804997,22163
15,44,1805041,22164
2367,66,1805107,22165
3197,21,1805128,22166
3155,89,1805217,22167
3753,86,1805303,22168
108,29,1805332,22169
31,135,1805467,22170
550,10,1805477,22171
98,25,1805502,22172
51,19,1805521,22173
14,187,1805708,22174
49,25,1805733,22175
83,53,1805786,22176
481,11,1805797,22177
566,40,1805837,22178
402,37,1805874,22179
3855,11,1805885,22180
16,195,1806080,22181
2399,9,1806089,22182
2470,113,1806202,22183
1120,5,1806207,22184
17,59,1806266,22185
145,25,1806291,22186
2202,78,1806369,22187
37,137,1806506,22188
17,50,1806556,22189
208,223,1806779,22190
279,73,1806852,22191
398,43,1806895,22192
2877,495,1807390,22193
223,43,1807433,22194
241,125,1807558,22195
2196,11,1807569,22196
503,4,1807573,22197
2523,50,1807623,22198
526,77,1807700,22199
777,47,1807747,22200
947,106,1807853,22201
171,73,1807926,22202
138,61,1807987,22203
1254,104,1808091,22204
319,53,1808144,22205
137,175,1808319,22206
135,38,1808357,22207
23,47,1808404,22208
171,18,1808422,22209
10,6,1808428,22210
62,338,1808766,22211
1917,65,1808831,22212
113,40,1808871,22213
161,10,1808881,22214
405,63,1808944,22215
568,83,1809027,22216
102,28,1809055,22217
372,173,1809228,22218
140,111,1809339,22219
2513,8,1809347,22220
1469,185,1809532,22221
98,157,1809689,22222
9,127,1809816,22223
387,116,1809932,22224
154,188,1810120,22225
352,7,1810127,22226
33,70,1810197,22227
288,67,1810264,22228
359,91,1810355,22229
301,142,1810497,22230
633,68,1810565,22231
250,37,1810602,22232
3152,71,1810673,22233
136,12,1810685,22234
28,27,1810712,22235
237,41,1810753,22236
311,17,1810770,22237
283,17,1810787,22238
178,2,1810789,22239
103,61,1810850,22240
375,35,1810885,22241
3408,9,1810894,22242
476,4,1810898,22243
75,24,1810922,22244
405,77,1810999,22245
3690,8,1811007,22246
36,19,1811026,22247
231,190,1811216,22248
14,137,1811353,22249
160,21,1811374,22250
369,73,1811447,22251
1459,80,1811527,22252
3444,84,1811611,22253
2741,174,1811785,22254
272,34,1811819,22255
112,82,1811901,22256
458,15,1811916,22257
340,15,1811931,22258
2896,99,1812030,22259
244,128,1812158,22260
231,51,1812209,22261
23,44,1812253,22262
318,44,1812297,22263
122,6,1812303,22264
355,36,1812339,22265
3691,23,1812362,22266
24,115,1812477,22267
14,133,1812610,22268
127,47,1812657,22269
642,54,1812711,22270
724,369,1813080,22271
382,12,1813092,22272
12,20,1813112,22273
447,317,1813429,22274
740,213,1813642,22275
219,25,1813667,22276
221,25,1813692,22277
326,352,1814044,22278
11,134,1814178,22279
1094,30,1814208,22280
21,99,1814307,22281
168,47,1814354,22282
3672,26,1814380,22283
118,129,1814509,22284
317,442,1814951,22285
161,25,1814976,22286
134,106,1815082,22287
108,1,1815083,22288
289,193,1815276,22289
34,51,1815327,22290
3809,84,1815411,22291
300,127,1815538,22292
74,29,1815567,22293
170,58,1815625,22294
740,21,1815646,22295
387,18,1815664,22296
29,376,1816040,22297
3119,13,1816053,22298
457,99,1816152,22299
850,79,1816231,22300
321,118,1816349,22301
89,76,1816425,22302
1702,33,1816458,22303
3542,130,1816588,22304
3286,63,1816651,22305
388,16,1816667,22306
2550,104,1816771,22307
111,109,1816880,22308
159,20,1816900,22309
215,7,1816907,22310
140,43,1816950,22311
440,204,1817154,22312
334,6,1817160,22313
134,47,1817207,22314
340,137,1817344,22315
132,109,1817453,22316
420,184,1817637,22317
182,227,1817864,22318
372,28,1817892,22319
592,25,1817917,22320
102,20,1817937,22321
152,69,1818006,22322
2475,4,1818010,22323
399,36,1818046,22324
1452,54,1818100,22325
181,62,1818162,22326
273,114,1818276,22327
168,282,1818558,22328
2975,248,1818806,22329
386,152,1818958,22330
3081,45,1819003,22331
85,30,1819033,22332
192,73,1819106,22333
277,66,1819172,22334
434,12,1819184,22335
119,36,1819220,22336
1356,7,1819227,22337
315,18,1819245,22338
315,33,1819278,22339
264,16,1819294,22340
333,480,1819774,22341
2125,128,1819902,22342
315,36,1819938,22343
3957,8,1819946,22344
2050,23,1819969,22345
289,56,1820025,22346
2311,9,1820034,22347
139,58,1820092,22348
204,34,1820126,22349
105,56,1820182,22350
238,98,1820280,22351
474,42,1820322,22352
48,155,1820477,22353
542,18,1820495,22354
344,136,1820631,22355
190,100,1820731,22356
297,4,1820735,22357
108,34,1820769,22358
1736,135,1820904,22359
248,186,1821090,22360
494,211,1821301,22361
279,206,1821507,22362
287,163,1821670,22363
10,70,1821740,22364
12,105,1821845,22365
264,232,1822077,22366
205,28,1822105,22367
347,87,1822192,22368
162,8,1822200,22369
160,108,1822308,22370
204,112,1822420,22371
167,174,1822594,22372
287,110,1822704,22373
159,17,1822721,22374
146,65,1822786,22375
1380,110,1822896,22376
212,54,1822950,22377
233,8,1822958,22378
365,4,1822962,22379
241,77,1823039,22380
123,124,1823163,22381
11,2,1823165,22382
239,129,1823294,22383
433,225,1823519,22384
331,139,1823658,22385
495,36,1823694,22386
690,44,1823738,22387
370,41,1823779,22388
356,21,1823800,22389
657,228,1824028,22390
133,56,1824084,22391
122,21,1824105,22392
13,71,1824176,22393
44,100,1824276,22394
19,107,1824383,22395
266,39,1824422,22396
165,169,1824591,22397
101,82,1824673,22398
384,77,1824750,22399
274,14,1824764,22400
24,233,1824997,22401
44,23,1825020,22402
342,28,1825048,22403
4024,40,1825088,22404
11,9,1825097,22405
13,106,1825203,22406
1134,17,1825220,22407
319,209,1825429,22408
130,34,1825463,22409
308,128,1825591,22410
892,91,1825682,22411
447,53,1825735,22412
3142,101,1825836,22413
805,31,1825867,22414
651,68,1825935,22415
84,123,1826058,22416
119,32,1826090,22417
200,182,1826272,22418
133,31,1826303,22419
476,53,1826356,22420
959,20,1826376,22421
46,27,1826403,22422
57,127,1826530,22423
164,10,1826540,22424
748,105,1826645,22425
13,11,1826656,22426
68,32,1826688,22427
274,29,1826717,22428
13,20,1826737,22429
252,194,1826931,22430
31,59,1826990,22431
225,65,1827055,22432
504,15,1827070,22433
381,36,1827106,22434
3327,40,1827146,22435
353,51,1827197,22436
10,81,1827278,22437
474,34,1827312,22438
51,34,1827346,22439
458,131,1827477,22440
397,157,1827634,22441
354,44,1827678,22442
381,7,1827685,22443
380,45,1827730,22444
175,50,1827780,22445
450,5,1827785,22446
177,64,1827849,22447
11,38,1827887,22448
13,47,1827934,22449
259,13,1827947,22450
95,90,1828037,22451
3388,63,1828100,22452
162,270,1828370,22453
432,90,1828460,22454
155,55,1828515,22455
295,102,1828617,22456
18,43,1828660,22457
93,50,1828710,22458
491,77,1828787,22459
135,20,1828807,22460
418,52,1828859,22461
368,57,1828916,22462
139,11,1828927,22463
175,1,1828928,22464
212,25,1828953,22465
336,93,1829046,22466
3355,58,1829104,22467
2820,92,1829196,22468
628,107,1829303,22469
2556,10,1829313,22470
362,122,1829435,22471
394,4,1829439,22472
461,32,1829471,22473
305,242,1829713,22474
607,78,1829791,22475
71,16,1829807,22476
89,9,1829816,22477
375,71,1829887,22478
3838,84,1829971,22479
11,87,1830058,22480
147,39,1830097,22481
289,47,1830144,22482
432,61,1830205,22483
128,35,1830240,22484
279,43,1830283,22485
223,86,1830369,22486
207,99,1830468,22487
13,8,1830476,22488
109,8,1830484,22489
15,13,1830497,22490
65,93,1830590,22491
2043,82,1830672,22492
811,145,1830817,22493
123,34,1830851,22494
27,2,1830853,22495
288,197,1831050,22496
449,54,1831104,22497
508,23,1831127,22498
417,27,1831154,22499
519,29,1831183,22500
252,68,1831251,22501
136,95,1831346,22502
129,80,1831426,22503
1310,54,1831480,22504
301,25,1831505,22505
141,105,1831610,22506
476,19,1831629,22507
174,11,1831640,22508
96,33,1831673,22509
158,51,1831724,22510
289,3,1831727,22511
1253,42,1831769,22512
369,28,1831797,22513
708,127,1831924,22514
332,63,1831987,22515
212,93,1832080,22516
353,15,1832095,22517
683,25,1832120,22518
3545,96,1832216,22519
241,19,1832235,22520
756,8,1832243,22521
119,70,1832313,22522
437,15,1832328,22523
2424,78,1832406,22524
392,49,1832455,22525
343,37,1832492,22526
18,44,1832536,22527
114,151,1832687,22528
335,74,1832761,22529
13,28,1832789,22530
2912,38,1832827,22531
3026,40,1832867,22532
176,298,1833165,22533
1874,59,1833224,22534
387,31,1833255,22535
449,35,1833290,22536
201,107,1833397,22537
579,6,1833403,22538
717,8,1833411,22539
293,1,1833412,22540
504,5,1833417,22541
815,56,1833473,22542
602,47,1833520,22543
27,250,1833770,22544
351,23,1833793,22545
3557,176,1833969,22546
55,23,1833992,22547
1393,10,1834002,22548
2239,99,1834101,22549
3626,70,1834171,22550
2419,14,1834185,22551
315,73,1834258,22552
286,50,1834308,22553
9,374,1834682,22554
32,192,1834874,22555
141,28,1834902,22556
314,86,1834988,22557
219,32,1835020,22558
2941,81,1835101,22559
3850,26,1835127,22560
154,17,1835144,22561
15,39,1835183,22562
403,112,1835295,22563
121,64,1835359,22564
222,55,1835414,22565
127,47,1835461,22566
937,113,1835574,22567
3927,1,1835575,22568
18,257,1835832,22569
314,113,1835945,22570
153,57,1836002,22571
14,227,1836229,22572
376,85,1836314,22573
312,39,1836353,22574
2176,183,1836536,22575
565,44,1836580,22576
58,84,1836664,22577
318,103,1836767,22578
41,47,1836814,22579
13,79,1836893,22580
347,164,1837057,22581
122,74,1837131,22582
103,30,1837161,22583
1329,14,1837175,22584
1923,219,1837394,22585
139,4,1837398,22586
3002,31,1837429,22587
162,84,1837513,22588
16,25,1837538,22589
288,22,1837560,22590
234,47,1837607,22591
120,38,1837645,22592
151,22,1837667,22593
154,213,1837880,22594
118,333,1838213,22595
224,121,1838334,22596
3323,4,1838338,22597
207,63,1838401,22598
3438,306,1838707,22599
185,108,1838815,22600
685,75,1838890,22601
3807,20,1838910,22602
3389,59,1838969,22603
312,121,1839090,22604
170,16,1839106,22605
210,60,1839166,22606
1315,22,1839188,22607
2242,116,1839304,22608
20,204,1839508,22609
131,58,1839566,22610
291,41,1839607,22611
379,2,1839609,22612
31,106,1839715,22613
194,28,1839743,22614
302,56,1839799,22615
115,60,1839859,22616
12,581,1840440,22617
402,55,1840495,22618
760,230,1840725,22619
534,9,1840734,22620
114,67,1840801,22621
165,41,1840842,22622
223,43,1840885,22623
3247,28,1840913,22624
140,73,1840986,22625
2454,7,1840993,22626
355,60,1841053,22627
19,154,1841207,22628
1970,15,1841222,22629
3525,157,1841379,22630
395,91,1841470,22631
268,121,1841591,22632
1196,3,1841594,22633
94,60,1841654,22634
141,173,1841827,22635
614,129,1841956,22636
82,18,1841974,22637
113,24,1841998,22638
3650,26,1842024,22639
309,156,1842180,22640
3901,199,1842379,22641
427,46,1842425,22642
773,51,1842476,22643
541,215,1842691,22644
105,186,1842877,22645
283,93,1842970,22646
156,25,1842995,22647
2977,78,1843073,22648
139,122,1843195,22649
374,39,1843234,22650
381,14,1843248,22651
259,9,1843257,22652
354,100,1843357,22653
150,43,1843400,22654
1829,88,1843488,22655
368,39,1843527,22656
693,420,1843947,22657
15,33,1843980,22658
22,16,1843996,22659
27,87,1844083,22660
564,15,1844098,22661
74,123,1844221,22662
3589,4,1844225,22663
117,165,1844390,22664
331,215,1844605,22665
1413,8,1844613,22666
589,33,1844646,22667
3526,94,1844740,22668
194,50,1844790,22669
2180,13,1844803,22670
2841,7,1844810,22671
1888,56,1844866,22672
121,70,1844936,22673
184,52,1844988,22674
142,17,1845005,22675
1170,54,1845059,22676
1821,198,1845257,22677
355,4,1845261,22678
115,49,1845310,22679
81,5,1845315,22680
245,15,1845330,22681
358,16,1845346,22682
149,229,1845575,22683
483,11,1845586,22684
167,67,1845653,22685
114,5,1845658,22686
375,286,1845944,22687
285,26,1845970,22688
149,130,1846100,22689
349,49,1846149,22690
99,189,1846338,22691
167,36,1846374,22692
205,255,1846629,22693
454,1,1846630,22694
354,125,1846755,22695
303,138,1846893,22696
115,35,1846928,22697
3014,295,1847223,22698
2202,80,1847303,22699
2471,50,1847353,22700
285,137,1847490,22701
1637,8,1847498,22702
487,92,1847590,22703
9,80,1847670,22704
731,42,1847712,22705
578,103,1847815,22706
230,202,1848017,22707
330,108,1848125,22708
162,106,1848231,22709
107,65,1848296,22710
2097,64,1848360,22711
300,43,1848403,22712
154,15,1848418,22713
3993,35,1848453,22714
77,63,1848516,22715
247,62,1848578,22716
512,70,1848648,22717
949,92,1848740,22718
322,3,1848743,22719
2373,42,1848785,22720
176,18,1848803,22721
221,23,1848826,22722
126,59,1848885,22723
320,121,1849006,22724
1337,25,1849031,22725
361,28,1849059,22726
142,15,1849074,22727
348,40,1849114,22728
366,2,1849116,22729
317,87,1849203,22730
82,30,1849233,22731
4050,45,1849278,22732
2047,78,1849356,22733
75,76,1849432,22734
92,78,1849510,22735
251,112,1849622,22736
35,94,1849716,22737
153,71,1849787,22738
275,65,1849852,22739
10,11,1849863,22740
392,343,1850206,22741
105,15,1850221,22742
1378,59,1850280,22743
292,27,1850307,22744
425,36,1850343,22745
1462,33,1850376,22746
172,59,1850435,22747
1313,63,1850498,22748
755,64,1850562,22749
125,14,1850576,22750
518,25,1850601,22751
133,144,1850745,22752
1430,224,1850969,22753
674,225,1851194,22754
1289,59,1851253,22755
119,191,1851444,22756
1705,26,1851470,22757
121,85,1851555,22758
2272,12,1851567,22759
251,1,1851568,22760
114,20,1851588,22761
266,43,1851631,22762
3208,300,1851931,22763
4038,34,1851965,22764
12,41,1852006,22765
1302,197,1852203,22766
231,13,1852216,22767
398,146,1852362,22768
396,185,1852547,22769
104,28,1852575,22770
3220,11,1852586,22771
249,116,1852702,22772
85,4,1852706,22773
495,130,1852836,22774
449,14,1852850,22775
83,22,1852872,22776
124,118,1852990,22777
130,117,1853107,22778
2347,6,1853113,22779
168,14,1853127,22780
154,63,1853190,22781
407,87,1853277,22782
196,17,1853294,22783
298,80,1853374,22784
594,5,1853379,22785
302,16,1853395,22786
97,182,1853577,22787
2442,124,1853701,22788
884,42,1853743,22789
3511,132,1853875,22790
485,34,1853909,22791
275,37,1853946,22792
160,28,1853974,22793
60,152,1854126,22794
181,100,1854226,22795
3819,28,1854254,22796
470,4,1854258,22797
11,31,1854289,22798
212,20,1854309,22799
1592,9,1854318,22800
711,160,1854478,22801
82,5,1854483,22802
119,7,1854490,22803
335,7,1854497,22804
397,11,1854508,22805
631,311,1854819,22806
469,132,1854951,22807
2919,126,1855077,22808
1256,122,1855199,22809
213,200,1855399,22810
159,114,1855513,22811
317,405,1855918,22812
248,57,1855975,22813
1636,47,1856022,22814
452,157,1856179,22815
478,98,1856277,22816
15,107,1856384,22817
523,27,1856411,22818
411,14,1856425,22819
298,226,1856651,22820
155,50,1856701,22821
318,57,1856758,22822
252,17,1856775,22823
34,46,1856821,22824
486,91,1856912,22825
264,57,1856969,22826
177,173,1857142,22827
302,6,1857148,22828
3127,127,1857275,22829
105,86,1857361,22830
349,58,1857419,22831
271,26,1857445,22832
2360,37,1857482,22833
299,19,1857501,22834
435,27,1857528,22835
30,151,1857679,22836
3888,361,1858040,22837
134,19,1858059,22838
182,30,1858089,22839
10,52,1858141,22840
205,54,1858195,22841
138,2,1858197,22842
240,156,1858353,22843
1790,86,1858439,22844
493,130,1858569,22845
403,14,1858583,22846
149,160,1858743,22847
162,93,1858836,22848
126,45,1858881,22849
368,62,1858943,22850
316,111,1859054,22851
80,45,1859099,22852
109,80,1859179,22853
121,369,1859548,22854
2091,35,1859583,22855
2704,71,1859654,22856
355,383,1860037,22857
441,9,1860046,22858
134,48,1860094,22859
275,17,1860111,22860
21,29,1860140,22861
96,104,1860244,22862
158,100,1860344,22863
27,268,1860612,22864
40,104,1860716,22865
374,87,1860803,22866
3047,156,1860959,22867
110,88,1861047,22868
3451,31,1861078,22869
3395,108,1861186,22870
11,12,1861198,22871
88,33,1861231,22872
3156,127,1861358,22873
267,126,1861484,22874
639,45,1861529,22875
307,13,1861542,22876
192,22,1861564,22877
166,146,1861710,22878
135,9,1861719,22879
199,85,1861804,22880
3835,33,1861837,22881
71,6,1861843,22882
508,17,1861860,22883
351,105,1861965,22884
180,97,1862062,22885
421,28,1862090,22886
507,10,1862100,22887
191,94,1862194,22888
381,7,1862201,22889
415,83,1862284,22890
328,72,1862356,22891
218,47,1862403,22892
109,11,1862414,22893
287,7,1862421,22894
3237,104,1862525,22895
344,19,1862544,22896
243,50,1862594,22897
2867,46,1862640,22898
286,44,1862684,22899
1238,80,1862764,22900
292,13,1862777,22901
357,62,1862839,22902
126,220,1863059,22903
11,129,1863188,22904
144,180,1863368,22905
546,73,1863441,22906
2210,63,1863504,22907
152,4,1863508,22908
175,49,1863557,22909
551,53,1863610,22910
186,35,1863645,22911
289,117,1863762,22912
2790,7,1863769,22913
2339,17,1863786,22914
409,14,1863800,22915
14,28,1863828,22916
344,97,1863925,22917
3939,31,1863956,22918
126,23,1863979,22919
1532,48,1864027,22920
45,51,1864078,22921
519,86,1864164,22922
116,95,1864259,22923
321,23,1864282,22924
135,65,1864347,22925
169,169,1864516,22926
395,368,1864884,22927
47,265,1865149,22928
314,11,1865160,22929
111,8,1865168,22930
253,292,1865460,22931
128,38,1865498,22932
431,155,1865653,22933
557,84,1865737,22934
148,321,1866058,22935
2071,237,1866295,22936
749,11,1866306,22937
456,69,1866375,22938
17,11,1866386,22939
123,286,1866672,22940
454,33,1866705,22941
182,9,1866714,22942
2669,48,1866762,22943
872,100,1866862,22944
1044,22,1866884,22945
1234,65,1866949,22946
335,55,1867004,22947
674,47,1867051,22948
3416,23,1867074,22949
91,36,1867110,22950
401,76,1867186,22951
2357,61,1867247,22952
2156,39,1867286,22953
584,194,1867480,22954
622,72,1867552,22955
398,179,1867731,22956
339,28,1867759,22957
388,15,1867774,22958
172,64,1867838,22959
365,66,1867904,22960
254,70,1867974,22961
512,236,1868210,22962
691,116,1868326,22963
253,33,1868359,22964
2666,66,1868425,22965
105,68,1868493,22966
2933,86,1868579,22967
2975,221,1868800,22968
1300,17,1868817,22969
463,28,1868845,22970
281,47,1868892,22971
174,1,1868893,22972
87,21,1868914,22973
3920,46,1868960,22974
68,74,1869034,22975
101,116,1869150,22976
159,48,1869198,22977
4054,39,1869237,22978
29,146,1869383,22979
79,23,1869406,22980
348,54,1869460,22981
3705,20,1869480,22982
145,59,1869539,22983
281,118,1869657,22984
82,44,1869701,22985
308,8,1869709,22986
22,5,1869714,22987
205,21,1869735,22988
241,43,1869778,22989
391,332,1870110,22990
2357,4,1870114,22991
719,4,1870118,22992
618,220,1870338,22993
107,122,1870460,22994
305,29,1870489,22995
327,20,1870509,22996
578,1,1870510,22997
265,61,1870571,22998
702,141,1870712,22999
312,103,1870815,23000
198,26,1870841,23001
113,52,1870893,23002
134,51,1870944,23003
241,22,1870966,23004
171,156,1871122,23005
145,24,1871146,23006
299,29,1871175,23007
1137,77,1871252,23008
945,9,1871261,23009
515,22,1871283,23010
458,5,1871288,23011
160,69,1871357,23012
133,221,1871578,23013
111,1,1871579,23014
345,101,1871680,23015
171,104,1871784,23016
788,7,1871791,23017
193,93,1871884,23018
17,66,1871950,23019
1451,199,1872149,23020
167,33,1872182,23021
1039,364,1872546,23022
3113,205,1872751,23023
13,47,1872798,23024
331,10,1872808,23025
2574,31,1872839,23026
267,111,1872950,23027
318,44,1872994,23028
479,61,1873055,23029
334,38,1873093,23030
11,45,1873138,23031
10,20,1873158,23032
3482,58,1873216,23033
121,6,1873222,23034
1077,10,1873232,23035
303,47,1873279,23036
291,11,1873290,23037
92,77,1873367,23038
2369,47,1873414,23039
274,233,1873647,23040
640,149,1873796,23041
3642,15,1873811,23042
332,109,1873920,23043
1348,65,1873985,23044
126,218,1874203,23045
269,80,1874283,23046
127,196,1874479,23047
2016,77,1874556,23048
311,36,1874592,23049
405,61,1874653,23050
28,253,1874906,23051
574,5,1874911,23052
186,156,1875067,23053
1798,19,1875086,23054
37,134,1875220,23055
85,55,1875275,23056
10,82,1875357,23057
68,8,1875365,23058
693,69,1875434,23059
490,51,1875485,23060
2369,18,1875503,23061
252,149,1875652,23062
107,96,1875748,23063
9,14,1875762,23064
13,99,1875861,23065
236,85,1875946,23066
349,31,1875977,23067
424,12,1875989,23068
79,19,1876008,23069
1820,137,1876145,23070
2936,41,1876186,23071
982,45,1876231,23072
20,20,1876251,23073
32,130,1876381,23074
198,9,1876390,23075
165,4,1876394,23076
783,84,1876478,23077
311,11,1876489,23078
3078,10,1876499,23079
89,29,1876528,23080
31,97,1876625,23081
41,58,1876683,23082
1436,8,1876691,23083
100,103,1876794,23084
656,131,1876925,23085
153,22,1876947,23086
98,144,1877091,23087
421,14,1877105,23088
449,11,1877116,23089
132,7,1877123,23090
274,6,1877129,23091
2223,270,1877399,23092
28,36,1877435,23093
2191,8,1877443,23094
149,143,1877586,23095
32,62,1877648,23096
130,19,1877667,23097
139,95,1877762,23098
3451,250,1878012,23099
3985,255,1878267,23100
1236,16,1878283,23101
3671,14,1878297,23102
124,195,1878492,23103
65,37,1878529,23104
115,10,1878539,23105
498,10,1878549,23106
14,14,1878563,23107
144,13,1878576,23108
1640,47,1878623,23109
325,358,1878981,23110
2472,70,1879051,23111
3377,223,1879274,23112
2778,90,1879364,23113
9,30,1879394,23114
76,109,1879503,23115
196,21,1879524,23116
44,222,1879746,23117
961,54,1879800,23118
782,31,1879831,23119
264,42,1879873,23120
375,70,1879943,23121
320,120,1880063,23122
236,60,1880123,23123
2166,3,1880126,23124
124,47,1880173,23125
246,39,1880212,23126
327,58,1880270,23127
39,133,1880403,23128
150,2,1880405,23129
176,34,1880439,23130
389,3,1880442,23131
284,92,1880534,23132
776,5,1880539,23133
265,32,1880571,23134
111,84,1880655,23135
137,71,1880726,23136
12,220,1880946,23137
2359,28,1880974,23138
75,20,1880994,23139
365,7,1881001,23140
1477,53,1881054,23141
3000,36,1881090,23142
332,77,1881167,23143
463,110,1881277,23144
3342,86,1881363,23145
1828,31,1881394,23146
273,6,1881400,23147
59,14,1881414,23148
527,85,1881499,23149
53,10,1881509,23150
84,63,1881572,23151
58,18,1881590,23152
21,19,1881609,23153
260,237,1881846,23154
573,97,1881943,23155
445,70,1882013,23156
143,55,1882068,23157
32,25,1882093,23158
185,23,1882116,23159
3810,141,1882257,23160
233,11,1882268,23161
1250,54,1882322,23162
83,373,1882695,23163
371,148,1882843,23164
71,8,1882851,23165
114,23,1882874,23166
3401,184,1883058,23167
2878,83,1883141,23168
1530,107,1883248,23169
242,170,1883418,23170
170,84,1883502,23171
809,1,1883503,23172
361,44,1883547,23173
1769,89,1883636,23174
117,395,1884031,23175
2406,9,1884040,23176
74,130,1884170,23177
213,90,1884260,23178
414,24,1884284,23179
982,151,1884435,23180
3951,53,1884488,23181
412,54,1884542,23182
584,49,1884591,23183
2821,68,1884659,23184
13,95,1884754,23185
3080,26,1884780,23186
3065,23,1884803,23187
310,14,1884817,23188
178,92,1884909,23189
111,74,1884983,23190
135,159,1885142,23191
1019,22,1885164,23192
210,43,1885207,23193
299,36,1885243,23194
2303,85,1885328,23195
112,52,1885380,23196
44,2,1885382,23197
66,16,1885398,23198
26,40,1885438,23199
136,32,1885470,23200
167,23,1885493,23201
2378,92,1885585,23202
38,239,1885824,23203
163,38,1885862,23204
358,32,1885894,23205
127,82,1885976,23206
401,4,1885980,23207
27,25,1886005,23208
368,184,1886189,23209
278,51,1886240,23210
1261,54,1886294,23211
16,94,1886388,23212
145,33,1886421,23213
3871,277,1886698,23214
24,99,1886797,23215
186,219,1887016,23216
188,8,1887024,23217
121,103,1887127,23218
10,14,1887141,23219
1978,3,1887144,23220
388,11,1887155,23221
441,379,1887534,23222
241,392,1887926,23223
171,37,1887963,23224
654,23,1887986,23225
349,35,1888021,23226
41,83,1888104,23227
809,3,1888107,23228
125,29,1888136,23229
198,15,1888151,23230
316,71,1888222,23231
162,31,1888253,23232
28,151,1888404,23233
286,86,1888490,23234
120,1,1888491,23235
686,89,1888580,23236
303,274,1888854,23237
2229,13,1888867,23238
120,205,1889072,23239
27,5,1889077,23240
320,98,1889175,23241
252,12,1889187,23242
4014,82,1889269,23243
160,87,1889356,23244
1007,140,1889496,23245
3841,48,1889544,23246
205,45,1889589,23247
63,37,1889626,23248
799,118,1889744,23249
1022,180,1889924,23250
1612,15,1889939,23251
10,19,1889958,23252
1975,90,1890048,23253
1528,199,1890247,23254
162,116,1890363,23255
499,10,1890373,23256
138,9,1890382,23257
122,135,1890517,23258
2575,98,1890615,23259
23,54,1890669,23260
226,134,1890803,23261
260,121,1890924,23262
416,9,1890933,23263
14,114,1891047,23264
3341,70,1891117,23265
228,27,1891144,23266
132,14,1891158,23267
3909,141,1891299,23268
104,10,1891309,23269
150,22,1891331,23270
264,101,1891432,23271
1103,219,1891651,23272
25,133,1891784,23273
37,75,1891859,23274
336,102,1891961,23275
211,132,1892093,23276
179,39,1892132,23277
11,8,1892140,23278
20,34,1892174,23279
316,88,1892262,23280
614,70,1892332,23281
288,16,1892348,23282
12,3,1892351,23283
3664,17,1892368,23284
345,34,1892402,23285
228,25,1892427,23286
246,135,1892562,23287
117,11,1892573,23288
211,4,1892577,23289
1146,70,1892647,23290
160,63,1892710,23291
652,49,1892759,23292
123,317,1893076,23293
29,184,1893260,23294
559,52,1893312,23295
1650,146,1893458,23296
3627,35,1893493,23297
279,115,1893608,23298
179,87,1893695,23299
399,6,1893701,23300
14,87,1893788,23301
204,56,1893844,23302
933,45,1893889,23303
79,53,1893942,23304
29,17,1893959,23305
304,67,1894026,23306
59,69,1894095,23307
562,21,1894116,23308
157,150,1894266,23309
339,21,1894287,23310
437,63,1894350,23311
113,59,1894409,23312
350,298,1894707,23313
146,99,1894806,23314
48,465,1895271,23315
455,17,1895288,23316
205,146,1895434,23317
160,74,1895508,23318
94,50,1895558,23319
23,27,1895585,23320
136,90,1895675,23321
60,89,1895764,23322
23,15,1895779,23323
481,2,1895781,23324
69,120,1895901,23325
498,76,1895977,23326
230,110,1896087,23327
118,8,1896095,23328
2454,95,1896190,23329
1366,48,1896238,23330
139,36,1896274,23331
259,13,1896287,23332
3717,31,1896318,23333
1638,62,1896380,23334
776,40,1896420,23335
391,200,1896620,23336
2903,50,1896670,23337
285,4,1896674,23338
286,175,1896849,23339
12,98,1896947,23340
131,58,1897005,23341
502,16,1897021,23342
187,189,1897210,23343
173,286,1897496,23344
59,11,1897507,23345
430,235,1897742,23346
172,709,1898451,23347
188,110,1898561,23348
517,7,1898568,23349
2346,11,1898579,23350
3855,111,1898690,23351
517,30,1898720,23352
819,98,1898818,23353
327,17,1898835,23354
444,130,1898965,23355
323,196,1899161,23356
2455,260,1899421,23357
393,68,1899489,23358
214,23,1899512,23359
1619,90,1899602,23360
489,151,1899753,23361
375,24,1899777,23362
206,28,1899805,23363
57,44,1899849,23364
444,41,1899890,23365
152,130,1900020,23366
2188,297,1900317,23367
522,183,1900500,23368
18,51,1900551,23369
506,9,1900560,23370
180,370,1900930,23371
11,147,1901077,23372
67,50,1901127,23373
348,56,1901183,23374
3401,15,1901198,23375
40,37,1901235,23376
153,161,1901396,23377
117,64,1901460,23378
329,13,1901473,23379
385,83,1901556,23380
117,160,1901716,23381
23,2,1901718,23382
319,21,1901739,23383
402,215,1901954,23384
248,49,1902003,23385
177,19,1902022,23386
246,192,1902214,23387
271,4,1902218,23388
344,211,1902429,23389
14,251,1902680,23390
17,50,1902730,23391
51,101,1902831,23392
442,7,1902838,23393
147,5,1902843,23394
807,28,1902871,23395
457,44,1902915,23396
290,13,1902928,23397
11,8,1902936,23398
14,64,1903000,23399
147,55,1903055,23400
1371,176,1903231,23401
306,14,1903245,23402
25,24,1903269,23403
98,86,1903355,23404
343,25,1903380,23405
1079,70,1903450,23406
123,17,1903467,23407
1525,2,1903469,23408
29,122,1903591,23409
2694,131,1903722,23410
297,11,1903733,23411
26,136,1903869,23412
881,36,1903905,23413
274,132,1904037,23414
183,43,1904080,23415
21,105,1904185,23416
322,11,1904196,23417
195,40,1904236,23418
44,33,1904269,23419
85,12,1904281,23420
105,41,1904322,23421
257,1,1904323,23422
159,31,1904354,23423
128,185,1904539,23424
492,68,1904607,23425
4074,103,1904710,23426
610,30,1904740,23427
120,28,1904768,23428
70,41,1904809,23429
405,132,1904941,23430
607,7,1904948,23431
475,105,1905053,23432
4063,31,1905084,23433
684,184,1905268,23434
1877,52,1905320,23435
292,112,1905432,23436
325,182,1905614,23437
1873,17,1905631,23438
280,6,1905637,23439
1283,12,1905649,23440
312,10,1905659,23441
234,7,1905666,23442
62,36,1905702,23443
262,97,1905799,23444
616,53,1905852,23445
322,91,1905943,23446
3119,98,1906041,23447
13,124,1906165,23448
194,51,1906216,23449
31,34,1906250,23450
1015,129,1906379,23451
362,37,1906416,23452
727,34,1906450,23453
3229,73,1906523,23454
97,121,1906644,23455
443,92,1906736,23456
247,98,1906834,23457
114,41,1906875,23458
2916,193,1907068,23459
121,6,1907074,23460
362,88,1907162,23461
168,265,1907427,23462
145,124,1907551,23463
3326,116,1907667,23464
301,90,1907757,23465
31,16,1907773,23466
553,62,1907835,23467
12,84,1907919,23468
237,87,1908006,23469
326,1,1908007,23470
12,97,1908104,23471
14,117,1908221,23472
1564,42,1908263,23473
183,121,1908384,23474
451,5,1908389,23475
121,13,1908402,23476
136,102,1908504,23477
4004,191,1908695,23478
345,63,1908758,23479
28,218,1908976,23480
485,72,1909048,23481
162,285,1909333,23482
183,22,1909355,23483
72,96,1909451,23484
100,2,1909453,23485
140,76,1909529,23486
2000,194,1909723,23487
1349,213,1909936,23488
164,86,1910022,23489
1105,15,1910037,23490
1867,61,1910098,23491
1850,359,1910457,23492
298,51,1910508,23493
65,128,1910636,23494
2921,39,1910675,23495
1977,36,1910711,23496
106,4,1910715,23497
68,176,1910891,23498
70,14,1910905,23499
788,34,1910939,23500
15,114,1911053,23501
3598,179,1911232,23502
265,14,1911246,23503
12,94,1911340,23504
2025,84,1911424,23505
3075,214,1911638,23506
193,74,1911712,23507
138,159,1911871,23508
575,25,1911896,23509
50,54,1911950,23510
325,278,1912228,23511
693,38,1912266,23512
366,19,1912285,23513
319,20,1912305,23514
299,39,1912344,23515
308,51,1912395,23516
409,82,1912477,23517
232,128,1912605,23518
36,114,1912719,23519
313,37,1912756,23520
9,80,1912836,23521
423,84,1912920,23522
376,259,1913179,23523
326,7,1913186,23524
557,87,1913273,23525
18,79,1913352,23526
238,1,1913353,23527
654,86,1913439,23528
436,64,1913503,23529
3087,137,1913640,23530
33,9,1913649,23531
294,45,1913694,23532
137,18,1913712,23533
46,9,1913721,23534
73,117,1913838,23535
339,350,1914188,23536
16,66,1914254,23537
93,44,1914298,23538
307,129,1914427,23539
56,79,1914506,23540
300,42,1914548,23541
97,51,1914599,23542
512,130,1914729,23543
2561,28,1914757,23544
583,100,1914857,23545
3739,44,1914901,23546
116,120,1915021,23547
2968,41,1915062,23548
142,229,1915291,23549
148,93,1915384,23550
902,19,1915403,23551
638,73,1915476,23552
3343,163,1915639,23553
2963,18,1915657,23554
949,3,1915660,23555
113,40,1915700,23556
176,156,1915856,23557
25,7,1915863,23558
272,115,1915978,23559
162,19,1915997,23560
337,89,1916086,23561
11,92,1916178,23562
268,33,1916211,23563
212,169,1916380,23564
191,238,1916618,23565
297,200,1916818,23566
63,22,1916840,23567
456,46,1916886,23568
144,124,1917010,23569
3050,152,1917162,23570
167,185,1917347,23571
149,2,1917349,23572
286,27,1917376,23573
476,117,1917493,23574
15,17,1917510,23575
351,80,1917590,23576
3616,71,1917661,23577
210,3,1917664,23578
482,13,1917677,23579
141,16,1917693,23580
223,31,1917724,23581
26,96,1917820,23582
1919,262,1918082,23583
3613,115,1918197,23584
1895,51,1918248,23585
95,36,1918284,23586
540,64,1918348,23587
306,87,1918435,23588
2216,175,1918610,23589
203,34,1918644,23590
35,14,1918658,23591
354,22,1918680,23592
474,121,1918801,23593
132,206,1919007,23594
276,52,1919059,23595
3355,263,1919322,23596
633,17,1919339,23597
3723,68,1919407,23598
394,51,1919458,23599
151,323,1919781,23600
153,4,1919785,23601
353,40,1919825,23602
822,33,1919858,23603
382,51,1919909,23604
311,41,1919950,23605
169,17,1919967,23606
2237,136,1920103,23607
147,112,1920215,23608
10,29,1920244,23609
317,219,1920463,23610
11,131,1920594,23611
19,140,1920734,23612
3778,267,1921001,23613
333,70,1921071,23614
46,25,1921096,23615
460,28,1921124,23616
297,84,1921208,23617
31,66,1921274,23618
19,42,1921316,23619
1480,183,1921499,23620
180,89,1921588,23621
42,181,1921769,23622
399,88,1921857,23623
345,19,1921876,23624
368,151,1922027,23625
98,77,1922104,23626
510,15,1922119,23627
258,148,1922267,23628
464,54,1922321,23629
14,152,1922473,23630
451,39,1922512,23631
3941,11,1922523,23632
157,169,1922692,23633
107,24,1922716,23634
107,101,1922817,23635
3969,423,1923240,23636
281,23,1923263,23637
134,4,1923267,23638
10,29,1923296,23639
32,90,1923386,23640
141,20,1923406,23641
339,3,1923409,23642
158,96,1923505,23643
117,132,1923637,23644
307,135,1923772,23645
102,242,1924014,23646
18,86,1924100,23647
253,4,1924104,23648
167,106,1924210,23649
170,122,1924332,23650
323,49,1924381,23651
520,17,1924398,23652
459,147,1924545,23653
528,28,1924573,23654
186,37,1924610,23655
409,11,1924621,23656
33,70,1924691,23657
199,369,1925060,23658
1972,222,1925282,23659
56,46,1925328,23660
95,97,1925425,23661
919,55,1925480,23662
12,30,1925510,23663
16,76,1925586,23664
21,20,1925606,23665
2535,98,1925704,23666
427,9,1925713,23667
151,110,1925823,23668
3116,28,1925851,23669
1246,31,1925882,23670
359,245,1926127,23671
287,29,1926156,23672
207,94,1926250,23673
329,87,1926337,23674
3216,1,1926338,23675
14,16,1926354,23676
1458,85,1926439,23677
153,181,1926620,23678
314,63,1926683,23679
4039,56,1926739,23680
300,136,1926875,23681
364,68,1926943,23682
2864,214,1927157,23683
148,1,1927158,23684
457,49,1927207,23685
196,271,1927478,23686
1902,107,1927585,23687
901,129,1927714,23688
3213,44,1927758,23689
231,128,1927886,23690
633,208,1928094,23691
2726,117,1928211,23692
779,69,1928280,23693
386,73,1928353,23694
344,32,1928385,23695
2138,105,1928490,23696
3520,28,1928518,23697
497,87,1928605,23698
667,280,1928885,23699
337,7,1928892,23700
10,34,1928926,23701
183,96,1929022,23702
764,134,1929156,23703
583,283,1929439,23704
250,1,1929440,23705
156,63,1929503,23706
115,112,1929615,23707
3370,27,1929642,23708
2372,106,1929748,23709
181,7,1929755,23710
453,59,1929814,23711
3668,58,1929872,23712
41,8,1929880,23713
125,39,1929919,23714
362,47,1929966,23715
523,1,1929967,23716
501,25,1929992,23717
110,14,1930006,23718
9,66,1930072,23719
396,20,1930092,23720
335,78,1930170,23721
1018,25,1930195,23722
35,13,1930208,23723
184,5,1930213,23724
3717,105,1930318,23725
460,244,1930562,23726
4008,203,1930765,23727
20,53,1930818,23728
12,39,1930857,23729
103,34,1930891,23730
441,55,1930946,23731
2901,72,1931018,23732
109,185,1931203,23733
411,21,1931224,23734
3797,29,1931253,23735
17,13,1931266,23736
3301,30,1931296,23737
185,16,1931312,23738
109,75,1931387,23739
322,105,1931492,23740
159,16,1931508,23741
16,71,1931579,23742
309,92,1931671,23743
2811,77,1931748,23744
713,11,1931759,23745
187,79,1931838,23746
415,80,1931918,23747
47,161,1932079,23748
219,82,1932161,23749
13,128,1932289,23750
499,78,1932367,23751
148,140,1932507,23752
579,38,1932545,23753
303,66,1932611,23754
2477,40,1932651,23755
38,37,1932688,23756
1604,142,1932830,23757
180,196,1933026,23758
119,202,1933228,23759
180,70,1933298,23760
26,35,1933333,23761
11,117,1933450,23762
11,48,1933498,23763
3958,147,1933645,23764
119,132,1933777,23765
157,16,1933793,23766
503,80,1933873,23767
14,4,1933877,23768
1314,57,1933934,23769
203,158,1934092,23770
273,499,1934591,23771
469,90,1934681,23772
582,72,1934753,23773
308,4,1934757,23774
96,47,1934804,23775
3662,40,1934844,23776
352,41,1934885,23777
4064,181,1935066,23778
92,268,1935334,23779
2274,1,1935335,23780
479,8,1935343,23781
497,22,1935365,23782
231,24,1935389,23783
1482,138,1935527,23784
563,153,1935680,23785
469,32,1935712,23786
1198,303,1936015,23787
268,205,1936220,23788
102,132,1936352,23789
45,161,1936513,23790
4006,69,1936582,23791
271,115,1936697,23792
602,12,1936709,23793
292,217,1936926,23794
161,161,1937087,23795
79,81,1937168,23796
132,147,1937315,23797
830,14,1937329,23798
68,127,1937456,23799
492,37,1937493,23800
138,19,1937512,23801
577,6,1937518,23802
148,64,1937582,23803
20,36,1937618,23804
18,288,1937906,23805
115,84,1937990,23806
419,33,1938023,23807
31,15,1938038,23808
2318,16,1938054,23809
21,3,1938057,23810
2408,106,1938163,23811
164,100,1938263,23812
33,71,1938334,23813
174,386,1938720,23814
364,150,1938870,23815
392,41,1938911,23816
567,230,1939141,23817
95,69,1939210,23818
119,380,1939590,23819
318,111,1939701,23820
365,4,1939705,23821
3925,84,1939789,23822
151,392,1940181,23823
414,40,1940221,23824
71,108,1940329,23825
337,200,1940529,23826
1032,51,1940580,23827
140,14,1940594,23828
343,27,1940621,23829
152,63,1940684,23830
2907,47,1940731,23831
237,80,1940811,23832
130,42,1940853,23833
2920,39,1940892,23834
266,15,1940907,23835
172,139,1941046,23836
717,126,1941172,23837
2848,203,1941375,23838
143,194,1941569,23839
127,145,1941714,23840
22,41,1941755,23841
428,4,1941759,23842
125,194,1941953,23843
69,10,1941963,23844
10,11,1941974,23845
340,23,1941997,23846
13,4,1942001,23847
3883,13,1942014,23848
377,5,1942019,23849
124,182,1942201,23850
401,78,1942279,23851
81,150,1942429,23852
545,46,1942475,23853
294,57,1942532,23854
17,32,1942564,23855
3538,9,1942573,23856
1794,78,1942651,23857
116,35,1942686,23858
3067,90,1942776,23859
11,61,1942837,23860
408,96,1942933,23861
1420,43,1942976,23862
653,32,1943008,23863
141,274,1943282,23864
3940,5,1943287,23865
611,67,1943354,23866
102,17,1943371,23867
3032,58,1943429,23868
349,236,1943665,23869
151,53,1943718,23870
15,46,1943764,23871
92,33,1943797,23872
13,14,1943811,23873
300,109,1943920,23874
30,217,1944137,23875
513,84,1944221,23876
558,152,1944373,23877
59,13,1944386,23878
9,50,1944436,23879
484,34,1944470,23880
12,18,1944488,23881
413,91,1944579,23882
209,38,1944617,23883
217,58,1944675,23884
59,62,1944737,23885
460,216,1944953,23886
323,33,1944986,23887
203,111,1945097,23888
572,37,1945134,23889
160,36,1945170,23890
13,12,1945182,23891
53,89,1945271,23892
191,29,1945300,23893
408,295,1945595,23894
339,2,1945597,23895
1523,86,1945683,23896
23,34,1945717,23897
316,27,1945744,23898
113,6,1945750,23899
14,14,1945764,23900
206,46,1945810,23901
1509,137,1945947,23902
131,1,1945948,23903
2787,56,1946004,23904
343,216,1946220,23905
2231,16,1946236,23906
934,20,1946256,23907
2617,32,1946288,23908
381,129,1946417,23909
12,142,1946559,23910
303,351,1946910,23911
656,118,1947028,23912
526,178,1947206,23913
15,7,1947213,23914
8,19,1947232,23915
86,55,1947287,23916
125,105,1947392,23917
2159,301,1947693,23918
22,149,1947842,23919
13,27,1947869,23920
447,59,1947928,23921
2004,67,1947995,23922
267,226,1948221,23923
295,29,1948250,23924
1307,260,1948510,23925
2945,136,1948646,23926
305,34,1948680,23927
193,207,1948887,23928
612,38,1948925,23929
279,23,1948948,23930
2510,76,1949024,23931
818,10,1949034,23932
106,151,1949185,23933
1814,64,1949249,23934
3767,34,1949283,23935
114,98,1949381,23936
872,61,1949442,23937
110,133,1949575,23938
11,198,1949773,23939
415,157,1949930,23940
399,52,1949982,23941
9,91,1950073,23942
136,96,1950169,23943
58,152,1950321,23944
325,31,1950352,23945
2890,45,1950397,23946
149,41,1950438,23947
204,54,1950492,23948
108,81,1950573,23949
336,215,1950788,23950
495,1,1950789,23951
26,304,1951093,23952
143,15,1951108,23953
187,96,1951204,23954
115,30,1951234,23955
2532,215,1951449,23956
2411,34,1951483,23957
915,226,1951709,23958
614,78,1951787,23959
167,1,1951788,23960
1795,67,1951855,23961
821,1,1951856,23962
926,25,1951881,23963
401,18,1951899,23964
293,174,1952073,23965
154,54,1952127,23966
176,127,1952254,23967
284,94,1952348,23968
3867,84,1952432,23969
13,14,1952446,23970
11,37,1952483,23971
49,58,1952541,23972
141,38,1952579,23973
1308,43,1952622,23974
47,42,1952664,23975
295,116,1952780,23976
221,37,1952817,23977
327,102,1952919,23978
71,29,1952948,23979
256,13,1952961,23980
2969,83,1953044,23981
31,20,1953064,23982
993,67,1953131,23983
448,34,1953165,23984
3348,83,1953248,23985
253,53,1953301,23986
191,45,1953346,23987
16,23,1953369,23988
341,6,1953375,23989
3756,486,1953861,23990
214,15,1953876,23991
344,69,1953945,23992
388,28,1953973,23993
177,185,1954158,23994
73,2,1954160,23995
108,121,1954281,23996
1592,130,1954411,23997
78,318,1954729,23998
3344,74,1954803,23999
47,44,1954847,24000
2911,95,1954942,24001
151,118,1955060,24002
80,68,1955128,24003
195,67,1955195,24004
159,37,1955232,24005
516,95,1955327,24006
130,59,1955386,24007
60,171,1955557,24008
339,53,1955610,24009
2051,56,1955666,24010
383,134,1955800,24011
329,16,1955816,24012
296,300,1956116,24013
106,72,1956188,24014
3716,70,1956258,24015
706,48,1956306,24016
284,142,1956448,24017
3952,143,1956591,24018
699,3,1956594,24019
1057,32,1956626,24020
275,180,1956806,24021
1043,133,1956939,24022
312,21,1956960,24023
71,138,1957098,24024
365,57,1957155,24025
282,7,1957162,24026
323,13,1957175,24027
119,3,1957178,24028
103,10,1957188,24029
515,1,1957189,24030
16,67,1957256,24031
2697,1,1957257,24032
2592,23,1957280,24033
136,41,1957321,24034
20,66,1957387,24035
277,74,1957461,24036
174,132,1957593,24037
335,37,1957630,24038
514,62,1957692,24039
174,2,1957694,24040
2856,43,1957737,24041
481,43,1957780,24042
4083,65,1957845,24043
1544,87,1957932,24044
2197,23,1957955,24045
15,27,1957982,24046
447,142,1958124,24047
25,106,1958230,24048
2710,162,1958392,24049
59,437,1958829,24050
163,25,1958854,24051
2277,143,1958997,24052
82,72,1959069,24053
2233,55,1959124,24054
29,2,1959126,24055
684,90,1959216,24056
115,56,1959272,24057
109,59,1959331,24058
290,70,1959401,24059
351,297,1959698,24060
944,3,1959701,24061
1330,65,1959766,24062
135,5,1959771,24063
3523,12,1959783,24064
1896,13,1959796,24065
547,85,1959881,24066
383,23,1959904,24067
52,53,1959957,24068
568,76,1960033,24069
27,11,1960044,24070
65,82,1960126,24071
2139,131,1960257,24072
106,33,1960290,24073
270,33,1960323,24074
767,80,1960403,24075
197,13,1960416,24076
3178,5,1960421,24077
157,218,1960639,24078
2853,38,1960677,24079
96,32,1960709,24080
153,20,1960729,24081
362,163,1960892,24082
3082,13,1960905,24083
349,41,1961093,24085
384,60,1961153,24086
1025,32,1961185,24087
157,299,1961484,24088
114,1,1961485,24089
146,188,1961673,24090
36,162,1961835,24091
410,53,1961888,24092
574,33,1961921,24093
230,60,1961981,24094
206,66,1962047,24095
123,11,1962058,24096
244,113,1962171,24097
143,63,1962234,24098
143,49,1962283,24099
182,70,1962353,24100
2631,27,1962380,24101
136,11,1962391,24102
168,149,1962540,24103
379,70,1962610,24104
31,155,1962765,24105
355,27,1962792,24106
147,192,1962984,24107
119,23,1963007,24108
599,100,1963107,24109
2289,4,1963111,24110
227,1,1963112,24111
330,3,1963115,24112
526,110,1963225,24113
30,4,1963229,24114
192,127,1963356,24115
299,15,1963371,24116
105,441,1963812,24117
72,180,1963992,24118
1490,15,1964007,24119
1540,271,1964278,24120
3484,127,1964405,24121
842,32,1964437,24122
154,175,1964612,24123
131,42,1964654,24124
3998,62,1964716,24125
306,281,1964997,24126
179,53,1965050,24127
307,342,1965392,24128
195,29,1965421,24129
286,206,1965627,24130
352,85,1965712,24131
3916,256,1965968,24132
26,3,1965971,24133
3906,107,1966078,24134
3988,99,1966177,24135
1863,84,1966261,24136
3705,150,1966411,24137
172,27,1966438,24138
9,65,1966503,24139
353,94,1966597,24140
323,32,1966629,24141
52,37,1966666,24142
2471,183,1966849,24143
185,131,1966980,24144
576,125,1967105,24145
55,64,1967169,24146
9,60,1967229,24147
658,6,1967235,24148
315,111,1967346,24149
545,184,1967530,24150
214,185,1967715,24151
2875,88,1967803,24152
2202,44,1967847,24153
101,141,1967988,24154
16,9,1967997,24155
10,32,1968029,24156
296,131,1968160,24157
206,98,1968258,24158
390,73,1968331,24159
369,106,1968437,24160
319,172,1968609,24161
95,96,1968705,24162
145,93,1968798,24163
257,10,1968808,24164
374,218,1969026,24165
812,10,1969036,24166
135,124,1969160,24167
931,56,1969216,24168
370,40,1969256,24169
509,55,1969311,24170
211,5,1969316,24171
267,202,1969518,24172
300,27,1969545,24173
85,47,1969592,24174
265,89,1969681,24175
554,18,1969699,24176
119,154,1969853,24177
233,85,1969938,24178
297,91,1970029,24179
155,48,1970077,24180
147,14,1970091,24181
3995,235,1970326,24182
165,37,1970363,24183
1553,10,1970373,24184
271,16,1970389,24185
11,85,1970474,24186
152,425,1970899,24187
259,265,1971164,24188
39,49,1971213,24189
42,86,1971299,24190
2093,273,1971572,24191
227,12,1971584,24192
268,187,1971771,24193
230,68,1971839,24194
1555,87,1971926,24195
129,13,1971939,24196
332,28,1971967,24197
274,47,1972014,24198
919,45,1972059,24199
417,22,1972081,24200
142,82,1972163,24201
3518,22,1972185,24202
319,4,1972189,24203
351,215,1972404,24204
135,199,1972603,24205
321,30,1972633,24206
323,274,1972907,24207
133,43,1972950,24208
227,22,1972972,24209
139,104,1973076,24210
222,261,1973337,24211
23,111,1973448,24212
3432,3,1973451,24213
128,67,1973518,24214
796,7,1973525,24215
388,47,1973572,24216
2186,10,1973582,24217
640,28,1973610,24218
1550,15,1973625,24219
81,83,1973708,24220
162,172,1973880,24221
3775,43,1973923,24222
282,61,1973984,24223
344,102,1974086,24224
377,149,1974235,24225
139,23,1974258,24226
357,257,1974515,24227
9,113,1974628,24228
3308,9,1974637,24229
1021,23,1974660,24230
1181,133,1974793,24231
424,53,1974846,24232
540,74,1974920,24233
26,108,1975028,24234
722,12,1975040,24235
186,77,1975117,24236
156,105,1975222,24237
117,46,1975268,24238
595,116,1975384,24239
566,206,1975590,24240
36,189,1975779,24241
126,18,1975797,24242
438,1,1975798,24243
180,82,1975880,24244
104,38,1975918,24245
15,66,1975984,24246
133,33,1976017,24247
1396,67,1976084,24248
253,82,1976166,24249
95,96,1976262,24250
124,11,1976273,24251
37,302,1976575,24252
16,6,1976581,24253
130,62,1976643,24254
295,3,1976646,24255
1288,6,1976652,24256
495,109,1976761,24257
320,142,1976903,24258
116,208,1977111,24259
146,52,1977163,24260
114,24,1977187,24261
12,27,1977214,24262
56,16,1977230,24263
98,138,1977368,24264
315,63,1977431,24265
1665,8,1977439,24266
647,57,1977496,24267
80,35,1977531,24268
527,48,1977579,24269
134,64,1977643,24270
109,142,1977785,24271
74,27,1977812,24272
156,115,1977927,24273
2344,7,1977934,24274
17,1,1977935,24275
444,4,1977939,24276
1914,270,1978209,24277
326,16,1978225,24278
757,38,1978263,24279
418,11,1978274,24280
3894,68,1978342,24281
106,171,1978513,24282
1781,87,1978600,24283
334,113,1978713,24284
172,271,1978984,24285
451,21,1979005,24286
1935,142,1979147,24287
129,118,1979265,24288
291,110,1979375,24289
195,84,1979459,24290
729,8,1979467,24291
191,123,1979590,24292
794,118,1979708,24293
360,15,1979723,24294
322,93,1979816,24295
141,85,1979901,24296
16,10,1979911,24297
2486,43,1979954,24298
313,22,1979976,24299
153,79,1980055,24300
128,45,1980100,24301
13,161,1980261,24302
118,40,1980301,24303
230,150,1980451,24304
2966,271,1980722,24305
9,57,1980779,24306
204,212,1980991,24307
32,13,1981004,24308
495,193,1981197,24309
2608,120,1981317,24310
2917,88,1981405,24311
117,140,1981545,24312
306,18,1981563,24313
637,47,1981610,24314
224,5,1981615,24315
322,12,1981627,24316
918,60,1981687,24317
583,35,1981722,24318
280,3,1981725,24319
2655,177,1981902,24320
46,52,1981954,24321
551,73,1982027,24322
1114,67,1982094,24323
105,106,1982200,24324
376,9,1982209,24325
402,39,1982248,24326
301,30,1982278,24327
345,31,1982309,24328
102,53,1982362,24329
153,174,1982536,24330
8,101,1982637,24331
511,105,1982742,24332
438,69,1982811,24333
243,61,1982872,24334
274,2,1982874,24335
287,56,1982930,24336
342,4,1982934,24337
339,109,1983043,24338
130,78,1983121,24339
330,31,1983152,24340
3040,106,1983258,24341
95,99,1983357,24342
3006,51,1983408,24343
578,2,1983410,24344
12,153,1983563,24345
199,223,1983786,24346
769,11,1983797,24347
2688,21,1983818,24348
14,100,1983918,24349
402,2,1983920,24350
556,79,1983999,24351
30,40,1984039,24352
167,71,1984110,24353
161,24,1984134,24354
68,3,1984137,24355
962,72,1984209,24356
133,282,1984491,24357
148,81,1984572,24358
189,134,1984706,24359
101,35,1984741,24360
279,137,1984878,24361
2537,96,1984974,24362
2689,131,1985105,24363
390,12,1985117,24364
550,99,1985216,24365
2505,55,1985271,24366
155,89,1985360,24367
15,403,1985763,24368
127,20,1985783,24369
65,96,1985879,24370
524,11,1985890,24371
99,43,1985933,24372
324,1,1985934,24373
108,34,1985968,24374
420,5,1985973,24375
108,218,1986191,24376
2536,80,1986271,24377
36,57,1986328,24378
170,64,1986392,24379
375,34,1986426,24380
1813,38,1986464,24381
482,7,1986471,24382
100,16,1986487,24383
194,73,1986560,24384
10,175,1986735,24385
311,26,1986761,24386
48,131,1986892,24387
12,56,1986948,24388
149,187,1987135,24389
237,26,1987161,24390
293,17,1987178,24391
209,51,1987229,24392
17,17,1987246,24393
408,133,1987379,24394
493,14,1987393,24395
178,98,1987491,24396
138,9,1987500,24397
848,97,1987597,24398
4027,21,1987618,24399
2300,37,1987655,24400
150,8,1987663,24401
99,26,1987689,24402
3416,9,1987698,24403
329,84,1987782,24404
128,38,1987820,24405
3911,102,1987922,24406
92,63,1987985,24407
212,36,1988021,24408
185,230,1988251,24409
333,30,1988281,24410
325,88,1988369,24411
1858,30,1988399,24412
114,514,1988913,24413
2708,638,1989551,24414
3235,220,1989771,24415
190,133,1989904,24416
63,41,1989945,24417
2346,101,1990046,24418
70,2,1990048,24419
21,47,1990095,24420
86,11,1990106,24421
416,32,1990138,24422
13,48,1990186,24423
2304,13,1990199,24424
490,152,1990351,24425
554,100,1990451,24426
1977,30,1990481,24427
60,215,1990696,24428
10,235,1990931,24429
2996,303,1991234,24430
3693,212,1991446,24431
2464,423,1991869,24432
9,10,1991879,24433
292,13,1991892,24434
1431,65,1991957,24435
464,21,1991978,24436
111,15,1991993,24437
111,5,1991998,24438
250,269,1992267,24439
3248,53,1992320,24440
687,243,1992563,24441
139,109,1992672,24442
406,37,1992709,24443
224,17,1992726,24444
3910,45,1992771,24445
57,92,1992863,24446
10,30,1992893,24447
2994,63,1992956,24448
285,19,1992975,24449
573,37,1993012,24450
177,15,1993027,24451
729,60,1993087,24452
1782,31,1993118,24453
3347,58,1993176,24454
41,19,1993195,24455
375,358,1993553,24456
331,77,1993630,24457
104,3,1993633,24458
131,552,1994185,24459
541,50,1994235,24460
398,5,1994240,24461
617,14,1994254,24462
1207,120,1994374,24463
30,30,1994404,24464
964,213,1994617,24465
389,2,1994619,24466
280,6,1994625,24467
284,68,1994693,24468
3659,19,1994712,24469
109,289,1995001,24470
798,35,1995036,24471
132,45,1995081,24472
30,32,1995113,24473
313,32,1995145,24474
185,29,1995174,24475
141,12,1995186,24476
1184,160,1995346,24477
357,43,1995389,24478
271,144,1995533,24479
208,83,1995616,24480
97,75,1995691,24481
3818,86,1995777,24482
3938,11,1995788,24483
978,241,1996029,24484
379,65,1996094,24485
51,94,1996188,24486
544,217,1996405,24487
687,81,1996486,24488
423,39,1996525,24489
2213,121,1996646,24490
265,39,1996685,24491
154,75,1996760,24492
905,266,1997026,24493
1614,29,1997055,24494
109,52,1997107,24495
364,97,1997204,24496
144,74,1997278,24497
17,92,1997370,24498
155,88,1997458,24499
769,59,1997517,24500
429,28,1997545,24501
353,21,1997566,24502
57,8,1997574,24503
399,238,1997812,24504
153,52,1997864,24505
3225,11,1997875,24506
10,88,1997963,24507
2739,152,1998115,24508
485,255,1998370,24509
194,65,1998435,24510
401,126,1998561,24511
2469,37,1998598,24512
2577,142,1998740,24513
135,13,1998753,24514
159,63,1998816,24515
619,3,1998819,24516
1264,15,1998834,24517
151,200,1999034,24518
1606,371,1999405,24519
227,54,1999459,24520
113,162,1999621,24521
168,9,1999630,24522
432,14,1999644,24523
366,72,1999716,24524
53,19,1999735,24525
53,73,1999808,24526
573,30,1999838,24527
117,57,1999895,24528
369,82,1999977,24529
312,56,2000033,24530
392,51,2000084,24531
276,18,2000102,24532
319,36,2000138,24533
289,29,2000167,24534
48,70,2000237,24535
147,108,2000345,24536
215,6,2000351,24537
1940,30,2000381,24538
151,331,2000712,24539
480,145,2000857,24540
11,128,2000985,24541
2884,78,2001063,24542
439,24,2001087,24543
22,11,2001098,24544
382,62,2001160,24545
335,51,2001211,24546
200,38,2001249,24547
102,13,2001262,24548
2550,115,2001377,24549
104,110,2001487,24550
80,69,2001556,24551
191,106,2001662,24552
10,133,2001795,24553
353,85,2001880,24554
323,5,2001885,24555
418,294,2002179,24556
165,29,2002208,24557
179,9,2002217,24558
41,55,2002272,24559
3770,156,2002428,24560
113,452,2002880,24561
160,99,2002979,24562
133,96,2003075,24563
40,65,2003140,24564
13,39,2003179,24565
12,180,2003359,24566
11,41,2003400,24567
564,66,2003466,24568
347,57,2003523,24569
1574,142,2003665,24570
184,132,2003797,24571
129,78,2003875,24572
221,261,2004136,24573
12,54,2004190,24574
828,69,2004259,24575
59,49,2004308,24576
16,42,2004350,24577
135,5,2004355,24578
380,60,2004415,24579
448,12,2004427,24580
119,86,2004513,24581
87,3,2004516,24582
39,47,2004563,24583
35,335,2004898,24584
54,74,2004972,24585
408,43,2005015,24586
1864,32,2005047,24587
339,134,2005181,24588
38,351,2005532,24589
1419,11,2005543,24590
479,82,2005625,24591
187,271,2005896,24592
246,285,2006181,24593
490,90,2006271,24594
318,97,2006368,24595
4002,11,2006379,24596
450,17,2006396,24597
353,8,2006404,24598
192,70,2006474,24599
1007,3,2006477,24600
2751,148,2006625,24601
343,79,2006704,24602
10,135,2006839,24603
305,79,2006918,24604
103,17,2006935,24605
258,216,2007151,24606
101,167,2007318,24607
386,12,2007330,24608
19,31,2007361,24609
305,33,2007394,24610
1911,131,2007525,24611
1501,19,2007544,24612
125,19,2007563,24613
280,167,2007730,24614
126,18,2007748,24615
136,121,2007869,24616
418,20,2007889,24617
258,44,2007933,24618
92,71,2008004,24619
12,217,2008221,24620
356,53,2008274,24621
2709,148,2008422,24622
1636,20,2008442,24623
2541,10,2008452,24624
3930,178,2008630,24625
47,14,2008644,24626
3272,22,2008666,24627
208,9,2008675,24628
450,187,2008862,24629
874,117,2008979,24630
193,147,2009126,24631
11,280,2009406,24632
167,192,2009598,24633
930,69,2009667,24634
2152,29,2009696,24635
16,1,2009697,24636
401,43,2009740,24637
14,87,2009827,24638
286,90,2009917,24639
211,25,2009942,24640
125,31,2009973,24641
239,53,2010026,24642
157,86,2010112,24643
12,2,2010114,24644
303,77,2010191,24645
139,113,2010304,24646
145,277,2010581,24647
358,83,2010664,24648
455,24,2010688,24649
57,59,2010747,24650
1424,57,2010804,24651
193,6,2010810,24652
290,12,2010822,24653
105,22,2010844,24654
310,35,2010879,24655
3565,203,2011082,24656
1885,118,2011200,24657
177,397,2011597,24658
148,19,2011616,24659
162,32,2011648,24660
184,26,2011674,24661
13,106,2011780,24662
38,201,2011981,24663
51,215,2012196,24664
3795,80,2012276,24665
2839,46,2012322,24666
420,16,2012338,24667
14,128,2012466,24668
560,181,2012647,24669
3898,78,2012725,24670
118,61,2012786,24671
472,46,2012832,24672
2134,5,2012837,24673
263,71,2012908,24674
1689,58,2012966,24675
634,251,2013217,24676
577,100,2013317,24677
302,67,2013384,24678
1658,149,2013533,24679
374,82,2013615,24680
293,15,2013630,24681
189,41,2013671,24682
309,46,2013717,24683
3950,204,2013921,24684
2635,44,2013965,24685
464,70,2014035,24686
149,1,2014036,24687
993,84,2014120,24688
512,1,2014121,24689
976,63,2014184,24690
28,15,2014199,24691
323,106,2014305,24692
465,120,2014425,24693
449,95,2014520,24694
3556,2,2014522,24695
60,64,2014586,24696
199,16,2014602,24697
1355,46,2014648,24698
317,182,2014830,24699
3471,75,2014905,24700
293,7,2014912,24701
36,81,2014993,24702
1004,17,2015010,24703
2911,91,2015101,24704
286,58,2015159,24705
379,5,2015164,24706
418,1,2015165,24707
216,264,2015429,24708
255,73,2015502,24709
23,7,2015509,24710
499,262,2015771,24711
2371,54,2015825,24712
145,71,2015896,24713
367,44,2015940,24714
3718,63,2016003,24715
615,88,2016091,24716
508,63,2016154,24717
1569,29,2016183,24718
99,80,2016263,24719
229,6,2016269,24720
2150,23,2016292,24721
422,101,2016393,24722
306,85,2016478,24723
393,99,2016577,24724
1353,53,2016630,24725
60,103,2016733,24726
206,13,2016746,24727
382,191,2016937,24728
322,2,2016939,24729
17,214,2017153,24730
385,314,2017467,24731
51,42,2017509,24732
311,61,2017570,24733
3356,190,2017760,24734
80,57,2017817,24735
3255,105,2017922,24736
321,391,2018313,24737
82,9,2018322,24738
116,167,2018489,24739
11,61,2018550,24740
154,36,2018586,24741
179,4,2018590,24742
169,75,2018665,24743
1893,12,2018677,24744
366,35,2018712,24745
61,221,2018933,24746
2947,114,2019047,24747
101,52,2019099,24748
4012,36,2019135,24749
13,36,2019171,24750
311,54,2019225,24751
112,121,2019346,24752
38,110,2019456,24753
32,267,2019723,24754
201,155,2019878,24755
1163,8,2019886,24756
275,25,2019911,24757
2083,35,2019946,24758
807,103,2020049,24759
157,256,2020305,24760
2166,6,2020311,24761
172,5,2020316,24762
3013,72,2020388,24763
2577,31,2020419,24764
160,50,2020469,24765
104,9,2020478,24766
147,5,2020483,24767
157,24,2020507,24768
3905,176,2020683,24769
321,136,2020819,24770
1289,18,2020837,24771
145,7,2020844,24772
148,131,2020975,24773
168,133,2021108,24774
18,36,2021144,24775
10,23,2021167,24776
108,131,2021298,24777
15,101,2021399,24778
133,312,2021711,24779
164,68,2021779,24780
253,124,2021903,24781
65,56,2021959,24782
212,33,2021992,24783
58,56,2022048,24784
535,290,2022338,24785
236,82,2022420,24786
2897,25,2022445,24787
414,34,2022479,24788
165,89,2022568,24789
129,74,2022642,24790
217,159,2022801,24791
10,192,2022993,24792
78,47,2023040,24793
73,14,2023054,24794
3611,10,2023064,24795
2302,41,2023105,24796
4089,115,2023220,24797
123,4,2023224,24798
275,89,2023313,24799
16,8,2023321,24800
103,53,2023374,24801
18,440,2023814,24802
128,13,2023827,24803
285,11,2023838,24804
219,127,2023965,24805
325,21,2023986,24806
131,134,2024120,24807
10,73,2024193,24808
320,5,2024198,24809
66,57,2024255,24810
13,59,2024314,24811
437,4,2024318,24812
139,20,2024338,24813
76,163,2024501,24814
362,12,2024513,24815
101,91,2024604,24816
15,32,2024636,24817
274,176,2024812,24818
1932,179,2024991,24819
268,57,2025048,24820
493,51,2025099,24821
487,59,2025158,24822
11,86,2025244,24823
72,159,2025403,24824
108,121,2025524,24825
531,12,2025536,24826
110,222,2025758,24827
85,42,2025800,24828
4061,30,2025830,24829
377,11,2025841,24830
373,58,2025899,24831
394,27,2025926,24832
117,32,2025958,24833
3697,104,2026062,24834
1314,195,2026257,24835
3341,31,2026288,24836
87,76,2026364,24837
2146,46,2026410,24838
414,20,2026430,24839
3547,2,2026432,24840
157,27,2026459,24841
291,192,2026651,24842
382,178,2026829,24843
103,10,2026839,24844
156,164,2027003,24845
157,20,2027023,24846
327,15,2027038,24847
1170,60,2027098,24848
170,4,2027102,24849
141,127,2027229,24850
392,69,2027298,24851
650,11,2027309,24852
140,145,2027454,24853
333,60,2027514,24854
383,81,2027595,24855
46,160,2027755,24856
263,54,2027809,24857
314,232,2028041,24858
3486,164,2028205,24859
200,51,2028256,24860
417,1,2028257,24861
201,70,2028327,24862
305,38,2028365,24863
358,14,2028379,24864
318,18,2028397,24865
814,24,2028421,24866
66,10,2028431,24867
148,57,2028488,24868
2304,79,2028567,24869
175,11,2028578,24870
444,5,2028583,24871
132,115,2028698,24872
70,4,2028702,24873
434,9,2028711,24874
424,141,2028852,24875
337,125,2028977,24876
1615,40,2029017,24877
348,278,2029295,24878
402,47,2029342,24879
1748,168,2029510,24880
313,37,2029547,24881
354,5,2029552,24882
1787,160,2029712,24883
105,62,2029774,24884
1924,90,2029864,24885
320,55,2029919,24886
219,51,2029970,24887
103,9,2029979,24888
270,282,2030261,24889
285,68,2030329,24890
1419,72,2030401,24891
214,60,2030461,24892
348,124,2030585,24893
75,19,2030604,24894
20,175,2030779,24895
291,211,2030990,24896
447,151,2031141,24897
30,48,2031189,24898
16,264,2031453,24899
476,190,2031643,24900
548,14,2031657,24901
3316,18,2031675,24902
371,30,2031705,24903
201,106,2031811,24904
339,8,2031819,24905
63,2,2031821,24906
189,65,2031886,24907
1915,28,2031914,24908
16,26,2031940,24909
191,226,2032166,24910
150,39,2032205,24911
1885,2,2032207,24912
926,28,2032235,24913
1099,216,2032451,24914
1910,41,2032492,24915
2442,15,2032507,24916
1274,203,2032710,24917
334,220,2032930,24918
896,97,2033027,24919
1743,62,2033089,24920
182,17,2033106,24921
133,33,2033139,24922
3543,6,2033145,24923
3589,44,2033189,24924
103,23,2033212,24925
10,37,2033249,24926
255,90,2033339,24927
279,33,2033372,24928
90,16,2033388,24929
383,90,2033478,24930
210,19,2033497,24931
137,174,2033671,24932
3904,21,2033692,24933
145,4,2033696,24934
166,15,2033711,24935
541,92,2033803,24936
111,188,2033991,24937
124,17,2034008,24938
167,54,2034062,24939
384,173,2034235,24940
134,9,2034244,24941
138,147,2034391,24942
533,72,2034463,24943
354,22,2034485,24944
4046,45,2034530,24945
2859,45,2034575,24946
3067,74,2034649,24947
3881,149,2034798,24948
286,17,2034815,24949
19,96,2034911,24950
344,232,2035143,24951
1642,44,2035187,24952
20,3,2035190,24953
313,143,2035333,24954
556,20,2035353,24955
266,55,2035408,24956
3794,6,2035414,24957
189,83,2035497,24958
343,12,2035509,24959
143,11,2035520,24960
58,391,2035911,24961
1072,135,2036046,24962
253,46,2036092,24963
2266,240,2036332,24964
2873,23,2036355,24965
177,8,2036363,24966
289,30,2036393,24967
152,20,2036413,24968
333,19,2036432,24969
15,113,2036545,24970
357,7,2036552,24971
109,63,2036615,24972
412,117,2036732,24973
17,32,2036764,24974
253,95,2036859,24975
1170,145,2037004,24976
123,69,2037073,24977
171,11,2037084,24978
117,41,2037125,24979
449,7,2037132,24980
51,410,2037542,24981
147,17,2037559,24982
141,120,2037679,24983
110,58,2037737,24984
322,131,2037868,24985
339,36,2037904,24986
383,20,2037924,24987
484,44,2037968,24988
14,32,2038000,24989
294,10,2038010,24990
326,21,2038031,24991
35,1,2038032,24992
304,128,2038160,24993
151,15,2038175,24994
3618,47,2038222,24995
265,1,2038223,24996
132,2,2038225,24997
27,14,2038239,24998
253,34,2038273,24999
141,94,2038367,25000
95,179,2038546,25001
187,29,2038575,25002
99,167,2038742,25003
306,51,2038793,25004
31,34,2038827,25005
479,5,2038832,25006
310,125,2038957,25007
2731,123,2039080,25008
152,107,2039187,25009
547,34,2039221,25010
1472,75,2039296,25011
103,37,2039333,25012
1533,74,2039407,25013
90,77,2039484,25014
127,78,2039562,25015
2026,75,2039637,25016
384,104,2039741,25017
251,237,2039978,25018
128,14,2039992,25019
224,140,2040132,25020
674,30,2040162,25021
1668,56,2040218,25022
227,321,2040539,25023
268,217,2040756,25024
297,67,2040823,25025
178,25,2040848,25026
168,16,2040864,25027
1377,7,2040871,25028
758,152,2041023,25029
321,107,2041130,25030
270,144,2041274,25031
115,57,2041331,25032
14,340,2041671,25033
553,40,2041711,25034
573,35,2041746,25035
480,345,2042091,25036
130,140,2042231,25037
123,53,2042284,25038
368,9,2042293,25039
916,126,2042419,25040
132,75,2042494,25041
76,31,2042525,25042
2841,2,2042527,25043
1864,4,2042531,25044
140,194,2042725,25045
367,24,2042749,25046
153,85,2042834,25047
56,94,2042928,25048
202,10,2042938,25049
1225,2,2042940,25050
163,24,2042964,25051
155,35,2042999,25052
653,11,2043010,25053
196,33,2043043,25054
45,4,2043047,25055
3623,102,2043149,25056
1999,67,2043216,25057
108,179,2043395,25058
17,59,2043454,25059
1020,10,2043464,25060
11,34,2043498,25061
1980,47,2043545,25062
2934,110,2043655,25063
61,18,2043673,25064
9,7,2043680,25065
18,21,2043701,25066
296,164,2043865,25067
247,25,2043890,25068
415,159,2044049,25069
628,55,2044104,25070
78,5,2044109,25071
187,13,2044122,25072
2077,259,2044381,25073
378,84,2044465,25074
167,210,2044675,25075
51,11,2044686,25076
188,66,2044752,25077
470,93,2044845,25078
283,36,2044881,25079
366,35,2044916,25080
127,55,2044971,25081
657,111,2045082,25082
13,127,2045209,25083
141,28,2045237,25084
3065,33,2045270,25085
10,3,2045273,25086
97,12,2045285,25087
144,39,2045324,25088
345,40,2045364,25089
1125,26,2045390,25090
445,15,2045405,25091
48,19,2045424,25092
1791,41,2045465,25093
288,89,2045554,25094
54,63,2045617,25095
531,238,2045855,25096
18,7,2045862,25097
290,35,2045897,25098
539,20,2045917,25099
22,3,2045920,25100
69,51,2045971,25101
125,72,2046043,25102
109,220,2046263,25103
410,36,2046299,25104
393,5,2046304,25105
288,19,2046323,25106
519,6,2046329,25107
322,38,2046367,25108
690,57,2046424,25109
63,66,2046490,25110
85,3,2046493,25111
188,96,2046589,25112
1812,15,2046604,25113
239,51,2046655,25114
88,191,2046846,25115
3578,86,2046932,25116
3228,368,2047300,25117
2273,23,2047323,25118
154,106,2047429,25119
229,40,2047469,25120
315,14,2047483,25121
15,138,2047621,25122
165,98,2047719,25123
91,159,2047878,25124
2995,27,2047905,25125
469,96,2048001,25126
185,222,2048223,25127
2163,13,2048236,25128
294,25,2048261,25129
127,72,2048333,25130
77,244,2048577,25131
78,23,2048600,25132
405,30,2048630,25133
290,59,2048689,25134
3000,109,2048798,25135
388,4,2048802,25136
457,91,2048893,25137
552,45,2048938,25138
189,4,2048942,25139
47,524,2049466,25140
49,105,2049571,25141
24,63,2049634,25142
33,47,2049681,25143
377,52,2049733,25144
142,256,2049989,25145
212,61,2050050,25146
786,40,2050090,25147
454,14,2050104,25148
297,119,2050223,25149
2574,49,2050272,25150
503,67,2050339,25151
2096,112,2050451,25152
44,31,2050482,25153
564,70,2050552,25154
313,41,2050593,25155
410,15,2050608,25156
1115,21,2050629,25157
477,4,2050633,25158
274,13,2050646,25159
186,136,2050782,25160
18,7,2050789,25161
1967,32,2050821,25162
367,29,2050850,25163
1045,166,2051016,25164
152,82,2051098,25165
362,136,2051234,25166
3989,34,2051268,25167
3437,39,2051307,25168
2239,2,2051309,25169
3470,23,2051332,25170
432,180,2051512,25171
1423,119,2051631,25172
183,10,2051641,25173
102,102,2051743,25174
285,112,2051855,25175
2302,30,2051885,25176
3857,34,2051919,25177
150,19,2051938,25178
578,209,2052147,25179
180,33,2052180,25180
55,146,2052326,25181
122,186,2052512,25182
318,20,2052532,25183
1874,15,2052547,25184
140,39,2052586,25185
2361,14,2052600,25186
32,81,2052681,25187
1926,66,2052747,25188
197,5,2052752,25189
72,63,2052815,25190
253,40,2052855,25191
204,108,2052963,25192
118,53,2053016,25193
204,32,2053048,25194
3500,150,2053198,25195
3523,93,2053291,25196
290,33,2053324,25197
343,6,2053330,25198
10,35,2053365,25199
103,271,2053636,25200
131,150,2053786,25201
1476,67,2053853,25202
140,31,2053884,25203
496,201,2054085,25204
3504,165,2054250,25205
11,11,2054261,25206
144,12,2054273,25207
124,205,2054478,25208
468,74,2054552,25209
13,65,2054617,25210
36,275,2054892,25211
350,44,2054936,25212
304,67,2055003,25213
67,9,2055012,25214
535,33,2055045,25215
109,77,2055122,25216
3155,107,2055229,25217
953,117,2055346,25218
9,46,2055392,25219
258,21,2055413,25220
16,261,2055674,25221
67,78,2055752,25222
147,40,2055792,25223
99,19,2055811,25224
115,292,2056103,25225
205,79,2056182,25226
140,149,2056331,25227
366,355,2056686,25228
286,29,2056715,25229
66,45,2056760,25230
436,78,2056838,25231
1591,85,2056923,25232
451,21,2056944,25233
118,34,2056978,25234
2515,77,2057055,25235
117,57,2057112,25236
132,49,2057161,25237
3895,9,2057170,25238
518,19,2057189,25239
140,3,2057192,25240
193,280,2057472,25241
870,40,2057512,25242
194,51,2057563,25243
1303,25,2057588,25244
3112,54,2057642,25245
501,38,2057680,25246
317,30,2057710,25247
1979,122,2057832,25248
402,22,2057854,25249
426,79,2057933,25250
2886,124,2058057,25251
3073,104,2058161,25252
2909,67,2058228,25253
538,17,2058245,25254
134,71,2058316,25255
3873,360,2058676,25256
41,180,2058856,25257
532,4,2058860,25258
379,64,2058924,25259
129,13,2058937,25260
1615,80,2059017,25261
33,93,2059110,25262
2696,13,2059123,25263
561,4,2059127,25264
74,77,2059204,25265
137,40,2059244,25266
1127,100,2059344,25267
182,23,2059367,25268
147,91,2059458,25269
275,219,2059677,25270
125,60,2059737,25271
120,18,2059755,25272
82,94,2059849,25273
35,15,2059864,25274
537,19,2059883,25275
3062,17,2059900,25276
1854,98,2059998,25277
134,161,2060159,25278
61,132,2060291,25279
2061,152,2060443,25280
11,264,2060707,25281
348,129,2060836,25282
387,14,2060850,25283
191,116,2060966,25284
143,10,2060976,25285
394,4,2060980,25286
137,151,2061131,25287
15,243,2061374,25288
203,25,2061399,25289
3293,134,2061533,25290
492,116,2061649,25291
751,119,2061768,25292
344,51,2061819,25293
20,1,2061820,25294
438,8,2061828,25295
1981,77,2061905,25296
291,58,2061963,25297
213,38,2062001,25298
152,23,2062024,25299
363,74,2062098,25300
164,27,2062125,25301
140,43,2062168,25302
3131,5,2062173,25303
3298,185,2062358,25304
230,50,2062408,25305
240,179,2062587,25306
3660,4,2062591,25307
291,22,2062613,25308
603,18,2062631,25309
2076,61,2062692,25310
2744,168,2062860,25311
13,88,2062948,25312
366,56,2063004,25313
408,223,2063227,25314
140,46,2063273,25315
2868,117,2063390,25316
102,22,2063412,25317
430,79,2063491,25318
17,29,2063520,25319
115,213,2063733,25320
618,170,2063903,25321
18,14,2063917,25322
527,23,2063940,25323
138,62,2064002,25324
329,54,2064056,25325
339,80,2064136,25326
17,8,2064144,25327
145,17,2064161,25328
307,24,2064185,25329
9,23,2064208,25330
427,146,2064354,25331
95,37,2064391,25332
244,10,2064401,25333
98,80,2064481,25334
192,154,2064635,25335
287,143,2064778,25336
173,94,2064872,25337
91,25,2064897,25338
24,240,2065137,25339
329,60,2065197,25340
85,87,2065284,25341
29,46,2065330,25342
344,127,2065457,25343
368,56,2065513,25344
115,392,2065905,25345
4038,82,2065987,25346
2962,7,2065994,25347
3440,78,2066072,25348
461,29,2066101,25349
245,5,2066106,25350
102,37,2066143,25351
101,27,2066170,25352
199,54,2066224,25353
313,23,2066247,25354
197,185,2066432,25355
3492,166,2066598,25356
224,61,2066659,25357
134,44,2066703,25358
1152,128,2066831,25359
4019,17,2066848,25360
2704,32,2066880,25361
115,106,2066986,25362
745,8,2066994,25363
12,23,2067017,25364
547,72,2067089,25365
132,91,2067180,25366
311,218,2067398,25367
389,3,2067401,25368
262,236,2067637,25369
137,38,2067675,25370
105,483,2068158,25371
238,18,2068176,25372
110,48,2068224,25373
3194,180,2068404,25374
13,2,2068406,25375
148,15,2068421,25376
469,38,2068459,25377
408,87,2068546,25378
435,26,2068572,25379
2616,31,2068603,25380
1264,144,2068747,25381
95,75,2068822,25382
332,305,2069127,25383
206,94,2069221,25384
330,184,2069405,25385
306,140,2069545,25386
338,25,2069570,25387
301,141,2069711,25388
235,22,2069733,25389
352,33,2069766,25390
1836,100,2069866,25391
117,52,2069918,25392
75,140,2070058,25393
11,224,2070282,25394
568,388,2070670,25395
356,191,2070861,25396
86,100,2070961,25397
124,133,2071094,25398
274,192,2071286,25399
2680,129,2071415,25400
241,177,2071592,25401
431,113,2071705,25402
130,445,2072150,25403
844,104,2072254,25404
502,43,2072297,25405
84,29,2072326,25406
256,117,2072443,25407
346,163,2072606,25408
377,37,2072643,25409
262,448,2073091,25410
108,150,2073241,25411
203,19,2073260,25412
167,102,2073362,25413
371,147,2073509,25414
177,112,2073621,25415
3901,28,2073649,25416
147,241,2073890,25417
327,182,2074072,25418
459,10,2074082,25419
129,22,2074104,25420
486,167,2074271,25421
178,50,2074321,25422
504,32,2074353,25423
599,109,2074462,25424
314,3,2074465,25425
136,41,2074506,25426
286,19,2074525,25427
209,65,2074590,25428
382,108,2074698,25429
2394,69,2074767,25430
2518,40,2074807,25431
125,99,2074906,25432
246,79,2074985,25433
141,97,2075082,25434
1745,6,2075088,25435
233,42,2075130,25436
26,185,2075315,25437
154,123,2075438,25438
30,13,2075451,25439
119,35,2075486,25440
512,6,2075492,25441
136,88,2075580,25442
782,52,2075632,25443
282,176,2075808,25444
173,50,2075858,25445
3788,1,2075859,25446
3575,82,2075941,25447
42,3,2075944,25448
185,71,2076015,25449
279,11,2076026,25450
362,56,2076082,25451
169,57,2076139,25452
14,775,2076914,25453
113,154,2077068,25454
89,90,2077158,25455
22,212,2077370,25456
281,87,2077457,25457
625,25,2077482,25458
684,51,2077533,25459
276,17,2077550,25460
827,1,2077551,25461
282,1,2077552,25462
2920,64,2077616,25463
344,10,2077626,25464
603,208,2077834,25465
14,95,2077929,25466
115,1,2077930,25467
369,38,2077968,25468
2644,36,2078004,25469
3489,49,2078053,25470
157,17,2078070,25471
252,19,2078089,25472
149,116,2078205,25473
1725,57,2078262,25474
379,48,2078310,25475
272,87,2078397,25476
498,15,2078412,25477
159,32,2078444,25478
3122,35,2078479,25479
1276,5,2078484,25480
1354,3,2078487,25481
895,36,2078523,25482
517,167,2078690,25483
40,67,2078757,25484
3524,19,2078776,25485
257,108,2078884,25486
116,84,2078968,25487
338,162,2079130,25488
13,4,2079134,25489
11,104,2079238,25490
358,22,2079260,25491
1072,112,2079372,25492
553,75,2079447,25493
430,31,2079478,25494
95,54,2079532,25495
14,111,2079643,25496
144,82,2079725,25497
181,41,2079766,25498
2818,20,2079786,25499
2954,109,2079895,25500
16,51,2079946,25501
50,189,2080135,25502
174,169,2080304,25503
479,97,2080401,25504
3373,14,2080415,25505
127,35,2080450,25506
126,5,2080455,25507
215,36,2080491,25508
135,122,2080613,25509
39,160,2080773,25510
131,48,2080821,25511
156,7,2080828,25512
160,3,2080831,25513
326,154,2080985,25514
1712,6,2080991,25515
114,12,2081003,25516
9,183,2081186,25517
1484,4,2081190,25518
129,187,2081377,25519
11,345,2081722,25520
165,32,2081754,25521
130,9,2081763,25522
116,50,2081813,25523
310,40,2081853,25524
132,25,2081878,25525
1308,170,2082048,25526
117,227,2082275,25527
180,30,2082305,25528
190,10,2082315,25529
2279,87,2082402,25530
1490,98,2082500,25531
1297,71,2082571,25532
341,225,2082796,25533
292,79,2082875,25534
28,49,2082924,25535
304,197,2083121,25536
21,56,2083177,25537
243,77,2083254,25538
327,14,2083268,25539
672,222,2083490,25540
705,184,2083674,25541
346,93,2083767,25542
168,136,2083903,25543
218,271,2084174,25544
286,27,2084201,25545
3924,37,2084238,25546
226,116,2084354,25547
50,108,2084462,25548
324,54,2084516,25549
214,198,2084714,25550
11,13,2084727,25551
90,24,2084751,25552
382,56,2084807,25553
16,29,2084836,25554
367,45,2084881,25555
80,17,2084898,25556
264,44,2084942,25557
95,30,2084972,25558
29,37,2085009,25559
13,176,2085185,25560
1858,19,2085204,25561
185,66,2085270,25562
147,375,2085645,25563
18,47,2085692,25564
139,111,2085803,25565
141,257,2086060,25566
57,428,2086488,25567
2246,149,2086637,25568
164,56,2086693,25569
108,47,2086740,25570
400,444,2087184,25571
1445,173,2087357,25572
420,162,2087519,25573
117,6,2087525,25574
991,45,2087570,25575
171,67,2087637,25576
3953,54,2087691,25577
112,77,2087768,25578
275,26,2087794,25579
281,177,2087971,25580
89,11,2087982,25581
191,2,2087984,25582
154,159,2088143,25583
3983,14,2088157,25584
927,10,2088167,25585
30,17,2088184,25586
1560,33,2088217,25587
325,263,2088480,25588
15,239,2088719,25589
3732,231,2088950,25590
2897,22,2088972,25591
315,212,2089184,25592
13,38,2089222,25593
399,61,2089283,25594
3579,69,2089352,25595
129,277,2089629,25596
594,24,2089653,25597
2373,78,2089731,25598
152,42,2089773,25599
303,13,2089786,25600
573,20,2089806,25601
190,317,2090123,25602
2604,125,2090248,25603
142,88,2090336,25604
140,57,2090393,25605
1703,12,2090405,25606
1289,49,2090454,25607
231,126,2090580,25608
318,52,2090632,25609
35,94,2090726,25610
198,81,2090807,25611
373,358,2091165,25612
14,4,2091169,25613
98,142,2091311,25614
411,27,2091338,25615
700,152,2091490,25616
10,2,2091492,25617
12,56,2091548,25618
295,16,2091564,25619
1191,329,2091893,25620
17,3,2091896,25621
10,128,2092024,25622
214,60,2092084,25623
10,3,2092087,25624
318,340,2092427,25625
12,330,2092757,25626
31,96,2092853,25627
605,3,2092856,25628
150,57,2092913,25629
22,11,2092924,25630
362,29,2092953,25631
237,67,2093020,25632
312,10,2093030,25633
12,81,2093111,25634
127,160,2093271,25635
2301,40,2093311,25636
338,112,2093423,25637
491,29,2093452,25638
194,75,2093527,25639
294,121,2093648,25640
57,115,2093763,25641
452,212,2093975,25642
245,75,2094050,25643
556,20,2094070,25644
41,42,2094112,25645
54,232,2094344,25646
3716,38,2094382,25647
117,9,2094391,25648
16,139,2094530,25649
150,104,2094634,25650
2336,82,2094716,25651
163,73,2094789,25652
3784,305,2095094,25653
2465,342,2095436,25654
295,138,2095574,25655
3138,46,2095620,25656
123,135,2095755,25657
128,61,2095816,25658
129,92,2095908,25659
83,144,2096052,25660
314,4,2096056,25661
14,172,2096228,25662
1975,77,2096305,25663
279,102,2096407,25664
2174,1,2096408,25665
1446,244,2096652,25666
365,93,2096745,25667
432,56,2096801,25668
2643,31,2096832,25669
215,27,2096859,25670
2517,24,2096883,25671
337,31,2096914,25672
143,74,2096988,25673
390,242,2097230,25674
11,2,2097232,25675
352,4,2097236,25676
363,49,2097285,25677
326,19,2097304,25678
110,106,2097410,25679
202,30,2097440,25680
172,34,2097474,25681
127,27,2097501,25682
140,74,2097575,25683
3578,128,2097703,25684
216,33,2097736,25685
152,32,2097768,25686
61,208,2097976,25687
903,22,2097998,25688
1875,25,2098023,25689
2570,125,2098148,25690
395,113,2098261,25691
3831,20,2098281,25692
3097,33,2098314,25693
130,21,2098335,25694
409,15,2098350,25695
208,179,2098529,25696
335,9,2098538,25697
164,394,2098932,25698
156,24,2098956,25699
14,81,2099037,25700
1205,117,2099154,25701
178,91,2099245,25702
363,24,2099269,25703
3928,48,2099317,25704
2152,162,2099479,25705
40,28,2099507,25706
125,85,2099592,25707
23,27,2099619,25708
334,20,2099639,25709
141,5,2099644,25710
2393,184,2099828,25711
1880,43,2099871,25712
147,13,2099884,25713
51,191,2100075,25714
410,10,2100085,25715
2995,150,2100235,25716
14,124,2100359,25717
664,21,2100380,25718
350,120,2100500,25719
167,252,2100752,25720
275,162,2100914,25721
131,51,2100965,25722
346,86,2101051,25723
3270,22,2101073,25724
354,57,2101130,25725
341,78,2101208,25726
13,109,2101317,25727
1187,49,2101366,25728
62,28,2101394,25729
513,178,2101572,25730
98,107,2101679,25731
3578,56,2101735,25732
51,380,2102115,25733
240,12,2102127,25734
51,83,2102210,25735
153,409,2102619,25736
409,31,2102650,25737
543,41,2102691,25738
212,39,2102730,25739
88,272,2103002,25740
56,16,2103018,25741
1093,14,2103032,25742
340,196,2103228,25743
140,133,2103361,25744
352,72,2103433,25745
148,98,2103531,25746
135,62,2103593,25747
318,232,2103825,25748
272,100,2103925,25749
387,93,2104018,25750
226,111,2104129,25751
15,32,2104161,25752
263,133,2104294,25753
348,21,2104315,25754
123,29,2104344,25755
331,61,2104405,25756
200,96,2104501,25757
92,54,2104555,25758
327,26,2104581,25759
547,20,2104601,25760
3004,7,2104608,25761
473,4,2104612,25762
970,186,2104798,25763
267,35,2104833,25764
102,72,2104905,25765
109,33,2104938,25766
66,75,2105013,25767
1285,88,2105101,25768
146,59,2105160,25769
501,9,2105169,25770
283,14,2105183,25771
288,10,2105193,25772
180,161,2105354,25773
135,28,2105382,25774
453,26,2105408,25775
135,41,2105449,25776
155,98,2105547,25777
986,142,2105689,25778
62,297,2105986,25779
128,30,2106016,25780
836,74,2106090,25781
294,293,2106383,25782
471,10,2106393,25783
785,49,2106442,25784
471,16,2106458,25785
536,67,2106525,25786
144,91,2106616,25787
2514,344,2106960,25788
396,70,2107030,25789
345,45,2107075,25790
1632,19,2107094,25791
451,115,2107209,25792
369,98,2107307,25793
3639,141,2107448,25794
259,5,2107453,25795
30,86,2107539,25796
138,4,2107543,25797
2788,101,2107644,25798
141,12,2107656,25799
232,33,2107689,25800
161,86,2107775,25801
327,16,2107791,25802
3500,31,2107822,25803
155,221,2108043,25804
26,116,2108159,25805
3892,21,2108180,25806
3832,53,2108233,25807
460,77,2108310,25808
175,37,2108347,25809
112,20,2108367,25810
127,169,2108536,25811
114,129,2108665,25812
4066,4,2108669,25813
1763,5,2108674,25814
321,41,2108715,25815
334,38,2108753,25816
156,13,2108766,25817
293,146,2108912,25818
336,29,2108941,25819
89,33,2108974,25820
153,56,2109030,25821
1597,15,2109045,25822
387,7,2109052,25823
1310,141,2109193,25824
299,33,2109226,25825
392,173,2109399,25826
3988,42,2109441,25827
103,23,2109464,25828
152,27,2109491,25829
28,19,2109510,25830
54,305,2109815,25831
250,37,2109852,25832
155,155,2110007,25833
434,218,2110225,25834
57,16,2110241,25835
130,7,2110248,25836
137,205,2110453,25837
89,78,2110531,25838
12,47,2110578,25839
140,53,2110631,25840
464,31,2110662,25841
117,126,2110788,25842
335,145,2110933,25843
81,44,2110977,25844
206,108,2111085,25845
11,112,2111197,25846
552,84,2111281,25847
33,154,2111435,25848
373,21,2111456,25849
314,36,2111492,25850
3723,29,2111521,25851
16,144,2111665,25852
319,2,2111667,25853
160,65,2111732,25854
1610,92,2111824,25855
33,130,2111954,25856
388,398,2112352,25857
377,80,2112432,25858
200,87,2112519,25859
565,130,2112649,25860
639,186,2112835,25861
327,115,2112950,25862
192,118,2113068,25863
159,20,2113088,25864
202,395,2113483,25865
183,82,2113565,25866
3106,20,2113585,25867
271,23,2113608,25868
460,141,2113749,25869
160,55,2113804,25870
159,84,2113888,25871
50,28,2113916,25872
598,77,2113993,25873
243,17,2114010,25874
300,234,2114244,25875
259,117,2114361,25876
294,21,2114382,25877
3263,116,2114498,25878
464,50,2114548,25879
114,231,2114779,25880
582,19,2114798,25881
438,167,2114965,25882
406,34,2114999,25883
150,259,2115258,25884
3484,293,2115551,25885
465,21,2115572,25886
64,189,2115761,25887
2741,118,2115879,25888
236,41,2115920,25889
271,10,2115930,25890
338,214,2116144,25891
315,49,2116193,25892
2735,47,2116240,25893
51,257,2116497,25894
3740,309,2116806,25895
144,33,2116839,25896
799,234,2117073,25897
279,235,2117308,25898
194,34,2117342,25899
23,34,2117376,25900
169,34,2117410,25901
809,83,2117493,25902
11,44,2117537,25903
40,166,2117703,25904
456,121,2117824,25905
993,199,2118023,25906
1626,8,2118031,25907
413,51,2118082,25908
127,232,2118314,25909
301,40,2118354,25910
3869,201,2118555,25911
2550,36,2118591,25912
232,1,2118592,25913
48,73,2118665,25914
125,40,2118705,25915
2993,41,2118746,25916
432,129,2118875,25917
2399,18,2118893,25918
387,3,2118896,25919
362,68,2118964,25920
200,30,2118994,25921
400,72,2119066,25922
1846,154,2119220,25923
452,60,2119280,25924
59,135,2119415,25925
35,79,2119494,25926
560,151,2119645,25927
46,48,2119693,25928
3841,207,2119900,25929
82,45,2119945,25930
186,46,2119991,25931
272,114,2120105,25932
9,81,2120186,25933
269,148,2120334,25934
14,166,2120500,25935
177,12,2120512,25936
3532,58,2120570,25937
351,31,2120601,25938
81,72,2120673,25939
316,71,2120744,25940
16,67,2120811,25941
387,75,2120886,25942
366,218,2121104,25943
378,250,2121354,25944
409,378,2121732,25945
360,94,2121826,25946
806,4,2121830,25947
1890,5,2121835,25948
202,135,2121970,25949
310,88,2122058,25950
73,15,2122073,25951
398,169,2122242,25952
372,188,2122430,25953
1031,52,2122482,25954
161,15,2122497,25955
420,127,2122624,25956
317,53,2122677,25957
2109,84,2122761,25958
391,220,2122981,25959
30,36,2123017,25960
1197,34,2123051,25961
367,238,2123289,25962
3649,43,2123332,25963
1667,47,2123379,25964
229,34,2123413,25965
135,9,2123422,25966
3328,46,2123468,25967
202,92,2123560,25968
209,46,2123606,25969
79,10,2123616,25970
427,43,2123659,25971
154,111,2123770,25972
3464,149,2123919,25973
390,60,2123979,25974
220,32,2124011,25975
2824,49,2124060,25976
427,30,2124090,25977
935,82,2124172,25978
81,1,2124173,25979
822,323,2124496,25980
143,77,2124573,25981
318,5,2124578,25982
19,3,2124581,25983
884,8,2124589,25984
2289,57,2124646,25985
803,168,2124814,25986
165,104,2124918,25987
67,54,2124972,25988
3680,78,2125050,25989
145,44,2125094,25990
4014,79,2125173,25991
177,44,2125217,25992
10,15,2125232,25993
271,14,2125246,25994
976,196,2125442,25995
150,134,2125576,25996
887,170,2125746,25997
321,4,2125750,25998
385,20,2125770,25999
169,55,2125825,26000
79,77,2125902,26001
291,65,2125967,26002
304,106,2126073,26003
183,46,2126119,26004
2905,35,2126154,26005
327,49,2126203,26006
140,76,2126279,26007
2921,12,2126291,26008
163,50,2126341,26009
13,45,2126386,26010
208,22,2126408,26011
165,75,2126483,26012
1457,27,2126510,26013
20,44,2126554,26014
229,112,2126666,26015
12,93,2126759,26016
3423,28,2126787,26017
3496,278,2127065,26018
281,13,2127078,26019
156,109,2127187,26020
734,31,2127218,26021
2053,41,2127259,26022
771,22,2127281,26023
1913,83,2127364,26024
131,90,2127454,26025
144,101,2127555,26026
141,83,2127638,26027
2954,12,2127650,26028
2154,12,2127662,26029
1544,109,2127771,26030
2769,103,2127874,26031
1578,115,2127989,26032
127,196,2128185,26033
1979,46,2128231,26034
387,164,2128395,26035
2184,33,2128428,26036
76,57,2128485,26037
151,123,2128608,26038
300,10,2128618,26039
301,170,2128788,26040
375,76,2128864,26041
132,25,2128889,26042
1036,16,2128905,26043
54,358,2129263,26044
128,14,2129277,26045
460,51,2129328,26046
1754,142,2129470,26047
3731,87,2129557,26048
571,331,2129888,26049
224,96,2129984,26050
1979,47,2130031,26051
42,69,2130100,26052
263,56,2130156,26053
111,1,2130157,26054
80,28,2130185,26055
3883,32,2130217,26056
251,13,2130230,26057
117,148,2130378,26058
177,58,2130436,26059
1876,29,2130465,26060
291,134,2130599,26061
110,261,2130860,26062
340,92,2130952,26063
780,45,2130997,26064
423,31,2131028,26065
571,82,2131110,26066
25,5,2131115,26067
1325,9,2131124,26068
119,20,2131144,26069
2666,11,2131155,26070
211,17,2131172,26071
817,82,2131254,26072
1245,198,2131452,26073
92,92,2131544,26074
1201,80,2131624,26075
89,97,2131721,26076
2707,18,2131739,26077
16,52,2131791,26078
2779,59,2131850,26079
242,15,2131865,26080
23,279,2132144,26081
232,32,2132176,26082
135,13,2132189,26083
297,116,2132305,26084
620,23,2132328,26085
38,27,2132355,26086
170,55,2132410,26087
1803,41,2132451,26088
99,57,2132508,26089
992,106,2132614,26090
475,164,2132778,26091
139,11,2132789,26092
340,27,2132816,26093
829,32,2132848,26094
468,256,2133104,26095
443,16,2133120,26096
254,20,2133140,26097
33,118,2133258,26098
124,208,2133466,26099
204,2,2133468,26100
118,63,2133531,26101
130,100,2133631,26102
1062,14,2133645,26103
47,111,2133756,26104
2470,315,2134071,26105
357,65,2134136,26106
258,14,2134150,26107
137,92,2134242,26108
3094,302,2134544,26109
353,66,2134610,26110
760,10,2134620,26111
330,111,2134731,26112
164,157,2134888,26113
257,31,2134919,26114
395,40,2134959,26115
123,3,2134962,26116
1446,244,2135206,26117
262,145,2135351,26118
367,119,2135470,26119
678,194,2135664,26120
170,31,2135695,26121
304,51,2135746,26122
82,139,2135885,26123
175,349,2136234,26124
521,66,2136300,26125
37,112,2136412,26126
21,258,2136670,26127
175,130,2136800,26128
158,168,2136968,26129
2653,127,2137095,26130
55,5,2137100,26131
549,136,2137236,26132
151,81,2137317,26133
164,13,2137330,26134
405,11,2137341,26135
86,95,2137436,26136
3845,297,2137733,26137
1631,64,2137797,26138
36,17,2137814,26139
224,71,2137885,26140
374,125,2138010,26141
51,196,2138206,26142
465,202,2138408,26143
316,447,2138855,26144
1060,118,2138973,26145
131,104,2139077,26146
4015,29,2139106,26147
378,39,2139145,26148
4067,26,2139171,26149
487,27,2139198,26150
530,9,2139207,26151
2247,45,2139252,26152
205,330,2139582,26153
161,22,2139604,26154
162,58,2139662,26155
148,27,2139689,26156
96,196,2139885,26157
241,64,2139949,26158
3179,165,2140114,26159
456,257,2140371,26160
306,81,2140452,26161
187,29,2140481,26162
423,297,2140778,26163
98,18,2140796,26164
255,90,2140886,26165
1987,71,2140957,26166
168,52,2141009,26167
71,200,2141209,26168
94,24,2141233,26169
271,5,2141238,26170
234,226,2141464,26171
1160,22,2141486,26172
11,291,2141777,26173
227,25,2141802,26174
13,103,2141905,26175
388,32,2141937,26176
3049,18,2141955,26177
3883,37,2141992,26178
376,24,2142016,26179
3304,223,2142239,26180
182,96,2142335,26181
101,249,2142584,26182
84,117,2142701,26183
1285,124,2142825,26184
1217,133,2142958,26185
3283,66,2143024,26186
251,21,2143045,26187
229,45,2143090,26188
190,35,2143125,26189
209,74,2143199,26190
1337,4,2143203,26191
1885,37,2143240,26192
169,65,2143305,26193
318,16,2143321,26194
100,41,2143362,26195
200,100,2143462,26196
3177,17,2143479,26197
9,335,2143814,26198
459,19,2143833,26199
408,163,2143996,26200
378,85,2144081,26201
180,78,2144159,26202
95,37,2144196,26203
11,12,2144208,26204
1151,142,2144350,26205
3831,83,2144433,26206
427,7,2144440,26207
169,181,2144621,26208
142,82,2144703,26209
89,91,2144794,26210
10,97,2144891,26211
373,470,2145361,26212
2801,14,2145375,26213
12,77,2145452,26214
705,15,2145467,26215
2633,18,2145485,26216
167,94,2145579,26217
260,14,2145593,26218
179,35,2145628,26219
2971,1,2145629,26220
407,23,2145652,26221
421,47,2145699,26222
229,33,2145732,26223
419,61,2145793,26224
1589,2,2145795,26225
1359,1,2145796,26226
918,9,2145805,26227
147,81,2145886,26228
10,101,2145987,26229
287,143,2146130,26230
9,152,2146282,26231
53,14,2146296,26232
275,42,2146338,26233
657,108,2146446,26234
34,215,2146661,26235
235,10,2146671,26236
191,30,2146701,26237
385,4,2146705,26238
494,15,2146720,26239
12,103,2146823,26240
262,10,2146833,26241
218,19,2146852,26242
3822,27,2146879,26243
17,188,2147067,26244
1953,16,2147083,26245
25,44,2147127,26246
389,106,2147233,26247
241,88,2147321,26248
159,130,2147451,26249
186,118,2147569,26250
3788,59,2147628,26251
423,30,2147658,26252
236,30,2147688,26253
170,191,2147879,26254
420,34,2147913,26255
50,7,2147920,26256
213,42,2147962,26257
9,152,2148114,26258
202,130,2148244,26259
112,5,2148249,26260
165,233,2148482,26261
189,22,2148504,26262
132,106,2148610,26263
273,93,2148703,26264
3358,27,2148730,26265
308,35,2148765,26266
309,112,2148877,26267
560,13,2148890,26268
25,10,2148900,26269
210,3,2148903,26270
1174,95,2148998,26271
397,57,2149055,26272
133,106,2149161,26273
538,129,2149290,26274
345,202,2149492,26275
52,2,2149494,26276
339,45,2149539,26277
1908,38,2149577,26278
414,47,2149624,26279
381,113,2149737,26280
389,63,2149800,26281
194,121,2149921,26282
3398,35,2149956,26283
350,16,2149972,26284
1779,22,2149994,26285
225,13,2150007,26286
265,9,2150016,26287
4014,42,2150058,26288
331,294,2150352,26289
188,25,2150377,26290
3654,147,2150524,26291
170,204,2150728,26292
577,28,2150756,26293
208,81,2150837,26294
3942,51,2150888,26295
498,24,2150912,26296
767,54,2150966,26297
97,83,2151049,26298
124,9,2151058,26299
492,133,2151191,26300
122,108,2151299,26301
3397,49,2151348,26302
358,20,2151368,26303
114,1,2151369,26304
114,20,2151389,26305
96,140,2151529,26306
185,187,2151716,26307
175,4,2151720,26308
271,86,2151806,26309
3233,150,2151956,26310
111,11,2151967,26311
172,61,2152028,26312
13,54,2152082,26313
2886,16,2152098,26314
663,123,2152221,26315
12,143,2152364,26316
9,39,2152403,26317
556,6,2152409,26318
126,166,2152575,26319
379,23,2152598,26320
447,138,2152736,26321
166,12,2152748,26322
3611,26,2152774,26323
98,477,2153251,26324
77,165,2153416,26325
159,196,2153612,26326
1801,1,2153613,26327
356,46,2153659,26328
1431,22,2153681,26329
319,81,2153762,26330
377,7,2153769,26331
56,121,2153890,26332
339,5,2153895,26333
142,47,2153942,26334
164,70,2154012,26335
751,206,2154218,26336
3784,247,2154465,26337
562,348,2154813,26338
260,71,2154884,26339
465,161,2155045,26340
661,14,2155059,26341
1752,5,2155064,26342
324,82,2155146,26343
311,42,2155188,26344
2668,202,2155390,26345
165,95,2155485,26346
1024,19,2155504,26347
160,79,2155583,26348
118,23,2155606,26349
134,274,2155880,26350
3998,32,2155912,26351
14,16,2155928,26352
119,10,2155938,26353
158,166,2156104,26354
374,40,2156144,26355
95,13,2156157,26356
288,34,2156191,26357
119,145,2156336,26358
314,56,2156392,26359
13,90,2156482,26360
769,27,2156509,26361
112,181,2156690,26362
4001,16,2156706,26363
2710,52,2156758,26364
3786,10,2156768,26365
116,5,2156773,26366
354,35,2156808,26367
1723,102,2156910,26368
14,164,2157074,26369
625,24,2157098,26370
385,33,2157131,26371
273,185,2157316,26372
294,26,2157342,26373
136,25,2157367,26374
2514,59,2157426,26375
268,106,2157532,26376
34,25,2157557,26377
3900,109,2157666,26378
3596,107,2157773,26379
170,23,2157796,26380
811,52,2157848,26381
1016,41,2157889,26382
2155,134,2158023,26383
310,116,2158139,26384
335,22,2158161,26385
348,12,2158173,26386
242,100,2158273,26387
217,94,2158367,26388
228,93,2158460,26389
148,14,2158474,26390
176,22,2158496,26391
1591,75,2158571,26392
178,163,2158734,26393
366,24,2158758,26394
142,13,2158771,26395
176,108,2158879,26396
233,156,2159035,26397
518,41,2159076,26398
99,5,2159081,26399
2117,72,2159153,26400
204,58,2159211,26401
54,22,2159233,26402
292,106,2159339,26403
121,148,2159487,26404
201,243,2159730,26405
1857,276,2160006,26406
271,92,2160098,26407
1121,22,2160120,26408
12,45,2160165,26409
146,306,2160471,26410
223,21,2160492,26411
231,11,2160503,26412
1484,14,2160517,26413
17,131,2160648,26414
3801,111,2160759,26415
4037,111,2160870,26416
241,116,2160986,26417
511,178,2161164,26418
65,255,2161419,26419
703,173,2161592,26420
3627,272,2161864,26421
1215,260,2162124,26422
122,28,2162152,26423
261,117,2162269,26424
511,129,2162398,26425
14,188,2162586,26426
182,26,2162612,26427
2937,99,2162711,26428
3860,49,2162760,26429
313,208,2162968,26430
2065,167,2163135,26431
711,80,2163215,26432
3058,170,2163385,26433
17,5,2163390,26434
365,136,2163526,26435
148,105,2163631,26436
259,50,2163681,26437
2660,36,2163717,26438
2595,52,2163769,26439
302,26,2163795,26440
2876,25,2163820,26441
80,35,2163855,26442
1194,102,2163957,26443
491,5,2163962,26444
891,13,2163975,26445
40,132,2164107,26446
182,86,2164193,26447
150,24,2164217,26448
2739,5,2164222,26449
155,327,2164549,26450
1893,80,2164629,26451
3791,104,2164733,26452
308,36,2164769,26453
3169,46,2164815,26454
108,165,2164980,26455
428,15,2164995,26456
9,49,2165044,26457
1836,9,2165053,26458
343,76,2165129,26459
628,63,2165192,26460
529,154,2165346,26461
153,35,2165381,26462
490,13,2165394,26463
121,27,2165421,26464
1775,6,2165427,26465
109,46,2165473,26466
419,331,2165804,26467
4011,17,2165821,26468
362,239,2166060,26469
202,289,2166349,26470
2762,166,2166515,26471
169,194,2166709,26472
1053,52,2166761,26473
203,20,2166781,26474
500,230,2167011,26475
375,26,2167037,26476
19,94,2167131,26477
102,59,2167190,26478
292,13,2167203,26479
291,185,2167388,26480
1738,133,2167521,26481
119,308,2167829,26482
3773,12,2167841,26483
173,25,2167866,26484
11,42,2167908,26485
1128,17,2167925,26486
442,269,2168194,26487
377,163,2168357,26488
284,56,2168413,26489
120,15,2168428,26490
1267,47,2168475,26491
1408,98,2168573,26492
317,87,2168660,26493
230,71,2168731,26494
312,37,2168768,26495
317,14,2168782,26496
1428,4,2168786,26497
297,26,2168812,26498
2863,68,2168880,26499
3779,51,2168931,26500
286,33,2168964,26501
435,298,2169262,26502
356,7,2169269,26503
272,12,2169281,26504
3820,40,2169321,26505
2047,154,2169475,26506
454,270,2169745,26507
94,51,2169796,26508
320,131,2169927,26509
136,30,2169957,26510
1462,124,2170081,26511
256,1,2170082,26512
286,5,2170087,26513
388,33,2170120,26514
238,99,2170219,26515
1319,169,2170388,26516
183,32,2170420,26517
3897,42,2170462,26518
381,51,2170513,26519
2337,36,2170549,26520
121,377,2170926,26521
437,179,2171105,26522
1151,225,2171330,26523
166,59,2171389,26524
357,103,2171492,26525
3074,348,2171840,26526
125,82,2171922,26527
403,128,2172050,26528
187,31,2172081,26529
139,26,2172107,26530
31,58,2172165,26531
307,232,2172397,26532
3683,65,2172462,26533
296,10,2172472,26534
47,89,2172561,26535
19,84,2172645,26536
334,19,2172664,26537
78,135,2172799,26538
25,10,2172809,26539
478,63,2172872,26540
16,99,2172971,26541
443,105,2173076,26542
168,24,2173100,26543
308,28,2173128,26544
569,40,2173168,26545
458,56,2173224,26546
456,79,2173303,26547
155,80,2173383,26548
12,165,2173548,26549
750,3,2173551,26550
1633,46,2173597,26551
188,270,2173867,26552
19,6,2173873,26553
14,93,2173966,26554
278,12,2173978,26555
364,64,2174042,26556
1681,87,2174129,26557
68,42,2174171,26558
145,308,2174479,26559
1182,60,2174539,26560
21,90,2174629,26561
159,120,2174749,26562
636,68,2174817,26563
219,101,2174918,26564
318,233,2175151,26565
48,18,2175169,26566
158,37,2175206,26567
106,173,2175379,26568
269,147,2175526,26569
261,12,2175538,26570
384,191,2175729,26571
78,17,2175746,26572
194,25,2175771,26573
2054,125,2175896,26574
136,81,2175977,26575
132,318,2176295,26576
146,46,2176341,26577
128,5,2176346,26578
192,11,2176357,26579
128,29,2176386,26580
1650,70,2176456,26581
51,62,2176518,26582
10,60,2176578,26583
863,53,2176631,26584
125,4,2176635,26585
473,82,2176717,26586
2504,23,2176740,26587
346,45,2176785,26588
155,15,2176800,26589
536,11,2176811,26590
11,40,2176851,26591
4042,2,2176853,26592
257,30,2176883,26593
579,73,2176956,26594
3127,6,2176962,26595
235,44,2177006,26596
348,86,2177092,26597
316,64,2177156,26598
75,98,2177254,26599
365,117,2177371,26600
2209,105,2177476,26601
83,17,2177493,26602
321,9,2177502,26603
230,219,2177721,26604
65,20,2177741,26605
602,12,2177753,26606
1934,73,2177826,26607
297,172,2177998,26608
112,13,2178011,26609
575,189,2178200,26610
132,98,2178298,26611
26,41,2178339,26612
306,147,2178486,26613
185,10,2178496,26614
533,13,2178509,26615
1600,67,2178576,26616
784,5,2178581,26617
801,34,2178615,26618
1225,44,2178659,26619
331,96,2178755,26620
29,37,2178792,26621
148,72,2178864,26622
2616,68,2178932,26623
145,192,2179124,26624
322,30,2179154,26625
2922,68,2179222,26626
58,164,2179386,26627
178,112,2179498,26628
257,82,2179580,26629
186,46,2179626,26630
168,140,2179766,26631
303,3,2179769,26632
106,117,2179886,26633
149,38,2179924,26634
46,81,2180005,26635
117,90,2180095,26636
118,98,2180193,26637
4083,118,2180311,26638
297,152,2180463,26639
3247,164,2180627,26640
779,77,2180704,26641
478,24,2180728,26642
432,93,2180821,26643
302,344,2181165,26644
1347,14,2181179,26645
2822,266,2181445,26646
261,14,2181459,26647
1256,66,2181525,26648
2174,8,2181533,26649
117,107,2181640,26650
11,427,2182067,26651
274,76,2182143,26652
3027,102,2182245,26653
127,66,2182311,26654
46,26,2182337,26655
10,72,2182409,26656
354,20,2182429,26657
319,196,2182625,26658
2950,147,2182772,26659
363,55,2182827,26660
309,114,2182941,26661
1260,205,2183146,26662
351,65,2183211,26663
25,7,2183218,26664
15,151,2183369,26665
101,118,2183487,26666
547,84,2183571,26667
13,36,2183607,26668
332,54,2183661,26669
2026,152,2183813,26670
126,2,2183815,26671
125,70,2183885,26672
173,305,2184190,26673
131,122,2184312,26674
328,207,2184519,26675
195,30,2184549,26676
2917,93,2184642,26677
471,51,2184693,26678
50,133,2184826,26679
13,56,2184882,26680
104,12,2184894,26681
176,1,2184895,26682
339,47,2184942,26683
578,28,2184970,26684
3626,79,2185049,26685
3336,174,2185223,26686
99,207,2185430,26687
11,72,2185502,26688
904,104,2185606,26689
281,119,2185725,26690
12,17,2185742,26691
9,58,2185800,26692
171,52,2185852,26693
319,52,2185904,26694
509,2,2185906,26695
143,305,2186211,26696
1166,21,2186232,26697
428,72,2186304,26698
184,48,2186352,26699
2573,6,2186358,26700
218,77,2186435,26701
21,99,2186534,26702
541,73,2186607,26703
100,40,2186647,26704
3663,5,2186652,26705
2531,16,2186668,26706
2838,268,2186936,26707
868,138,2187074,26708
89,1,2187075,26709
3895,223,2187298,26710
3404,81,2187379,26711
152,105,2187484,26712
59,7,2187491,26713
529,15,2187506,26714
281,54,2187560,26715
649,14,2187574,26716
358,79,2187653,26717
44,68,2187721,26718
268,1,2187722,26719
274,29,2187751,26720
2200,77,2187828,26721
253,63,2187891,26722
369,5,2187896,26723
14,97,2187993,26724
1898,67,2188060,26725
59,12,2188072,26726
2845,24,2188096,26727
411,138,2188234,26728
1387,118,2188352,26729
66,108,2188460,26730
3069,6,2188466,26731
77,183,2188649,26732
269,3,2188652,26733
26,34,2188686,26734
15,75,2188761,26735
594,68,2188829,26736
572,126,2188955,26737
10,27,2188982,26738
177,345,2189327,26739
182,9,2189336,26740
18,48,2189384,26741
463,35,2189419,26742
370,79,2189498,26743
195,101,2189599,26744
1185,87,2189686,26745
303,153,2189839,26746
56,138,2189977,26747
125,102,2190079,26748
402,23,2190102,26749
232,177,2190279,26750
488,75,2190354,26751
353,132,2190486,26752
188,14,2190500,26753
60,40,2190540,26754
409,158,2190698,26755
361,69,2190767,26756
537,64,2190831,26757
534,27,2190858,26758
199,68,2190926,26759
167,39,2190965,26760
969,215,2191180,26761
930,9,2191189,26762
1657,23,2191212,26763
219,14,2191226,26764
116,78,2191304,26765
145,4,2191308,26766
258,42,2191350,26767
542,49,2191399,26768
134,10,2191409,26769
3241,16,2191425,26770
58,127,2191552,26771
2123,8,2191560,26772
2416,30,2191590,26773
181,58,2191648,26774
1599,10,2191658,26775
125,89,2191747,26776
26,142,2191889,26777
69,120,2192009,26778
60,76,2192085,26779
353,45,2192130,26780
2323,92,2192222,26781
333,204,2192426,26782
13,3,2192429,26783
120,195,2192624,26784
355,27,2192651,26785
21,205,2192856,26786
36,86,2192942,26787
346,158,2193100,26788
3815,169,2193269,26789
1783,73,2193342,26790
509,126,2193468,26791
294,21,2193489,26792
2971,36,2193525,26793
115,95,2193620,26794
412,58,2193678,26795
112,44,2193722,26796
160,64,2193786,26797
210,77,2193863,26798
40,130,2193993,26799
26,20,2194013,26800
83,37,2194050,26801
25,109,2194159,26802
90,233,2194392,26803
2942,22,2194414,26804
1999,87,2194501,26805
344,422,2194923,26806
197,20,2194943,26807
90,184,2195127,26808
1359,163,2195290,26809
12,14,2195304,26810
11,3,2195307,26811
331,25,2195332,26812
390,44,2195376,26813
293,37,2195413,26814
386,74,2195487,26815
2923,61,2195548,26816
66,106,2195654,26817
196,107,2195761,26818
132,98,2195859,26819
15,89,2195948,26820
479,107,2196055,26821
132,34,2196089,26822
1801,18,2196107,26823
464,96,2196203,26824
424,109,2196312,26825
930,52,2196364,26826
463,12,2196376,26827
398,176,2196552,26828
385,20,2196572,26829
1681,145,2196717,26830
370,408,2197125,26831
146,130,2197255,26832
193,105,2197360,26833
386,70,2197430,26834
140,82,2197512,26835
1546,21,2197533,26836
131,21,2197554,26837
263,114,2197668,26838
38,103,2197771,26839
115,11,2197782,26840
71,154,2197936,26841
281,140,2198076,26842
3456,85,2198161,26843
338,46,2198207,26844
133,145,2198352,26845
272,224,2198576,26846
372,107,2198683,26847
137,69,2198752,26848
2850,384,2199136,26849
739,69,2199205,26850
104,39,2199244,26851
187,78,2199322,26852
116,50,2199372,26853
1182,109,2199481,26854
12,11,2199492,26855
186,11,2199503,26856
480,17,2199520,26857
1365,62,2199582,26858
664,371,2199953,26859
202,22,2199975,26860
372,20,2199995,26861
365,50,2200045,26862
433,209,2200254,26863
499,6,2200260,26864
301,147,2200407,26865
276,11,2200418,26866
10,74,2200492,26867
3034,134,2200626,26868
3581,27,2200653,26869
3206,55,2200708,26870
3946,140,2200848,26871
271,14,2200862,26872
151,19,2200881,26873
146,9,2200890,26874
399,95,2200985,26875
1126,28,2201013,26876
167,51,2201064,26877
404,88,2201152,26878
138,264,2201416,26879
3822,66,2201482,26880
14,86,2201568,26881
71,153,2201721,26882
343,1,2201722,26883
456,146,2201868,26884
107,18,2201886,26885
18,106,2201992,26886
174,144,2202136,26887
51,94,2202230,26888
3398,36,2202266,26889
397,44,2202310,26890
4084,66,2202376,26891
10,27,2202403,26892
182,128,2202531,26893
108,16,2202547,26894
13,2,2202549,26895
3409,87,2202636,26896
74,34,2202670,26897
176,145,2202815,26898
20,67,2202882,26899
13,52,2202934,26900
1763,31,2202965,26901
237,81,2203046,26902
469,17,2203063,26903
157,30,2203093,26904
124,27,2203120,26905
392,14,2203134,26906
776,83,2203217,26907
119,132,2203349,26908
156,134,2203483,26909
350,24,2203507,26910
231,297,2203804,26911
158,97,2203901,26912
940,220,2204121,26913
332,4,2204125,26914
12,309,2204434,26915
156,85,2204519,26916
2014,92,2204611,26917
302,34,2204645,26918
279,121,2204766,26919
38,36,2204802,26920
261,13,2204815,26921
203,331,2205146,26922
493,10,2205156,26923
1598,36,2205192,26924
142,149,2205341,26925
457,27,2205368,26926
82,106,2205474,26927
182,119,2205593,26928
43,24,2205617,26929
118,6,2205623,26930
12,109,2205732,26931
257,3,2205735,26932
1374,52,2205787,26933
280,29,2205816,26934
471,60,2205876,26935
1137,236,2206112,26936
65,59,2206171,26937
144,40,2206211,26938
381,11,2206222,26939
182,4,2206226,26940
123,18,2206244,26941
452,138,2206382,26942
260,20,2206402,26943
3235,18,2206420,26944
191,49,2206469,26945
401,62,2206531,26946
138,189,2206720,26947
2121,22,2206742,26948
217,18,2206760,26949
1093,126,2206886,26950
133,33,2206919,26951
167,164,2207083,26952
264,30,2207113,26953
135,100,2207213,26954
320,36,2207249,26955
70,75,2207324,26956
2561,118,2207442,26957
2128,29,2207471,26958
2889,77,2207548,26959
450,33,2207581,26960
89,65,2207646,26961
125,23,2207669,26962
1067,17,2207686,26963
151,411,2208097,26964
13,146,2208243,26965
130,161,2208404,26966
187,1,2208405,26967
505,1,2208406,26968
218,6,2208412,26969
315,314,2208726,26970
194,43,2208769,26971
103,143,2208912,26972
143,26,2208938,26973
106,98,2209036,26974
127,108,2209144,26975
14,164,2209308,26976
124,88,2209396,26977
1243,398,2209794,26978
34,20,2209814,26979
374,41,2209855,26980
2552,8,2209863,26981
3388,85,2209948,26982
1622,4,2209952,26983
828,79,2210031,26984
134,52,2210083,26985
88,53,2210136,26986
598,43,2210179,26987
165,43,2210222,26988
2643,72,2210294,26989
973,253,2210547,26990
11,69,2210616,26991
2658,76,2210692,26992
311,7,2210699,26993
8,4,2210703,26994
195,42,2210745,26995
334,73,2210818,26996
175,158,2210976,26997
2013,111,2211087,26998
346,18,2211105,26999
359,91,2211196,27000
81,11,2211207,27001
158,7,2211214,27002
287,49,2211263,27003
413,120,2211383,27004
136,83,2211466,27005
36,86,2211552,27006
152,78,2211630,27007
299,119,2211749,27008
99,56,2211805,27009
505,46,2211851,27010
213,164,2212015,27011
145,203,2212218,27012
149,15,2212233,27013
900,20,2212253,27014
128,72,2212325,27015
158,52,2212377,27016
203,18,2212395,27017
246,147,2212542,27018
324,45,2212587,27019
238,37,2212624,27020
206,7,2212631,27021
157,22,2212653,27022
18,121,2212774,27023
236,38,2212812,27024
288,57,2212869,27025
234,92,2212961,27026
283,26,2212987,27027
255,53,2213040,27028
38,183,2213223,27029
9,55,2213278,27030
3299,101,2213379,27031
389,2,2213381,27032
284,11,2213392,27033
3152,78,2213470,27034
12,16,2213486,27035
92,130,2213616,27036
340,129,2213745,27037
264,131,2213876,27038
96,99,2213975,27039
136,7,2213982,27040
263,5,2213987,27041
177,30,2214017,27042
275,68,2214085,27043
130,4,2214089,27044
208,35,2214124,27045
1414,73,2214197,27046
321,50,2214247,27047
140,9,2214256,27048
318,279,2214535,27049
343,58,2214593,27050
13,18,2214611,27051
3966,94,2214705,27052
18,204,2214909,27053
211,95,2215004,27054
272,31,2215035,27055
3536,74,2215109,27056
1104,93,2215202,27057
336,197,2215399,27058
512,48,2215447,27059
316,107,2215554,27060
237,2,2215556,27061
101,77,2215633,27062
559,105,2215738,27063
1596,200,2215938,27064
156,123,2216061,27065
3922,4,2216065,27066
264,203,2216268,27067
1765,82,2216350,27068
167,66,2216416,27069
287,28,2216444,27070
1296,87,2216531,27071
37,70,2216601,27072
62,65,2216666,27073
133,93,2216759,27074
154,99,2216858,27075
259,23,2216881,27076
129,2,2216883,27077
389,32,2216915,27078
516,58,2216973,27079
78,88,2217061,27080
63,84,2217145,27081
373,61,2217206,27082
128,19,2217225,27083
363,9,2217234,27084
2525,55,2217289,27085
146,50,2217339,27086
19,319,2217658,27087
2257,35,2217693,27088
393,101,2217794,27089
154,34,2217828,27090
1893,1,2217829,27091
341,31,2217860,27092
3113,351,2218211,27093
316,49,2218260,27094
13,100,2218360,27095
721,83,2218443,27096
1960,179,2218622,27097
110,223,2218845,27098
545,85,2218930,27099
39,7,2218937,27100
197,19,2218956,27101
3698,190,2219146,27102
359,129,2219275,27103
336,16,2219291,27104
165,91,2219382,27105
41,67,2219449,27106
298,76,2219525,27107
89,64,2219589,27108
1681,367,2219956,27109
2431,5,2219961,27110
231,89,2220050,27111
292,27,2220077,27112
153,119,2220196,27113
69,30,2220226,27114
32,60,2220286,27115
609,84,2220370,27116
332,52,2220422,27117
802,99,2220521,27118
321,182,2220703,27119
154,91,2220794,27120
315,55,2220849,27121
987,5,2220854,27122
43,120,2220974,27123
3787,59,2221033,27124
361,89,2221122,27125
4022,20,2221142,27126
676,8,2221150,27127
199,9,2221159,27128
121,136,2221295,27129
2803,1,2221296,27130
51,11,2221307,27131
180,32,2221339,27132
123,199,2221538,27133
118,105,2221643,27134
1807,170,2221813,27135
101,274,2222087,27136
344,133,2222220,27137
118,133,2222353,27138
223,48,2222401,27139
864,268,2222669,27140
78,44,2222713,27141
190,120,2222833,27142
28,23,2222856,27143
1061,92,2222948,27144
283,37,2222985,27145
316,43,2223028,27146
768,17,2223045,27147
1667,23,2223068,27148
51,173,2223241,27149
181,131,2223372,27150
3476,37,2223409,27151
152,55,2223464,27152
346,22,2223486,27153
1688,55,2223541,27154
89,20,2223561,27155
2431,12,2223573,27156
1358,3,2223576,27157
137,338,2223914,27158
3465,99,2224013,27159
3785,118,2224131,27160
39,312,2224443,27161
512,56,2224499,27162
3966,168,2224667,27163
2692,229,2224896,27164
693,140,2225036,27165
1040,7,2225043,27166
381,32,2225075,27167
71,517,2225592,27168
125,44,2225636,27169
425,77,2225713,27170
3648,39,2225752,27171
164,251,2226003,27172
584,63,2226066,27173
435,41,2226107,27174
346,21,2226128,27175
77,179,2226307,27176
202,93,2226400,27177
449,74,2226474,27178
148,75,2226549,27179
17,54,2226603,27180
158,105,2226708,27181
122,185,2226893,27182
370,78,2226971,27183
109,54,2227025,27184
1519,4,2227029,27185
222,27,2227056,27186
326,117,2227173,27187
330,166,2227339,27188
358,15,2227354,27189
2562,22,2227376,27190
131,58,2227434,27191
224,11,2227445,27192
26,10,2227455,27193
188,7,2227462,27194
12,2,2227464,27195
333,9,2227473,27196
118,2,2227475,27197
291,22,2227497,27198
565,59,2227556,27199
3042,29,2227585,27200
108,277,2227862,27201
279,130,2227992,27202
107,158,2228150,27203
2407,214,2228364,27204
98,83,2228447,27205
353,121,2228568,27206
205,52,2228620,27207
34,48,2228668,27208
400,13,2228681,27209
168,80,2228761,27210
3892,7,2228768,27211
187,81,2228849,27212
99,109,2228958,27213
152,36,2228994,27214
553,36,2229030,27215
564,181,2229211,27216
189,88,2229299,27217
533,26,2229325,27218
74,42,2229367,27219
2560,471,2229838,27220
554,272,2230110,27221
32,16,2230126,27222
198,65,2230191,27223
422,63,2230254,27224
305,1,2230255,27225
445,15,2230270,27226
362,20,2230290,27227
9,119,2230409,27228
3345,15,2230424,27229
17,148,2230572,27230
2980,136,2230708,27231
1058,75,2230783,27232
252,52,2230835,27233
2182,5,2230840,27234
170,24,2230864,27235
1516,79,2230943,27236
112,51,2230994,27237
150,210,2231204,27238
918,78,2231282,27239
128,18,2231300,27240
385,54,2231354,27241
154,206,2231560,27242
142,51,2231611,27243
279,127,2231738,27244
117,29,2231767,27245
237,192,2231959,27246
101,115,2232074,27247
56,24,2232098,27248
97,39,2232137,27249
147,24,2232161,27250
1783,129,2232290,27251
332,63,2232353,27252
101,216,2232569,27253
448,141,2232710,27254
2291,132,2232842,27255
65,113,2232955,27256
171,51,2233006,27257
1734,200,2233206,27258
64,133,2233339,27259
1523,67,2233406,27260
99,44,2233450,27261
112,118,2233568,27262
634,212,2233780,27263
385,79,2233859,27264
1599,195,2234054,27265
117,19,2234073,27266
2069,39,2234112,27267
246,228,2234340,27268
192,260,2234600,27269
328,94,2234694,27270
10,28,2234722,27271
560,27,2234749,27272
2803,23,2234772,27273
14,226,2234998,27274
590,214,2235212,27275
21,68,2235280,27276
382,31,2235311,27277
1697,236,2235547,27278
334,44,2235591,27279
176,33,2235624,27280
1733,140,2235764,27281
155,17,2235781,27282
2151,119,2235900,27283
42,2,2235902,27284
487,87,2235989,27285
221,130,2236119,27286
368,82,2236201,27287
147,35,2236236,27288
501,40,2236276,27289
37,107,2236383,27290
309,24,2236407,27291
153,1,2236408,27292
1865,76,2236484,27293
120,13,2236497,27294
573,131,2236628,27295
71,100,2236728,27296
216,105,2236833,27297
334,15,2236848,27298
341,22,2236870,27299
232,16,2236886,27300
519,44,2236930,27301
104,10,2236940,27302
199,45,2236985,27303
269,47,2237032,27304
3443,57,2237089,27305
1380,12,2237101,27306
349,6,2237107,27307
3172,61,2237168,27308
3668,85,2237253,27309
134,43,2237296,27310
284,44,2237340,27311
3852,166,2237506,27312
362,265,2237771,27313
307,98,2237869,27314
425,94,2237963,27315
471,339,2238302,27316
266,37,2238339,27317
184,194,2238533,27318
554,14,2238547,27319
166,13,2238560,27320
327,19,2238579,27321
182,27,2238606,27322
300,11,2238617,27323
422,190,2238807,27324
14,211,2239018,27325
262,59,2239077,27326
1178,5,2239082,27327
256,167,2239249,27328
292,10,2239259,27329
460,110,2239369,27330
206,139,2239508,27331
266,77,2239585,27332
208,82,2239667,27333
350,15,2239682,27334
39,20,2239702,27335
310,427,2240129,27336
109,57,2240186,27337
417,67,2240253,27338
134,39,2240292,27339
400,37,2240329,27340
324,112,2240441,27341
212,27,2240468,27342
101,61,2240529,27343
229,14,2240543,27344
164,30,2240573,27345
985,4,2240577,27346
200,160,2240737,27347
347,58,2240795,27348
207,21,2240816,27349
524,233,2241049,27350
124,43,2241092,27351
95,57,2241149,27352
10,132,2241281,27353
11,129,2241410,27354
229,77,2241487,27355
338,45,2241532,27356
1286,2,2241534,27357
78,21,2241555,27358
546,61,2241616,27359
510,12,2241628,27360
395,66,2241694,27361
305,8,2241702,27362
267,18,2241720,27363
765,192,2241912,27364
3585,75,2241987,27365
2915,11,2241998,27366
179,54,2242052,27367
516,272,2242324,27368
135,128,2242452,27369
68,6,2242458,27370
197,144,2242602,27371
264,38,2242640,27372
114,17,2242657,27373
160,73,2242730,27374
151,1,2242731,27375
43,58,2242789,27376
147,37,2242826,27377
119,18,2242844,27378
414,325,2243169,27379
139,13,2243182,27380
543,46,2243228,27381
3996,46,2243274,27382
956,139,2243413,27383
214,33,2243446,27384
131,79,2243525,27385
33,169,2243694,27386
177,134,2243828,27387
129,148,2243976,27388
128,102,2244078,27389
161,24,2244102,27390
15,9,2244111,27391
186,117,2244228,27392
14,4,2244232,27393
157,16,2244248,27394
907,55,2244303,27395
482,37,2244340,27396
156,46,2244386,27397
326,74,2244460,27398
712,47,2244507,27399
130,111,2244618,27400
2014,234,2244852,27401
129,139,2244991,27402
154,28,2245019,27403
1185,279,2245298,27404
171,82,2245380,27405
269,173,2245553,27406
192,15,2245568,27407
1590,9,2245577,27408
508,5,2245582,27409
230,129,2245711,27410
221,194,2245905,27411
137,20,2245925,27412
24,173,2246098,27413
267,6,2246104,27414
3773,79,2246183,27415
427,216,2246399,27416
332,89,2246488,27417
303,1,2246489,27418
286,63,2246552,27419
45,101,2246653,27420
348,355,2247008,27421
2493,28,2247036,27422
182,25,2247061,27423
186,32,2247093,27424
147,44,2247137,27425
120,6,2247143,27426
542,103,2247246,27427
192,12,2247258,27428
353,20,2247278,27429
254,87,2247365,27430
910,67,2247432,27431
135,77,2247509,27432
2793,15,2247524,27433
120,85,2247609,27434
232,160,2247769,27435
381,13,2247782,27436
142,69,2247851,27437
15,34,2247885,27438
153,23,2247908,27439
1871,51,2247959,27440
1486,65,2248024,27441
287,16,2248040,27442
3869,68,2248108,27443
299,45,2248153,27444
243,180,2248333,27445
63,17,2248350,27446
33,10,2248360,27447
1414,13,2248373,27448
289,18,2248391,27449
129,188,2248579,27450
658,97,2248676,27451
891,21,2248697,27452
1063,21,2248718,27453
352,313,2249031,27454
192,75,2249106,27455
35,85,2249191,27456
143,127,2249318,27457
215,105,2249423,27458
430,31,2249454,27459
44,196,2249650,27460
279,3,2249653,27461
120,195,2249848,27462
16,56,2249904,27463
208,21,2249925,27464
34,55,2249980,27465
59,134,2250114,27466
132,63,2250177,27467
287,30,2250207,27468
288,49,2250256,27469
403,129,2250385,27470
346,18,2250403,27471
401,124,2250527,27472
365,6,2250533,27473
178,63,2250596,27474
77,87,2250683,27475
427,4,2250687,27476
312,181,2250868,27477
3395,22,2250890,27478
315,113,2251003,27479
283,110,2251113,27480
1482,90,2251203,27481
212,74,2251277,27482
382,80,2251357,27483
3056,9,2251366,27484
2063,33,2251399,27485
263,284,2251683,27486
363,148,2251831,27487
2572,7,2251838,27488
31,33,2251871,27489
705,105,2251976,27490
1309,114,2252090,27491
286,31,2252121,27492
3585,6,2252127,27493
364,54,2252181,27494
2627,172,2252353,27495
148,54,2252407,27496
102,219,2252626,27497
482,248,2252874,27498
221,23,2252897,27499
164,5,2252902,27500
268,309,2253211,27501
1389,82,2253293,27502
2431,9,2253302,27503
242,15,2253317,27504
147,111,2253428,27505
471,399,2253827,27506
197,10,2253837,27507
120,62,2253899,27508
14,58,2253957,27509
369,23,2253980,27510
3836,160,2254140,27511
150,15,2254155,27512
3539,154,2254309,27513
2990,38,2254347,27514
189,86,2254433,27515
204,88,2254521,27516
285,193,2254714,27517
187,44,2254758,27518
140,46,2254804,27519
126,95,2254899,27520
262,319,2255218,27521
35,10,2255228,27522
1900,80,2255308,27523
729,55,2255363,27524
151,313,2255676,27525
14,87,2255763,27526
392,31,2255794,27527
431,96,2255890,27528
329,64,2255954,27529
3932,308,2256262,27530
1144,26,2256288,27531
140,10,2256298,27532
9,28,2256326,27533
344,181,2256507,27534
10,89,2256596,27535
471,325,2256921,27536
163,141,2257062,27537
162,59,2257121,27538
403,40,2257161,27539
239,27,2257188,27540
11,28,2257216,27541
296,11,2257227,27542
424,39,2257266,27543
13,81,2257347,27544
4060,3,2257350,27545
58,182,2257532,27546
356,35,2257567,27547
505,107,2257674,27548
311,494,2258168,27549
12,46,2258214,27550
540,92,2258306,27551
159,129,2258435,27552
314,14,2258449,27553
31,92,2258541,27554
341,6,2258547,27555
120,87,2258634,27556
120,37,2258671,27557
337,113,2258784,27558
71,42,2258826,27559
471,47,2258873,27560
3471,47,2258920,27561
238,29,2258949,27562
123,8,2258957,27563
101,51,2259008,27564
20,39,2259047,27565
388,4,2259051,27566
3418,68,2259119,27567
152,7,2259126,27568
369,26,2259152,27569
2717,65,2259217,27570
330,13,2259230,27571
189,106,2259336,27572
239,22,2259358,27573
342,229,2259587,27574
169,117,2259704,27575
387,179,2259883,27576
21,169,2260052,27577
340,2,2260054,27578
413,66,2260120,27579
335,152,2260272,27580
287,9,2260281,27581
455,63,2260344,27582
506,294,2260638,27583
397,59,2260697,27584
176,13,2260710,27585
3411,15,2260725,27586
307,237,2260962,27587
15,79,2261041,27588
331,269,2261310,27589
207,15,2261325,27590
202,41,2261366,27591
386,13,2261379,27592
2468,120,2261499,27593
88,6,2261505,27594
2202,108,2261613,27595
15,123,2261736,27596
664,27,2261763,27597
1429,198,2261961,27598
121,38,2261999,27599
243,57,2262056,27600
194,103,2262159,27601
81,47,2262206,27602
125,238,2262444,27603
3378,21,2262465,27604
14,83,2262548,27605
3733,2,2262550,27606
24,82,2262632,27607
72,122,2262754,27608
337,1,2262755,27609
16,176,2262931,27610
373,192,2263123,27611
407,560,2263683,27612
70,119,2263802,27613
160,23,2263825,27614
2304,17,2263842,27615
3249,85,2263927,27616
269,8,2263935,27617
516,51,2263986,27618
291,36,2264022,27619
195,151,2264173,27620
119,117,2264290,27621
189,23,2264313,27622
2382,28,2264341,27623
90,7,2264348,27624
3092,114,2264462,27625
303,9,2264471,27626
529,37,2264508,27627
588,47,2264555,27628
310,6,2264561,27629
463,175,2264736,27630
115,95,2264831,27631
152,18,2264849,27632
479,23,2264872,27633
177,13,2264885,27634
266,138,2265023,27635
34,42,2265065,27636
15,22,2265087,27637
29,25,2265112,27638
41,3,2265115,27639
61,78,2265193,27640
799,29,2265222,27641
3416,8,2265230,27642
709,50,2265280,27643
118,40,2265320,27644
150,185,2265505,27645
1327,12,2265517,27646
3470,121,2265638,27647
29,1,2265639,27648
425,7,2265646,27649
381,18,2265664,27650
209,100,2265764,27651
328,56,2265820,27652
96,99,2265919,27653
289,55,2265974,27654
367,138,2266112,27655
211,16,2266128,27656
301,71,2266199,27657
3823,14,2266213,27658
466,135,2266348,27659
1084,65,2266413,27660
116,212,2266625,27661
2511,55,2266680,27662
317,34,2266714,27663
110,197,2266911,27664
275,129,2267040,27665
309,108,2267148,27666
3652,126,2267274,27667
228,83,2267357,27668
239,56,2267413,27669
958,39,2267452,27670
355,13,2267465,27671
1260,151,2267616,27672
640,110,2267726,27673
3993,66,2267792,27674
1945,181,2267973,27675
392,122,2268095,27676
245,189,2268284,27677
469,40,2268324,27678
4033,156,2268480,27679
1662,36,2268516,27680
228,174,2268690,27681
43,70,2268760,27682
101,189,2268949,27683
316,47,2268996,27684
349,15,2269011,27685
239,23,2269034,27686
33,73,2269107,27687
401,49,2269156,27688
2025,63,2269219,27689
72,49,2269268,27690
347,170,2269438,27691
215,10,2269448,27692
358,23,2269471,27693
3499,41,2269512,27694
121,134,2269646,27695
13,75,2269721,27696
338,87,2269808,27697
225,13,2269821,27698
262,6,2269827,27699
166,49,2269876,27700
3579,244,2270120,27701
2943,32,2270152,27702
129,50,2270202,27703
13,14,2270216,27704
39,46,2270262,27705
249,90,2270352,27706
114,26,2270378,27707
2153,9,2270387,27708
65,20,2270407,27709
274,51,2270458,27710
3944,285,2270743,27711
15,33,2270776,27712
166,158,2270934,27713
1173,170,2271104,27714
1063,59,2271163,27715
137,30,2271193,27716
917,265,2271458,27717
602,10,2271468,27718
93,126,2271594,27719
1570,14,2271608,27720
9,72,2271680,27721
3621,7,2271687,27722
1976,109,2271796,27723
141,31,2271827,27724
21,44,2271871,27725
238,26,2271897,27726
136,37,2271934,27727
498,173,2272107,27728
214,100,2272207,27729
501,34,2272241,27730
102,64,2272305,27731
20,80,2272385,27732
373,71,2272456,27733
130,24,2272480,27734
203,93,2272573,27735
340,38,2272611,27736
334,7,2272618,27737
223,43,2272661,27738
66,117,2272778,27739
226,100,2272878,27740
50,72,2272950,27741
300,24,2272974,27742
330,44,2273018,27743
4002,62,2273080,27744
430,176,2273256,27745
332,228,2273484,27746
68,6,2273490,27747
199,134,2273624,27748
295,90,2273714,27749
528,90,2273804,27750
398,36,2273840,27751
313,35,2273875,27752
192,125,2274000,27753
128,68,2274068,27754
207,76,2274144,27755
140,204,2274348,27756
328,9,2274357,27757
2055,288,2274645,27758
215,49,2274694,27759
223,83,2274777,27760
376,110,2274887,27761
343,100,2274987,27762
134,86,2275073,27763
425,55,2275128,27764
2007,102,2275230,27765
3106,14,2275244,27766
502,39,2275283,27767
227,147,2275430,27768
459,24,2275454,27769
251,172,2275626,27770
227,31,2275657,27771
113,21,2275678,27772
3548,102,2275780,27773
131,14,2275794,27774
3626,67,2275861,27775
533,79,2275940,27776
207,151,2276091,27777
268,37,2276128,27778
2017,27,2276155,27779
153,125,2276280,27780
95,117,2276397,27781
21,24,2276421,27782
136,113,2276534,27783
177,344,2276878,27784
462,106,2276984,27785
178,8,2276992,27786
156,12,2277004,27787
370,234,2277238,27788
12,140,2277378,27789
26,220,2277598,27790
342,29,2277627,27791
126,152,2277779,27792
572,15,2277794,27793
388,254,2278048,27794
109,14,2278062,27795
540,47,2278109,27796
27,56,2278165,27797
1230,97,2278262,27798
159,34,2278296,27799
527,6,2278302,27800
157,71,2278373,27801
330,185,2278558,27802
275,32,2278590,27803
317,15,2278605,27804
2770,8,2278613,27805
211,28,2278641,27806
92,13,2278654,27807
148,25,2278679,27808
397,1,2278680,27809
340,25,2278705,27810
109,94,2278799,27811
9,139,2278938,27812
331,10,2278948,27813
140,64,2279012,27814
117,1,2279013,27815
326,104,2279117,27816
147,37,2279154,27817
442,3,2279157,27818
298,11,2279168,27819
12,20,2279188,27820
163,201,2279389,27821
164,130,2279519,27822
270,53,2279572,27823
37,46,2279618,27824
2571,276,2279894,27825
495,37,2279931,27826
2013,118,2280049,27827
2911,118,2280167,27828
1573,18,2280185,27829
136,72,2280257,27830
127,98,2280355,27831
95,36,2280391,27832
18,134,2280525,27833
316,125,2280650,27834
210,40,2280690,27835
284,232,2280922,27836
3167,16,2280938,27837
262,90,2281028,27838
165,36,2281064,27839
279,7,2281071,27840
2941,8,2281079,27841
1105,44,2281123,27842
4023,348,2281471,27843
282,2,2281473,27844
322,27,2281500,27845
2465,16,2281516,27846
11,14,2281530,27847
729,68,2281598,27848
84,71,2281669,27849
2053,9,2281678,27850
272,33,2281711,27851
415,86,2281797,27852
783,1,2281798,27853
11,11,2281809,27854
244,501,2282310,27855
872,22,2282332,27856
246,9,2282341,27857
164,7,2282348,27858
129,74,2282422,27859
2374,5,2282427,27860
4013,30,2282457,27861
171,128,2282585,27862
538,38,2282623,27863
368,13,2282636,27864
168,81,2282717,27865
65,90,2282807,27866
169,18,2282825,27867
146,26,2282851,27868
149,41,2282892,27869
24,37,2282929,27870
1187,41,2282970,27871
416,16,2282986,27872
301,62,2283048,27873
321,67,2283115,27874
77,121,2283236,27875
14,102,2283338,27876
376,5,2283343,27877
73,135,2283478,27878
104,680,2284158,27879
611,18,2284176,27880
330,69,2284245,27881
41,67,2284312,27882
11,6,2284318,27883
259,39,2284357,27884
376,123,2284480,27885
625,128,2284608,27886
12,4,2284612,27887
3106,94,2284706,27888
186,64,2284770,27889
82,5,2284775,27890
202,87,2284862,27891
269,38,2284900,27892
342,211,2285111,27893
194,26,2285137,27894
18,134,2285271,27895
226,91,2285362,27896
122,209,2285571,27897
302,82,2285653,27898
341,9,2285662,27899
631,14,2285676,27900
331,6,2285682,27901
14,73,2285755,27902
174,27,2285782,27903
318,127,2285909,27904
139,110,2286019,27905
144,60,2286079,27906
332,78,2286157,27907
272,18,2286175,27908
410,60,2286235,27909
154,3,2286238,27910
10,47,2286285,27911
2430,106,2286391,27912
365,115,2286506,27913
105,56,2286562,27914
4003,66,2286628,27915
307,20,2286648,27916
192,116,2286764,27917
562,5,2286769,27918
1948,329,2287098,27919
134,203,2287301,27920
344,33,2287334,27921
761,20,2287354,27922
1076,182,2287536,27923
140,16,2287552,27924
2699,26,2287578,27925
3765,22,2287600,27926
123,11,2287611,27927
293,108,2287719,27928
348,72,2287791,27929
299,6,2287797,27930
229,92,2287889,27931
1182,51,2287940,27932
128,36,2287976,27933
395,127,2288103,27934
232,29,2288132,27935
132,85,2288217,27936
226,119,2288336,27937
376,131,2288467,27938
121,24,2288491,27939
175,167,2288658,27940
13,19,2288677,27941
2603,36,2288713,27942
236,113,2288826,27943
338,138,2288964,27944
1853,56,2289020,27945
279,13,2289033,27946
456,34,2289067,27947
110,46,2289113,27948
3214,143,2289256,27949
545,108,2289364,27950
1311,70,2289434,27951
619,47,2289481,27952
108,146,2289627,27953
85,46,2289673,27954
14,44,2289717,27955
123,10,2289727,27956
286,18,2289745,27957
125,59,2289804,27958
231,2,2289806,27959
169,23,2289829,27960
10,38,2289867,27961
38,45,2289912,27962
2775,32,2289944,27963
229,90,2290034,27964
190,23,2290057,27965
9,104,2290161,27966
1425,7,2290168,27967
209,60,2290228,27968
2404,19,2290247,27969
31,87,2290334,27970
61,32,2290366,27971
426,264,2290630,27972
179,12,2290642,27973
166,127,2290769,27974
317,63,2290832,27975
134,93,2290925,27976
382,179,2291104,27977
144,48,2291152,27978
276,14,2291166,27979
2282,16,2291182,27980
365,115,2291297,27981
348,13,2291310,27982
74,12,2291322,27983
1692,165,2291487,27984
77,107,2291594,27985
379,258,2291852,27986
1291,5,2291857,27987
126,11,2291868,27988
826,85,2291953,27989
4062,133,2292086,27990
285,21,2292107,27991
302,109,2292216,27992
3692,86,2292302,27993
127,202,2292504,27994
669,61,2292565,27995
577,14,2292579,27996
66,28,2292607,27997
30,37,2292644,27998
3557,15,2292659,27999
136,126,2292785,28000
172,38,2292823,28001
94,16,2292839,28002
191,40,2292879,28003
26,70,2292949,28004
20,255,2293204,28005
129,51,2293255,28006
447,55,2293310,28007
3696,83,2293393,28008
251,20,2293413,28009
72,42,2293455,28010
13,31,2293486,28011
146,117,2293603,28012
277,183,2293786,28013
317,13,2293799,28014
71,171,2293970,28015
12,96,2294066,28016
277,29,2294095,28017
10,109,2294204,28018
2033,55,2294259,28019
344,8,2294267,28020
122,161,2294428,28021
82,65,2294493,28022
319,88,2294581,28023
423,108,2294689,28024
106,67,2294756,28025
260,57,2294813,28026
986,49,2294862,28027
420,72,2294934,28028
188,19,2294953,28029
106,37,2294990,28030
233,99,2295089,28031
1586,173,2295262,28032
14,129,2295391,28033
463,142,2295533,28034
281,177,2295710,28035
364,19,2295729,28036
1652,24,2295753,28037
191,215,2295968,28038
66,24,2295992,28039
40,79,2296071,28040
393,34,2296105,28041
562,88,2296193,28042
173,79,2296272,28043
101,87,2296359,28044
263,88,2296447,28045
440,45,2296492,28046
540,14,2296506,28047
301,106,2296612,28048
516,30,2296642,28049
138,120,2296762,28050
747,13,2296775,28051
114,267,2297042,28052
302,108,2297150,28053
248,11,2297161,28054
813,323,2297484,28055
1606,9,2297493,28056
1607,56,2297549,28057
834,99,2297648,28058
148,26,2297674,28059
435,37,2297711,28060
327,37,2297748,28061
186,17,2297765,28062
348,48,2297813,28063
127,123,2297936,28064
124,160,2298096,28065
795,105,2298201,28066
1252,150,2298351,28067
854,17,2298368,28068
143,3,2298371,28069
521,57,2298428,28070
148,63,2298491,28071
22,140,2298631,28072
125,168,2298799,28073
326,17,2298816,28074
167,19,2298835,28075
11,171,2299006,28076
1584,56,2299062,28077
302,51,2299113,28078
2029,7,2299120,28079
201,130,2299250,28080
127,41,2299291,28081
4044,47,2299338,28082
502,97,2299435,28083
140,18,2299453,28084
84,20,2299473,28085
14,77,2299550,28086
4094,238,2299788,28087
123,69,2299857,28088
439,12,2299869,28089
99,44,2299913,28090
26,8,2299921,28091
311,35,2299956,28092
12,53,2300009,28093
32,70,2300079,28094
1000,174,2300253,28095
560,116,2300369,28096
1751,240,2300609,28097
260,46,2300655,28098
154,53,2300708,28099
14,62,2300770,28100
265,80,2300850,28101
310,168,2301018,28102
246,76,2301094,28103
2445,29,2301123,28104
135,64,2301187,28105
159,104,2301291,28106
923,34,2301325,28107
2574,9,2301334,28108
2183,109,2301443,28109
170,217,2301660,28110
17,301,2301961,28111
204,136,2302097,28112
3128,194,2302291,28113
238,82,2302373,28114
435,37,2302410,28115
50,96,2302506,28116
438,85,2302591,28117
351,255,2302846,28118
365,13,2302859,28119
579,3,2302862,28120
412,108,2302970,28121
166,13,2302983,28122
449,131,2303114,28123
344,54,2303168,28124
9,187,2303355,28125
342,118,2303473,28126
718,54,2303527,28127
2027,39,2303566,28128
14,7,2303573,28129
159,27,2303600,28130
15,127,2303727,28131
24,11,2303738,28132
60,219,2303957,28133
870,6,2303963,28134
191,41,2304004,28135
253,27,2304031,28136
18,43,2304074,28137
133,192,2304266,28138
791,67,2304333,28139
389,155,2304488,28140
132,7,2304495,28141
135,45,2304540,28142
380,141,2304681,28143
193,42,2304723,28144
293,104,2304827,28145
973,26,2304853,28146
270,4,2304857,28147
12,11,2304868,28148
21,132,2305000,28149
158,60,2305060,28150
356,72,2305132,28151
13,106,2305238,28152
338,80,2305318,28153
301,90,2305408,28154
2103,6,2305414,28155
3515,33,2305447,28156
576,99,2305546,28157
798,111,2305657,28158
416,4,2305661,28159
727,48,2305709,28160
2957,45,2305754,28161
530,1,2305755,28162
1157,212,2305967,28163
10,41,2306008,28164
423,227,2306235,28165
69,191,2306426,28166
117,44,2306470,28167
98,75,2306545,28168
357,225,2306770,28169
3209,68,2306838,28170
3018,79,2306917,28171
106,228,2307145,28172
1412,52,2307197,28173
2558,54,2307251,28174
270,179,2307430,28175
633,26,2307456,28176
169,110,2307566,28177
109,25,2307591,28178
229,436,2308027,28179
326,78,2308105,28180
289,20,2308125,28181
24,104,2308229,28182
1222,137,2308366,28183
3094,11,2308377,28184
13,5,2308382,28185
230,162,2308544,28186
13,210,2308754,28187
415,22,2308776,28188
271,24,2308800,28189
2236,50,2308850,28190
323,142,2308992,28191
3284,12,2309004,28192
4071,21,2309025,28193
1439,7,2309032,28194
290,29,2309061,28195
42,183,2309244,28196
251,161,2309405,28197
344,39,2309444,28198
14,20,2309464,28199
583,420,2309884,28200
160,137,2310021,28201
591,2,2310023,28202
292,92,2310115,28203
142,47,2310162,28204
308,107,2310269,28205
428,31,2310300,28206
472,10,2310310,28207
168,32,2310342,28208
108,128,2310470,28209
241,195,2310665,28210
316,109,2310774,28211
1198,140,2310914,28212
590,7,2310921,28213
615,100,2311021,28214
3714,236,2311257,28215
53,40,2311297,28216
243,193,2311490,28217
96,20,2311510,28218
378,6,2311516,28219
116,94,2311610,28220
277,215,2311825,28221
213,110,2311935,28222
136,14,2311949,28223
155,280,2312229,28224
105,23,2312252,28225
119,19,2312271,28226
551,30,2312301,28227
378,61,2312362,28228
474,86,2312448,28229
213,18,2312466,28230
1094,49,2312515,28231
2661,43,2312558,28232
304,72,2312630,28233
532,171,2312801,28234
394,3,2312804,28235
180,9,2312813,28236
151,124,2312937,28237
282,1,2312938,28238
249,39,2312977,28239
1896,115,2313092,28240
101,48,2313140,28241
104,150,2313290,28242
3714,9,2313299,28243
14,213,2313512,28244
273,257,2313769,28245
111,48,2313817,28246
12,86,2313903,28247
14,98,2314001,28248
126,4,2314005,28249
2406,80,2314085,28250
480,4,2314089,28251
274,61,2314150,28252
320,222,2314372,28253
2349,51,2314423,28254
381,192,2314615,28255
324,69,2314684,28256
120,109,2314793,28257
1324,66,2314859,28258
318,50,2314909,28259
140,100,2315009,28260
360,286,2315295,28261
3263,18,2315313,28262
1898,127,2315440,28263
526,70,2315510,28264
326,4,2315514,28265
118,5,2315519,28266
2667,20,2315539,28267
3392,158,2315697,28268
170,101,2315798,28269
21,21,2315819,28270
12,184,2316003,28271
93,19,2316022,28272
2526,104,2316126,28273
1093,50,2316176,28274
392,76,2316252,28275
134,221,2316473,28276
508,29,2316502,28277
192,64,2316566,28278
3051,271,2316837,28279
157,144,2316981,28280
347,95,2317076,28281
109,84,2317160,28282
3389,65,2317225,28283
3519,26,2317251,28284
136,113,2317364,28285
328,87,2317451,28286
10,82,2317533,28287
44,8,2317541,28288
222,96,2317637,28289
11,9,2317646,28290
9,56,2317702,28291
859,120,2317822,28292
298,83,2317905,28293
242,15,2317920,28294
198,192,2318112,28295
2357,31,2318143,28296
10,19,2318162,28297
248,121,2318283,28298
128,25,2318308,28299
1405,103,2318411,28300
335,78,2318489,28301
410,35,2318524,28302
2177,52,2318576,28303
13,100,2318676,28304
2210,84,2318760,28305
312,70,2318830,28306
341,199,2319029,28307
318,56,2319085,28308
1921,44,2319129,28309
280,7,2319136,28310
4012,170,2319306,28311
147,53,2319359,28312
3573,152,2319511,28313
93,44,2319555,28314
344,70,2319625,28315
82,19,2319644,28316
3770,69,2319713,28317
1698,29,2319742,28318
87,92,2319834,28319
43,52,2319886,28320
13,159,2320045,28321
1191,189,2320234,28322
303,32,2320266,28323
2374,19,2320285,28324
306,95,2320380,28325
65,85,2320465,28326
198,102,2320567,28327
202,182,2320749,28328
429,40,2320789,28329
2403,40,2320829,28330
318,4,2320833,28331
261,150,2320983,28332
96,99,2321082,28333
182,165,2321247,28334
20,151,2321398,28335
19,14,2321412,28336
3532,93,2321505,28337
340,256,2321761,28338
975,25,2321786,28339
1555,44,2321830,28340
106,66,2321896,28341
3482,34,2321930,28342
227,61,2321991,28343
132,425,2322416,28344
88,187,2322603,28345
362,43,2322646,28346
108,60,2322706,28347
132,204,2322910,28348
1248,19,2322929,28349
1043,89,2323018,28350
409,111,2323129,28351
317,26,2323155,28352
551,15,2323170,28353
72,267,2323437,28354
13,43,2323480,28355
71,39,2323519,28356
1093,131,2323650,28357
105,3,2323653,28358
382,120,2323773,28359
3836,19,2323792,28360
176,99,2323891,28361
119,143,2324034,28362
114,77,2324111,28363
603,67,2324178,28364
290,16,2324194,28365
170,63,2324257,28366
206,90,2324347,28367
88,300,2324647,28368
17,125,2324772,28369
314,168,2324940,28370
447,25,2324965,28371
2873,83,2325048,28372
408,112,2325160,28373
246,28,2325188,28374
11,71,2325259,28375
271,127,2325386,28376
450,85,2325471,28377
528,40,2325511,28378
2421,152,2325663,28379
408,182,2325845,28380
1756,38,2325883,28381
150,5,2325888,28382
155,20,2325908,28383
304,78,2325986,28384
359,123,2326109,28385
231,114,2326223,28386
15,4,2326227,28387
2530,5,2326232,28388
18,38,2326270,28389
827,11,2326281,28390
366,97,2326378,28391
128,91,2326469,28392
3821,168,2326637,28393
2755,10,2326647,28394
3346,144,2326791,28395
3171,14,2326805,28396
234,70,2326875,28397
337,38,2326913,28398
129,62,2326975,28399
111,37,2327012,28400
164,193,2327205,28401
145,380,2327585,28402
2541,30,2327615,28403
162,47,2327662,28404
1399,25,2327687,28405
1431,70,2327757,28406
239,93,2327850,28407
104,27,2327877,28408
312,73,2327950,28409
3144,69,2328019,28410
200,201,2328220,28411
341,40,2328260,28412
434,72,2328332,28413
82,82,2328414,28414
24,121,2328535,28415
351,5,2328540,28416
461,8,2328548,28417
258,70,2328618,28418
119,25,2328643,28419
221,227,2328870,28420
398,222,2329092,28421
254,31,2329123,28422
475,17,2329140,28423
147,25,2329165,28424
389,2,2329167,28425
105,338,2329505,28426
168,140,2329645,28427
14,156,2329801,28428
149,55,2329856,28429
220,208,2330064,28430
18,333,2330397,28431
22,21,2330418,28432
1777,54,2330472,28433
120,81,2330553,28434
94,118,2330671,28435
21,21,2330692,28436
335,7,2330699,28437
237,134,2330833,28438
13,36,2330869,28439
226,32,2330901,28440
91,31,2330932,28441
92,131,2331063,28442
345,24,2331087,28443
287,147,2331234,28444
3898,4,2331238,28445
279,40,2331278,28446
415,59,2331337,28447
339,49,2331386,28448
32,174,2331560,28449
188,106,2331666,28450
132,52,2331718,28451
1016,41,2331759,28452
1364,107,2331866,28453
130,43,2331909,28454
396,51,2331960,28455
263,5,2331965,28456
320,151,2332116,28457
113,1,2332117,28458
433,13,2332130,28459
109,139,2332269,28460
250,78,2332347,28461
19,238,2332585,28462
1494,19,2332604,28463
618,4,2332608,28464
250,121,2332729,28465
120,131,2332860,28466
470,7,2332867,28467
1270,118,2332985,28468
162,34,2333019,28469
39,397,2333416,28470
117,108,2333524,28471
143,32,2333556,28472
288,33,2333589,28473
10,341,2333930,28474
3276,65,2333995,28475
196,93,2334088,28476
122,42,2334130,28477
156,10,2334140,28478
187,24,2334164,28479
2003,167,2334331,28480
268,165,2334496,28481
135,14,2334510,28482
150,2,2334512,28483
317,132,2334644,28484
11,41,2334685,28485
3765,25,2334710,28486
152,47,2334757,28487
851,5,2334762,28488
409,23,2334785,28489
120,43,2334828,28490
201,129,2334957,28491
3133,51,2335008,28492
3568,41,2335049,28493
206,8,2335057,28494
1347,142,2335199,28495
617,4,2335203,28496
269,90,2335293,28497
3962,56,2335349,28498
1695,92,2335441,28499
138,45,2335486,28500
273,8,2335494,28501
756,124,2335618,28502
450,70,2335688,28503
275,79,2335767,28504
105,144,2335911,28505
17,46,2335957,28506
3688,10,2335967,28507
2352,8,2335975,28508
13,76,2336051,28509
332,149,2336200,28510
354,36,2336236,28511
2465,413,2336649,28512
290,57,2336706,28513
3461,291,2336997,28514
143,103,2337100,28515
39,17,2337117,28516
1872,141,2337258,28517
191,49,2337307,28518
3107,41,2337348,28519
2873,2,2337350,28520
1510,158,2337508,28521
882,9,2337517,28522
224,1,2337518,28523
13,10,2337528,28524
408,130,2337658,28525
242,66,2337724,28526
524,55,2337779,28527
1801,3,2337782,28528
301,29,2337811,28529
75,131,2337942,28530
234,24,2337966,28531
151,273,2338239,28532
260,40,2338279,28533
373,104,2338383,28534
187,39,2338422,28535
11,182,2338604,28536
481,44,2338648,28537
117,18,2338666,28538
167,24,2338690,28539
226,88,2338778,28540
154,6,2338784,28541
36,19,2338803,28542
164,139,2338942,28543
245,91,2339033,28544
2568,39,2339072,28545
241,274,2339346,28546
3271,48,2339394,28547
181,34,2339428,28548
1005,12,2339440,28549
3838,111,2339551,28550
19,161,2339712,28551
459,110,2339822,28552
58,41,2339863,28553
466,5,2339868,28554
3498,126,2339994,28555
870,173,2340167,28556
37,35,2340202,28557
631,233,2340435,28558
2874,258,2340693,28559
151,53,2340746,28560
503,23,2340769,28561
362,130,2340899,28562
170,108,2341007,28563
3333,202,2341209,28564
1105,187,2341396,28565
504,16,2341412,28566
344,9,2341421,28567
263,148,2341569,28568
375,17,2341586,28569
2117,18,2341604,28570
1039,39,2341643,28571
158,64,2341707,28572
135,3,2341710,28573
3000,6,2341716,28574
2810,18,2341734,28575
317,368,2342102,28576
498,33,2342135,28577
405,31,2342166,28578
3624,54,2342220,28579
125,23,2342243,28580
425,159,2342402,28581
11,57,2342459,28582
175,46,2342505,28583
273,37,2342542,28584
299,17,2342559,28585
173,66,2342625,28586
512,27,2342652,28587
336,89,2342741,28588
18,185,2342926,28589
343,40,2342966,28590
2661,154,2343120,28591
137,134,2343254,28592
351,134,2343388,28593
3849,55,2343443,28594
883,99,2343542,28595
288,530,2344072,28596
406,20,2344092,28597
119,259,2344351,28598
119,180,2344531,28599
123,56,2344587,28600
989,221,2344808,28601
289,16,2344824,28602
326,32,2344856,28603
288,57,2344913,28604
309,124,2345037,28605
180,36,2345073,28606
9,159,2345232,28607
701,88,2345320,28608
136,23,2345343,28609
3041,8,2345351,28610
2552,29,2345380,28611
117,196,2345576,28612
838,120,2345696,28613
418,134,2345830,28614
356,117,2345947,28615
466,184,2346131,28616
462,52,2346183,28617
140,68,2346251,28618
240,125,2346376,28619
400,1,2346377,28620
353,123,2346500,28621
265,81,2346581,28622
116,17,2346598,28623
326,37,2346635,28624
283,94,2346729,28625
397,25,2346754,28626
244,56,2346810,28627
545,24,2346834,28628
212,62,2346896,28629
2560,60,2346956,28630
1190,66,2347022,28631
754,98,2347120,28632
97,11,2347131,28633
108,3,2347134,28634
207,8,2347142,28635
140,14,2347156,28636
294,106,2347262,28637
1115,163,2347425,28638
2046,1,2347426,28639
359,80,2347506,28640
228,85,2347591,28641
162,338,2347929,28642
24,38,2347967,28643
981,92,2348059,28644
274,57,2348116,28645
116,145,2348261,28646
292,135,2348396,28647
499,47,2348443,28648
348,51,2348494,28649
2153,77,2348571,28650
2712,11,2348582,28651
158,44,2348626,28652
1566,167,2348793,28653
1488,190,2348983,28654
4011,57,2349040,28655
134,2,2349042,28656
384,52,2349094,28657
106,122,2349216,28658
1151,61,2349277,28659
2676,7,2349284,28660
312,26,2349310,28661
2338,118,2349428,28662
576,121,2349549,28663
26,283,2349832,28664
347,10,2349842,28665
1142,108,2349950,28666
364,106,2350056,28667
295,59,2350115,28668
476,131,2350246,28669
466,67,2350313,28670
3416,16,2350329,28671
300,51,2350380,28672
324,7,2350387,28673
200,55,2350442,28674
3893,24,2350466,28675
432,62,2350528,28676
391,72,2350600,28677
361,58,2350658,28678
83,332,2350990,28679
67,5,2350995,28680
121,96,2351091,28681
884,100,2351191,28682
88,62,2351253,28683
282,129,2351382,28684
304,162,2351544,28685
176,178,2351722,28686
313,23,2351745,28687
31,26,2351771,28688
113,109,2351880,28689
142,46,2351926,28690
37,169,2352095,28691
302,120,2352215,28692
3177,35,2352250,28693
191,4,2352254,28694
345,40,2352294,28695
127,134,2352428,28696
256,52,2352480,28697
107,17,2352497,28698
507,45,2352542,28699
1290,123,2352665,28700
3419,71,2352736,28701
258,78,2352814,28702
321,72,2352886,28703
147,226,2353112,28704
51,59,2353171,28705
10,224,2353395,28706
374,112,2353507,28707
136,5,2353512,28708
389,172,2353684,28709
289,14,2353698,28710
192,75,2353773,28711
234,129,2353902,28712
1928,255,2354157,28713
486,30,2354187,28714
784,12,2354199,28715
2322,119,2354318,28716
3321,61,2354379,28717
354,53,2354432,28718
109,95,2354527,28719
334,111,2354638,28720
2749,9,2354647,28721
308,82,2354729,28722
291,131,2354860,28723
236,219,2355079,28724
1766,11,2355090,28725
1685,139,2355229,28726
486,117,2355346,28727
178,2,2355348,28728
118,222,2355570,28729
3993,140,2355710,28730
120,20,2355730,28731
409,184,2355914,28732
931,10,2355924,28733
136,4,2355928,28734
156,29,2355957,28735
250,47,2356004,28736
82,24,2356028,28737
3101,234,2356262,28738
2802,8,2356270,28739
198,15,2356285,28740
4047,17,2356302,28741
329,48,2356350,28742
102,33,2356383,28743
594,49,2356432,28744
294,11,2356443,28745
370,11,2356454,28746
270,139,2356593,28747
481,40,2356633,28748
395,210,2356843,28749
284,49,2356892,28750
443,28,2356920,28751
3598,54,2356974,28752
1456,85,2357059,28753
364,25,2357084,28754
166,110,2357194,28755
1053,156,2357350,28756
114,227,2357577,28757
352,10,2357587,28758
41,182,2357769,28759
43,124,2357893,28760
76,102,2357995,28761
305,67,2358062,28762
227,89,2358151,28763
900,76,2358227,28764
294,320,2358547,28765
564,17,2358564,28766
4084,98,2358662,28767
205,29,2358691,28768
252,10,2358701,28769
3031,44,2358745,28770
151,164,2358909,28771
274,44,2358953,28772
152,18,2358971,28773
416,8,2358979,28774
14,465,2359444,28775
1635,49,2359493,28776
12,97,2359590,28777
1383,213,2359803,28778
330,12,2359815,28779
366,68,2359883,28780
351,72,2359955,28781
119,86,2360041,28782
9,118,2360159,28783
210,12,2360171,28784
397,38,2360209,28785
3289,42,2360251,28786
272,72,2360323,28787
158,84,2360407,28788
676,49,2360456,28789
1793,8,2360464,28790
3939,29,2360493,28791
1119,18,2360511,28792
146,116,2360627,28793
1365,96,2360723,28794
3759,29,2360752,28795
159,97,2360849,28796
14,62,2360911,28797
250,111,2361022,28798
738,41,2361063,28799
370,58,2361121,28800
665,11,2361132,28801
321,99,2361231,28802
321,142,2361373,28803
576,93,2361466,28804
168,65,2361531,28805
621,28,2361559,28806
1068,65,2361624,28807
90,34,2361658,28808
264,43,2361701,28809
1073,34,2361735,28810
154,102,2361837,28811
600,125,2361962,28812
522,8,2361970,28813
2128,212,2362182,28814
1709,13,2362195,28815
2522,43,2362238,28816
100,149,2362387,28817
251,129,2362516,28818
140,96,2362612,28819
2361,77,2362689,28820
133,89,2362778,28821
436,42,2362820,28822
331,53,2362873,28823
238,27,2362900,28824
10,70,2362970,28825
46,12,2362982,28826
201,64,2363046,28827
299,125,2363171,28828
2449,47,2363218,28829
261,129,2363347,28830
55,10,2363357,28831
108,2,2363359,28832
270,158,2363517,28833
525,64,2363581,28834
58,25,2363606,28835
48,54,2363660,28836
739,171,2363831,28837
216,163,2363994,28838
309,17,2364011,28839
224,21,2364032,28840
146,96,2364128,28841
11,30,2364158,28842
304,84,2364242,28843
421,34,2364276,28844
403,80,2364356,28845
303,22,2364378,28846
816,107,2364485,28847
74,57,2364542,28848
3206,61,2364603,28849
333,2,2364605,28850
185,38,2364643,28851
3116,268,2364911,28852
95,144,2365055,28853
12,12,2365067,28854
3491,14,2365081,28855
408,18,2365099,28856
2947,155,2365254,28857
89,156,2365410,28858
3925,28,2365438,28859
293,43,2365481,28860
400,156,2365637,28861
224,3,2365640,28862
117,38,2365678,28863
2827,85,2365763,28864
388,141,2365904,28865
652,15,2365919,28866
304,15,2365934,28867
216,16,2365950,28868
456,10,2365960,28869
13,5,2365965,28870
121,26,2365991,28871
168,53,2366044,28872
213,69,2366113,28873
81,172,2366285,28874
314,44,2366329,28875
290,305,2366634,28876
359,49,2366683,28877
455,41,2366724,28878
229,7,2366731,28879
112,311,2367042,28880
341,36,2367078,28881
212,38,2367116,28882
695,18,2367134,28883
1003,64,2367198,28884
329,241,2367439,28885
755,17,2367456,28886
145,77,2367533,28887
114,22,2367555,28888
101,5,2367560,28889
2039,215,2367775,28890
115,28,2367803,28891
137,5,2367808,28892
1394,11,2367819,28893
21,21,2367840,28894
108,35,2367875,28895
3034,49,2367924,28896
101,47,2367971,28897
33,23,2367994,28898
179,11,2368005,28899
809,52,2368057,28900
415,200,2368257,28901
3905,205,2368462,28902
675,48,2368510,28903
299,89,2368599,28904
13,29,2368628,28905
335,57,2368685,28906
334,16,2368701,28907
3266,111,2368812,28908
146,140,2368952,28909
189,78,2369030,28910
3273,24,2369054,28911
265,78,2369132,28912
2509,12,2369144,28913
312,92,2369236,28914
137,12,2369248,28915
3391,197,2369445,28916
167,61,2369506,28917
20,105,2369611,28918
299,66,2369677,28919
30,111,2369788,28920
537,138,2369926,28921
2334,9,2369935,28922
2818,96,2370031,28923
1031,125,2370156,28924
287,404,2370560,28925
965,32,2370592,28926
309,72,2370664,28927
3403,154,2370818,28928
358,92,2370910,28929
2819,267,2371177,28930
422,128,2371305,28931
3944,64,2371369,28932
1001,53,2371422,28933
160,65,2371487,28934
40,122,2371609,28935
133,171,2371780,28936
25,4,2371784,28937
1168,12,2371796,28938
413,15,2371811,28939
900,2,2371813,28940
1789,246,2372059,28941
112,28,2372087,28942
104,51,2372138,28943
191,77,2372215,28944
196,27,2372242,28945
31,247,2372489,28946
229,93,2372582,28947
3042,30,2372612,28948
11,23,2372635,28949
421,80,2372715,28950
314,6,2372721,28951
356,20,2372741,28952
74,15,2372756,28953
51,49,2372805,28954
927,94,2372899,28955
433,28,2372927,28956
494,31,2372958,28957
499,122,2373080,28958
170,12,2373092,28959
234,53,2373145,28960
85,112,2373257,28961
1666,248,2373505,28962
134,59,2373564,28963
97,3,2373567,28964
1455,95,2373662,28965
2800,27,2373689,28966
77,10,2373699,28967
592,94,2373793,28968
525,155,2373948,28969
22,14,2373962,28970
350,41,2374003,28971
3441,57,2374060,28972
10,374,2374566,28974
1145,231,2374797,28975
56,42,2374839,28976
74,31,2374870,28977
354,169,2375039,28978
15,30,2375069,28979
4086,321,2375390,28980
96,153,2375543,28981
292,100,2375643,28982
13,38,2375681,28983
513,74,2375755,28984
145,5,2375760,28985
157,49,2375809,28986
129,203,2376012,28987
404,439,2376451,28988
428,11,2376462,28989
351,11,2376473,28990
48,75,2376548,28991
135,18,2376566,28992
164,47,2376613,28993
383,76,2376689,28994
1783,18,2376707,28995
391,76,2376783,28996
382,11,2376794,28997
15,106,2376900,28998
481,50,2376950,28999
400,19,2376969,29000
420,121,2377090,29001
333,94,2377184,29002
167,128,2377312,29003
126,123,2377435,29004
468,49,2377484,29005
218,63,2377547,29006
302,165,2377712,29007
3745,23,2377735,29008
67,2,2377737,29009
3625,49,2377786,29010
337,210,2377996,29011
153,13,2378009,29012
923,96,2378105,29013
318,63,2378168,29014
162,7,2378175,29015
66,15,2378190,29016
2058,19,2378209,29017
340,239,2378448,29018
2627,95,2378543,29019
106,215,2378758,29020
49,22,2378780,29021
293,70,2378850,29022
523,53,2378903,29023
64,6,2378909,29024
67,322,2379231,29025
173,161,2379392,29026
140,47,2379439,29027
1093,4,2379443,29028
380,36,2379479,29029
307,30,2379509,29030
351,7,2379516,29031
153,150,2379666,29032
334,31,2379697,29033
1547,10,2379707,29034
178,41,2379748,29035
24,74,2379822,29036
2349,32,2379854,29037
9,162,2380016,29038
191,14,2380030,29039
131,13,2380043,29040
99,81,2380124,29041
225,18,2380142,29042
114,97,2380239,29043
187,162,2380401,29044
86,15,2380416,29045
282,94,2380510,29046
292,35,2380545,29047
16,103,2380648,29048
141,71,2380719,29049
165,23,2380742,29050
4017,29,2380771,29051
297,217,2380988,29052
469,75,2381063,29053
222,14,2381077,29054
199,250,2381327,29055
4009,445,2381772,29056
304,78,2381850,29057
379,82,2381932,29058
170,52,2381984,29059
100,233,2382217,29060
115,1,2382218,29061
104,10,2382228,29062
145,153,2382381,29063
3643,140,2382521,29064
1761,90,2382611,29065
2447,15,2382626,29066
3348,57,2382683,29067
244,7,2382690,29068
646,4,2382694,29069
482,39,2382733,29070
45,38,2382771,29071
410,11,2382782,29072
64,4,2382786,29073
329,45,2382831,29074
137,76,2382907,29075
30,28,2382935,29076
249,69,2383004,29077
10,262,2383266,29078
332,61,2383327,29079
3727,123,2383450,29080
114,36,2383486,29081
255,94,2383580,29082
136,72,2383652,29083
880,81,2383733,29084
159,47,2383780,29085
124,29,2383809,29086
162,76,2383885,29087
2746,25,2383910,29088
1642,8,2383918,29089
327,261,2384179,29090
35,108,2384287,29091
56,146,2384433,29092
3435,54,2384487,29093
3421,42,2384529,29094
184,40,2384569,29095
1606,19,2384588,29096
3535,134,2384722,29097
375,377,2385099,29098
99,156,2385255,29099
25,33,2385288,29100
162,166,2385454,29101
2934,17,2385471,29102
302,85,2385556,29103
349,157,2385713,29104
295,33,2385746,29105
614,36,2385782,29106
1067,13,2385795,29107
831,305,2386100,29108
353,131,2386231,29109
142,64,2386295,29110
87,105,2386400,29111
40,134,2386534,29112
386,156,2386690,29113
52,27,2386717,29114
269,24,2386741,29115
72,419,2387160,29116
153,25,2387185,29117
3210,140,2387325,29118
342,62,2387387,29119
1516,95,2387482,29120
2027,118,2387600,29121
146,44,2387644,29122
28,349,2387993,29123
24,127,2388120,29124
135,294,2388414,29125
2545,69,2388483,29126
140,83,2388566,29127
125,50,2388616,29128
134,9,2388625,29129
158,33,2388658,29130
459,147,2388805,29131
1027,33,2388838,29132
746,36,2388874,29133
295,92,2388966,29134
242,42,2389008,29135
132,8,2389016,29136
43,6,2389022,29137
272,62,2389084,29138
244,172,2389256,29139
24,26,2389282,29140
12,33,2389315,29141
3992,188,2389503,29142
300,97,2389600,29143
422,6,2389606,29144
14,21,2389627,29145
759,164,2389791,29146
1934,55,2389846,29147
47,35,2389881,29148
3897,89,2389970,29149
4028,91,2390061,29150
219,8,2390069,29151
88,106,2390175,29152
420,8,2390183,29153
141,178,2390361,29154
222,71,2390432,29155
242,22,2390454,29156
2918,25,2390479,29157
222,35,2390514,29158
190,16,2390530,29159
348,21,2390551,29160
255,1,2390552,29161
167,13,2390565,29162
244,58,2390623,29163
410,22,2390645,29164
450,16,2390661,29165
135,38,2390699,29166
1794,25,2390724,29167
319,47,2390771,29168
257,18,2390789,29169
117,65,2390854,29170
437,100,2390954,29171
143,36,2390990,29172
316,15,2391005,29173
49,17,2391022,29174
654,73,2391095,29175
232,35,2391130,29176
631,79,2391209,29177
1548,6,2391215,29178
108,125,2391340,29179
133,48,2391388,29180
323,27,2391415,29181
1737,55,2391470,29182
133,172,2391642,29183
3088,101,2391743,29184
123,40,2391783,29185
524,76,2391859,29186
596,35,2391894,29187
113,29,2391923,29188
391,48,2391971,29189
142,96,2392067,29190
133,40,2392107,29191
132,147,2392254,29192
1940,44,2392298,29193
10,177,2392475,29194
9,25,2392500,29195
195,269,2392769,29196
81,302,2393071,29197
1055,22,2393093,29198
278,111,2393204,29199
315,18,2393222,29200
8,14,2393236,29201
26,22,2393258,29202
68,59,2393317,29203
1013,31,2393348,29204
202,136,2393484,29205
469,439,2393923,29206
1984,68,2393991,29207
181,46,2394037,29208
25,76,2394113,29209
151,39,2394152,29210
209,35,2394187,29211
685,60,2394247,29212
176,42,2394289,29213
53,32,2394321,29214
107,95,2394416,29215
228,71,2394487,29216
126,102,2394589,29217
177,2,2394591,29218
232,126,2394717,29219
1023,101,2394818,29220
2346,98,2394916,29221
109,76,2394992,29222
1678,93,2395085,29223
2685,24,2395109,29224
443,134,2395243,29225
176,105,2395348,29226
14,110,2395458,29227
443,62,2395520,29228
17,64,2395584,29229
3789,78,2395662,29230
391,123,2395785,29231
289,146,2395931,29232
356,3,2395934,29233
52,23,2395957,29234
151,160,2396117,29235
706,116,2396233,29236
422,81,2396314,29237
71,20,2396334,29238
427,58,2396392,29239
469,77,2396469,29240
1746,23,2396492,29241
100,88,2396580,29242
12,1,2396581,29243
3722,33,2396614,29244
182,311,2396925,29245
264,5,2396930,29246
170,53,2396983,29247
109,117,2397100,29248
57,100,2397200,29249
303,14,2397214,29250
52,66,2397280,29251
307,161,2397441,29252
868,68,2397509,29253
3835,5,2397514,29254
63,137,2397651,29255
2957,120,2397771,29256
106,40,2397811,29257
662,108,2397919,29258
280,116,2398035,29259
297,2,2398037,29260
182,24,2398061,29261
16,74,2398135,29262
140,48,2398183,29263
148,72,2398255,29264
347,57,2398312,29265
29,138,2398450,29266
178,151,2398601,29267
126,125,2398726,29268
628,30,2398756,29269
180,73,2398829,29270
137,40,2398869,29271
109,96,2398965,29272
140,158,2399123,29273
182,28,2399151,29274
79,120,2399271,29275
275,6,2399277,29276
3414,36,2399313,29277
342,255,2399568,29278
368,159,2399727,29279
144,6,2399733,29280
4046,81,2399814,29281
1236,11,2399825,29282
146,11,2399836,29283
283,1,2399837,29284
285,75,2399912,29285
67,167,2400079,29286
607,15,2400094,29287
3718,17,2400111,29288
404,19,2400130,29289
33,94,2400224,29290
136,163,2400387,29291
11,57,2400444,29292
493,49,2400493,29293
289,9,2400502,29294
289,21,2400523,29295
384,39,2400562,29296
1040,32,2400594,29297
310,18,2400612,29298
2651,165,2400777,29299
2426,71,2400848,29300
108,330,2401178,29301
313,4,2401182,29302
233,22,2401204,29303
248,40,2401244,29304
32,1,2401245,29305
315,42,2401287,29306
146,28,2401315,29307
344,149,2401464,29308
330,47,2401511,29309
368,89,2401600,29310
51,23,2401623,29311
4090,38,2401661,29312
141,162,2401823,29313
3232,120,2401943,29314
758,43,2401986,29315
30,11,2401997,29316
161,18,2402015,29317
43,57,2402072,29318
110,89,2402161,29319
189,78,2402239,29320
288,24,2402263,29321
2520,208,2402471,29322
96,89,2402560,29323
290,34,2402594,29324
63,144,2402738,29325
3210,213,2402951,29326
3376,43,2402994,29327
87,2,2402996,29328
2705,22,2403018,29329
3013,78,2403096,29330
116,6,2403102,29331
15,17,2403119,29332
130,92,2403211,29333
12,25,2403236,29334
3047,1,2403237,29335
208,10,2403247,29336
154,67,2403314,29337
19,32,2403346,29338
171,65,2403411,29339
3588,10,2403421,29340
134,100,2403521,29341
203,51,2403572,29342
190,123,2403695,29343
13,399,2404094,29344
130,56,2404150,29345
359,243,2404393,29346
98,2,2404395,29347
420,40,2404435,29348
507,137,2404572,29349
333,94,2404666,29350
532,26,2404692,29351
39,141,2404833,29352
28,97,2404930,29353
2728,166,2405096,29354
10,15,2405111,29355
30,32,2405143,29356
16,22,2405165,29357
27,122,2405287,29358
16,23,2405310,29359
22,39,2405349,29360
84,191,2405540,29361
107,7,2405547,29362
309,5,2405552,29363
339,111,2405663,29364
66,74,2405737,29365
121,45,2405782,29366
117,130,2405912,29367
321,31,2405943,29368
608,87,2406030,29369
3928,14,2406044,29370
256,31,2406075,29371
118,37,2406112,29372
187,54,2406166,29373
154,13,2406179,29374
167,6,2406185,29375
265,123,2406308,29376
737,64,2406372,29377
262,148,2406520,29378
193,127,2406647,29379
144,3,2406650,29380
233,4,2406654,29381
3206,7,2406661,29382
716,49,2406710,29383
90,26,2406736,29384
118,56,2406792,29385
351,50,2406842,29386
460,17,2406859,29387
229,1,2406860,29388
207,22,2406882,29389
9,34,2406916,29390
186,170,2407086,29391
503,275,2407361,29392
375,155,2407516,29393
404,19,2407535,29394
355,116,2407651,29395
183,75,2407726,29396
553,110,2407836,29397
106,210,2408046,29398
25,24,2408070,29399
88,16,2408086,29400
107,43,2408129,29401
307,3,2408132,29402
129,89,2408221,29403
2914,54,2408275,29404
794,101,2408376,29405
345,52,2408428,29406
97,101,2408529,29407
338,30,2408559,29408
204,196,2408755,29409
1931,7,2408762,29410
317,44,2408806,29411
722,30,2408836,29412
96,349,2409185,29413
419,127,2409312,29414
115,60,2409372,29415
129,48,2409420,29416
360,30,2409450,29417
2413,10,2409460,29418
449,36,2409496,29419
4014,250,2409746,29420
200,66,2409812,29421
123,4,2409816,29422
429,65,2409881,29423
30,5,2409886,29424
737,3,2409889,29425
254,15,2409904,29426
325,102,2410006,29427
4025,123,2410129,29428
359,27,2410156,29429
123,92,2410248,29430
156,14,2410262,29431
200,41,2410303,29432
3206,36,2410339,29433
369,70,2410409,29434
1931,32,2410441,29435
132,70,2410511,29436
254,31,2410542,29437
3473,18,2410560,29438
88,105,2410665,29439
57,8,2410673,29440
13,30,2410703,29441
239,308,2411011,29442
396,18,2411029,29443
476,22,2411051,29444
307,15,2411066,29445
2501,54,2411120,29446
2558,87,2411207,29447
1522,67,2411274,29448
17,23,2411297,29449
12,23,2411320,29450
440,3,2411323,29451
992,135,2411458,29452
110,185,2411643,29453
356,37,2411680,29454
1136,18,2411698,29455
1045,26,2411724,29456
11,67,2411791,29457
147,171,2411962,29458
2657,79,2412041,29459
175,420,2412461,29460
346,67,2412528,29461
1329,344,2412872,29462
334,168,2413040,29463
173,23,2413063,29464
529,217,2413280,29465
390,36,2413316,29466
695,30,2413346,29467
415,96,2413442,29468
381,87,2413529,29469
239,82,2413611,29470
14,288,2413899,29471
76,27,2413926,29472
396,1,2413927,29473
164,80,2414007,29474
133,22,2414029,29475
120,25,2414054,29476
324,205,2414259,29477
155,42,2414301,29478
895,43,2414344,29479
114,8,2414352,29480
198,356,2414708,29481
897,2,2414710,29482
11,248,2414958,29483
331,6,2414964,29484
620,70,2415034,29485
47,17,2415051,29486
425,30,2415081,29487
123,256,2415337,29488
116,16,2415353,29489
642,34,2415387,29490
2909,5,2415392,29491
170,52,2415444,29492
122,20,2415464,29493
362,135,2415599,29494
102,57,2415656,29495
434,85,2415741,29496
621,34,2415775,29497
220,8,2415783,29498
89,223,2416006,29499
322,115,2416121,29500
119,4,2416125,29501
196,159,2416284,29502
159,63,2416347,29503
3776,56,2416403,29504
228,243,2416646,29505
449,122,2416768,29506
337,22,2416790,29507
371,5,2416795,29508
1876,109,2416904,29509
233,44,2416948,29510
439,71,2417019,29511
319,2,2417021,29512
271,54,2417075,29513
46,122,2417197,29514
121,2,2417199,29515
84,24,2417223,29516
346,244,2417467,29517
322,71,2417538,29518
11,24,2417562,29519
3521,58,2417620,29520
267,3,2417623,29521
3179,134,2417757,29522
1911,27,2417784,29523
109,1,2417785,29524
170,114,2417899,29525
1941,43,2417942,29526
131,59,2418001,29527
386,3,2418004,29528
274,2,2418006,29529
166,15,2418021,29530
69,24,2418045,29531
207,77,2418122,29532
11,58,2418180,29533
333,75,2418255,29534
2483,282,2418537,29535
152,79,2418616,29536
330,13,2418629,29537
1615,66,2418695,29538
303,30,2418725,29539
221,69,2418794,29540
460,13,2418807,29541
432,51,2418858,29542
1888,10,2418868,29543
160,72,2418940,29544
258,175,2419115,29545
15,40,2419155,29546
1025,138,2419293,29547
109,22,2419315,29548
128,3,2419318,29549
431,15,2419333,29550
165,274,2419607,29551
165,63,2419670,29552
137,15,2419685,29553
113,14,2419699,29554
521,1,2419700,29555
2165,84,2419784,29556
158,47,2419831,29557
395,155,2419986,29558
331,21,2420007,29559
9,8,2420015,29560
18,19,2420034,29561
11,31,2420065,29562
186,38,2420103,29563
861,73,2420176,29564
687,43,2420219,29565
146,6,2420225,29566
222,146,2420371,29567
503,51,2420422,29568
77,129,2420551,29569
152,175,2420726,29570
109,8,2420734,29571
2702,8,2420742,29572
153,126,2420868,29573
335,26,2420894,29574
921,240,2421134,29575
550,118,2421252,29576
239,27,2421279,29577
453,127,2421406,29578
584,113,2421519,29579
321,290,2421809,29580
124,65,2421874,29581
33,159,2422033,29582
131,137,2422170,29583
12,140,2422310,29584
11,137,2422447,29585
330,225,2422672,29586
286,76,2422748,29587
3131,12,2422760,29588
3163,218,2422978,29589
312,40,2423018,29590
1751,18,2423036,29591
111,99,2423135,29592
311,30,2423165,29593
362,66,2423231,29594
37,5,2423236,29595
163,44,2423280,29596
733,65,2423345,29597
249,35,2423380,29598
487,28,2423408,29599
484,5,2423413,29600
298,48,2423461,29601
335,68,2423529,29602
2712,20,2423549,29603
759,105,2423654,29604
67,117,2423771,29605
375,11,2423782,29606
1299,24,2423806,29607
2230,115,2423921,29608
269,25,2423946,29609
539,136,2424082,29610
4030,15,2424097,29611
63,60,2424157,29612
1898,6,2424163,29613
122,29,2424192,29614
605,26,2424218,29615
340,58,2424276,29616
215,8,2424284,29617
375,33,2424317,29618
142,140,2424457,29619
19,58,2424515,29620
454,83,2424598,29621
173,41,2424639,29622
201,63,2424702,29623
290,121,2424823,29624
291,21,2424844,29625
2899,45,2424889,29626
339,2,2424891,29627
140,28,2424919,29628
304,3,2424922,29629
11,61,2424983,29630
45,77,2425060,29631
196,54,2425114,29632
2361,68,2425182,29633
23,234,2425416,29634
3147,34,2425450,29635
280,20,2425470,29636
129,33,2425503,29637
318,115,2425618,29638
1148,29,2425647,29639
3639,81,2425728,29640
669,46,2425774,29641
2074,46,2425820,29642
127,123,2425943,29643
1142,112,2426055,29644
3517,111,2426166,29645
224,47,2426213,29646
748,193,2426406,29647
431,122,2426528,29648
743,125,2426653,29649
18,11,2426664,29650
400,127,2426791,29651
14,159,2426950,29652
149,53,2427003,29653
508,104,2427107,29654
522,59,2427166,29655
268,98,2427264,29656
372,11,2427275,29657
136,41,2427316,29658
392,32,2427348,29659
149,119,2427467,29660
11,162,2427629,29661
318,31,2427660,29662
156,94,2427754,29663
303,18,2427772,29664
125,65,2427837,29665
178,184,2428021,29666
202,95,2428116,29667
76,79,2428195,29668
165,76,2428271,29669
400,40,2428311,29670
198,55,2428366,29671
318,7,2428373,29672
135,56,2428429,29673
71,354,2428783,29674
113,117,2428900,29675
189,114,2429014,29676
158,143,2429157,29677
126,77,2429234,29678
150,155,2429389,29679
168,185,2429574,29680
9,67,2429641,29681
3347,165,2429806,29682
175,14,2429820,29683
4083,49,2429869,29684
203,366,2430235,29685
324,17,2430252,29686
86,301,2430553,29687
292,89,2430642,29688
1191,23,2430665,29689
97,146,2430811,29690
454,32,2430843,29691
133,58,2430901,29692
1299,68,2430969,29693
506,51,2431020,29694
337,53,2431073,29695
232,104,2431177,29696
332,242,2431419,29697
379,129,2431548,29698
1630,89,2431637,29699
1063,33,2431670,29700
109,101,2431771,29701
179,161,2431932,29702
213,29,2431961,29703
483,134,2432095,29704
221,48,2432143,29705
167,30,2432173,29706
105,33,2432206,29707
132,21,2432227,29708
26,102,2432329,29709
363,135,2432464,29710
318,132,2432596,29711
27,10,2432606,29712
145,233,2432839,29713
3865,86,2432925,29714
231,5,2432930,29715
276,7,2432937,29716
1944,10,2432947,29717
110,21,2432968,29718
1585,62,2433030,29719
546,167,2433197,29720
304,198,2433395,29721
268,4,2433399,29722
410,40,2433439,29723
481,11,2433450,29724
414,2,2433452,29725
2550,114,2433566,29726
3421,82,2433648,29727
334,5,2433653,29728
374,45,2433698,29729
234,135,2433833,29730
309,23,2433856,29731
313,128,2433984,29732
250,12,2433996,29733
2840,49,2434045,29734
303,82,2434127,29735
311,124,2434251,29736
249,76,2434327,29737
15,35,2434362,29738
223,36,2434398,29739
224,28,2434426,29740
423,47,2434473,29741
649,65,2434538,29742
499,66,2434604,29743
340,33,2434637,29744
139,2,2434639,29745
139,157,2434796,29746
136,47,2434843,29747
14,27,2434870,29748
428,24,2434894,29749
217,39,2434933,29750
12,41,2434974,29751
1095,2,2434976,29752
310,105,2435081,29753
2393,44,2435125,29754
1531,91,2435216,29755
111,195,2435411,29756
128,120,2435531,29757
2348,16,2435547,29758
462,41,2435588,29759
322,83,2435671,29760
3376,230,2435901,29761
62,230,2436131,29762
240,24,2436155,29763
308,85,2436240,29764
385,27,2436267,29765
448,147,2436414,29766
236,141,2436555,29767
1584,57,2436612,29768
1020,255,2436867,29769
116,48,2436915,29770
13,171,2437086,29771
29,11,2437097,29772
187,7,2437104,29773
85,39,2437143,29774
211,178,2437321,29775
440,40,2437361,29776
1435,103,2437464,29777
316,11,2437475,29778
130,4,2437479,29779
334,128,2437607,29780
272,15,2437622,29781
121,249,2437871,29782
293,36,2437907,29783
2629,35,2437942,29784
310,80,2438022,29785
122,26,2438048,29786
94,22,2438070,29787
249,18,2438088,29788
843,35,2438123,29789
111,64,2438187,29790
287,25,2438212,29791
516,26,2438238,29792
69,230,2438468,29793
510,22,2438490,29794
290,67,2438557,29795
3578,30,2438587,29796
271,10,2438597,29797
112,373,2438970,29798
108,8,2438978,29799
473,2,2438980,29800
316,59,2439039,29801
3914,24,2439063,29802
125,18,2439081,29803
120,17,2439098,29804
21,116,2439214,29805
260,1,2439215,29806
120,48,2439263,29807
235,89,2439352,29808
2781,121,2439473,29809
288,78,2439551,29810
3499,3,2439554,29811
1956,61,2439615,29812
480,14,2439629,29813
428,79,2439708,29814
410,98,2439806,29815
1793,34,2439840,29816
307,19,2439859,29817
352,391,2440250,29818
204,69,2440319,29819
207,9,2440328,29820
48,130,2440458,29821
114,195,2440653,29822
204,224,2440877,29823
362,20,2440897,29824
291,67,2440964,29825
3545,63,2441027,29826
2246,88,2441115,29827
144,18,2441133,29828
199,14,2441147,29829
82,86,2441233,29830
105,3,2441236,29831
384,2,2441238,29832
21,51,2441289,29833
251,150,2441439,29834
1093,134,2441573,29835
1537,50,2441623,29836
184,28,2441651,29837
181,159,2441810,29838
12,231,2442041,29839
1395,139,2442180,29840
379,22,2442202,29841
3243,92,2442294,29842
257,11,2442305,29843
119,59,2442364,29844
293,137,2442501,29845
757,60,2442561,29846
101,36,2442597,29847
147,5,2442602,29848
1120,53,2442655,29849
181,32,2442687,29850
3485,286,2442973,29851
46,8,2442981,29852
2371,211,2443192,29853
28,281,2443473,29854
14,29,2443502,29855
407,17,2443519,29856
131,30,2443549,29857
226,87,2443636,29858
140,119,2443755,29859
451,14,2443769,29860
340,20,2443789,29861
49,118,2443907,29862
1639,2,2443909,29863
125,207,2444116,29864
230,91,2444207,29865
203,4,2444211,29866
29,102,2444313,29867
274,39,2444352,29868
272,1,2444353,29869
280,14,2444367,29870
2677,113,2444480,29871
2267,76,2444556,29872
111,22,2444578,29873
149,32,2444610,29874
3985,31,2444641,29875
22,233,2444874,29876
438,8,2444882,29877
580,53,2444935,29878
445,22,2444957,29879
74,43,2445000,29880
156,407,2445407,29881
3524,43,2445450,29882
290,22,2445472,29883
2331,126,2445598,29884
581,2,2445600,29885
20,20,2445620,29886
575,4,2445624,29887
287,23,2445647,29888
1864,155,2445802,29889
110,35,2445837,29890
448,34,2445871,29891
100,113,2445984,29892
176,11,2445995,29893
384,110,2446105,29894
412,139,2446244,29895
13,143,2446387,29896
139,249,2446636,29897
80,13,2446649,29898
170,56,2446705,29899
454,67,2446772,29900
379,191,2446963,29901
14,4,2446967,29902
407,95,2447062,29903
297,80,2447142,29904
65,184,2447326,29905
1303,171,2447497,29906
328,245,2447742,29907
26,49,2447791,29908
131,211,2448002,29909
27,58,2448060,29910
159,96,2448156,29911
2942,229,2448385,29912
303,28,2448413,29913
572,34,2448447,29914
298,150,2448597,29915
128,67,2448664,29916
166,43,2448707,29917
127,35,2448742,29918
236,128,2448870,29919
407,32,2448902,29920
1190,97,2448999,29921
3440,77,2449076,29922
63,135,2449211,29923
370,135,2449346,29924
177,514,2449860,29925
914,79,2449939,29926
2995,34,2449973,29927
234,24,2449997,29928
140,49,2450046,29929
11,18,2450064,29930
193,58,2450122,29931
947,144,2450266,29932
137,62,2450328,29933
337,48,2450376,29934
160,53,2450429,29935
124,5,2450434,29936
420,12,2450446,29937
149,97,2450543,29938
470,81,2450624,29939
3574,84,2450708,29940
301,302,2451010,29941
125,109,2451119,29942
2814,3,2451122,29943
17,85,2451207,29944
187,72,2451279,29945
2730,35,2451314,29946
253,103,2451417,29947
356,11,2451428,29948
128,154,2451582,29949
77,85,2451667,29950
107,8,2451675,29951
682,124,2451799,29952
242,15,2451814,29953
23,13,2451827,29954
239,20,2451847,29955
1652,110,2451957,29956
16,20,2451977,29957
3213,185,2452162,29958
1143,40,2452202,29959
2319,2,2452204,29960
137,50,2452254,29961
106,12,2452266,29962
1862,115,2452381,29963
3868,14,2452395,29964
485,153,2452548,29965
467,149,2452697,29966
3710,90,2452787,29967
308,28,2452815,29968
102,2,2452817,29969
294,82,2452899,29970
2371,154,2453053,29971
312,93,2453146,29972
116,33,2453179,29973
19,107,2453286,29974
538,54,2453340,29975
333,5,2453345,29976
4093,25,2453370,29977
231,32,2453402,29978
3446,88,2453490,29979
3910,10,2453500,29980
1171,124,2453624,29981
434,3,2453627,29982
190,42,2453669,29983
156,28,2453697,29984
252,6,2453703,29985
419,308,2454011,29986
92,157,2454168,29987
387,184,2454352,29988
366,125,2454477,29989
315,59,2454536,29990
206,14,2454550,29991
175,22,2454572,29992
311,56,2454628,29993
120,68,2454696,29994
261,7,2454703,29995
3283,9,2454712,29996
481,30,2454742,29997
246,80,2454822,29998
14,123,2454945,29999
161,137,2455082,30000
1946,78,2455160,30001
104,44,2455204,30002
539,228,2455432,30003
175,13,2455445,30004
696,103,2455548,30005
147,1,2455549,30006
959,85,2455634,30007
1172,225,2455859,30008
28,10,2455869,30009
181,213,2456082,30010
2135,24,2456106,30011
140,11,2456117,30012
308,47,2456164,30013
50,85,2456249,30014
102,41,2456290,30015
510,237,2456527,30016
50,7,2456534,30017
189,96,2456630,30018
342,130,2456760,30019
532,32,2456792,30020
148,35,2456827,30021
172,25,2456852,30022
64,83,2456935,30023
300,107,2457042,30024
1328,20,2457062,30025
92,32,2457094,30026
703,187,2457281,30027
3635,97,2457378,30028
1808,205,2457583,30029
1610,84,2457667,30030
82,11,2457678,30031
161,87,2457765,30032
189,188,2457953,30033
273,429,2458382,30034
82,1,2458383,30035
60,16,2458399,30036
48,121,2458520,30037
113,43,2458563,30038
210,28,2458591,30039
138,18,2458609,30040
121,17,2458626,30041
112,31,2458657,30042
351,217,2458874,30043
292,56,2458930,30044
82,328,2459258,30045
1999,7,2459265,30046
413,34,2459299,30047
56,34,2459333,30048
175,4,2459337,30049
1980,128,2459465,30050
641,33,2459498,30051
2922,183,2459681,30052
1337,141,2459822,30053
3169,85,2459907,30054
423,109,2460016,30055
3659,122,2460138,30056
343,221,2460359,30057
13,2,2460361,30058
103,455,2460816,30059
389,204,2461020,30060
1283,16,2461036,30061
287,94,2461130,30062
82,221,2461351,30063
310,295,2461646,30064
317,37,2461683,30065
3286,231,2461914,30066
209,449,2462363,30067
380,25,2462388,30068
156,30,2462418,30069
394,37,2462455,30070
248,58,2462513,30071
317,61,2462574,30072
3683,30,2462604,30073
3002,1,2462605,30074
307,162,2462767,30075
44,299,2463066,30076
526,5,2463071,30077
1899,93,2463164,30078
269,20,2463184,30079
290,29,2463213,30080
174,191,2463404,30081
431,194,2463598,30082
14,137,2463735,30083
20,79,2463814,30084
48,248,2464062,30085
141,35,2464097,30086
706,87,2464184,30087
1803,6,2464190,30088
540,277,2464467,30089
1258,195,2464662,30090
449,122,2464784,30091
117,5,2464789,30092
241,45,2464834,30093
342,116,2464950,30094
192,114,2465064,30095
224,216,2465280,30096
144,13,2465293,30097
2178,320,2465613,30098
335,65,2465678,30099
60,4,2465682,30100
898,31,2465713,30101
1482,206,2465919,30102
1276,201,2466120,30103
136,8,2466128,30104
223,120,2466248,30105
131,32,2466280,30106
223,26,2466306,30107
337,35,2466341,30108
22,31,2466372,30109
145,11,2466383,30110
4008,1,2466384,30111
141,15,2466399,30112
452,225,2466624,30113
78,49,2466673,30114
134,36,2466709,30115
122,42,2466751,30116
3861,16,2466767,30117
135,15,2466782,30118
152,60,2466842,30119
688,8,2466850,30120
20,123,2466973,30121
425,54,2467027,30122
3742,34,2467061,30123
305,105,2467166,30124
316,41,2467207,30125
1947,38,2467245,30126
606,96,2467341,30127
3390,2,2467343,30128
413,24,2467367,30129
119,98,2467465,30130
771,173,2467638,30131
445,19,2467657,30132
416,55,2467712,30133
14,6,2467718,30134
164,40,2467758,30135
3985,8,2467766,30136
1047,16,2467782,30137
432,7,2467789,30138
79,3,2467792,30139
115,6,2467798,30140
20,34,2467832,30141
167,10,2467842,30142
24,75,2467917,30143
101,9,2467926,30144
11,63,2467989,30145
2300,61,2468050,30146
16,76,2468126,30147
189,51,2468177,30148
236,172,2468349,30149
3326,173,2468522,30150
22,75,2468597,30151
207,235,2468832,30152
404,76,2468908,30153
166,31,2468939,30154
293,99,2469038,30155
111,31,2469069,30156
441,5,2469074,30157
14,9,2469083,30158
297,56,2469139,30159
420,99,2469238,30160
431,14,2469252,30161
306,10,2469262,30162
612,12,2469274,30163
523,24,2469298,30164
16,152,2469450,30165
2303,10,2469460,30166
40,109,2469569,30167
397,324,2469893,30168
329,59,2469952,30169
126,56,2470008,30170
375,58,2470066,30171
220,211,2470277,30172
464,20,2470297,30173
354,129,2470426,30174
278,43,2470469,30175
241,41,2470510,30176
259,153,2470663,30177
2946,26,2470689,30178
347,23,2470712,30179
386,169,2470881,30180
136,33,2470914,30181
9,373,2471287,30182
43,20,2471307,30183
218,141,2471448,30184
2622,24,2471472,30185
1915,15,2471487,30186
187,121,2471608,30187
220,56,2471664,30188
1476,16,2471680,30189
15,21,2471701,30190
188,15,2471716,30191
43,20,2471736,30192
550,42,2471778,30193
2036,67,2471845,30194
3672,2,2471847,30195
171,4,2471851,30196
266,38,2471889,30197
158,14,2471903,30198
1494,7,2471910,30199
511,21,2471931,30200
294,29,2471960,30201
133,1,2471961,30202
268,216,2472177,30203
2756,45,2472222,30204
374,308,2472530,30205
14,98,2472628,30206
119,33,2472661,30207
325,49,2472710,30208
370,198,2472908,30209
403,90,2472998,30210
256,14,2473012,30211
769,19,2473031,30212
339,216,2473247,30213
265,5,2473252,30214
95,83,2473335,30215
167,59,2473394,30216
161,92,2473486,30217
3249,135,2473621,30218
2127,68,2473689,30219
57,107,2473796,30220
281,60,2473856,30221
2643,54,2473910,30222
14,14,2473924,30223
195,90,2474014,30224
2533,98,2474112,30225
3169,130,2474242,30226
378,47,2474289,30227
3971,168,2474457,30228
132,74,2474531,30229
352,78,2474609,30230
254,10,2474619,30231
121,35,2474654,30232
302,62,2474716,30233
93,40,2474756,30234
295,21,2474777,30235
294,30,2474807,30236
372,61,2474868,30237
84,27,2474895,30238
479,3,2474898,30239
69,23,2474921,30240
292,19,2474940,30241
3641,49,2474989,30242
594,11,2475000,30243
3982,70,2475070,30244
3931,262,2475332,30245
317,174,2475506,30246
133,115,2475621,30247
347,10,2475631,30248
613,104,2475735,30249
3607,22,2475757,30250
18,13,2475770,30251
709,22,2475792,30252
13,2,2475794,30253
87,27,2475821,30254
956,192,2476013,30255
50,214,2476227,30256
3277,123,2476350,30257
2459,88,2476438,30258
131,74,2476512,30259
108,75,2476587,30260
84,11,2476598,30261
3756,106,2476704,30262
226,20,2476724,30263
789,74,2476798,30264
199,66,2476864,30265
2969,124,2476988,30266
12,117,2477105,30267
167,96,2477201,30268
164,139,2477340,30269
3346,31,2477371,30270
296,112,2477483,30271
123,52,2477535,30272
945,83,2477618,30273
451,46,2477664,30274
119,46,2477710,30275
11,59,2477769,30276
114,64,2477833,30277
1841,52,2477885,30278
368,48,2477933,30279
319,6,2477939,30280
2226,46,2477985,30281
20,22,2478007,30282
414,51,2478058,30283
218,30,2478088,30284
265,83,2478171,30285
299,1,2478172,30286
114,24,2478196,30287
107,40,2478236,30288
384,84,2478320,30289
37,14,2478334,30290
1423,218,2478552,30291
34,129,2478681,30292
156,15,2478696,30293
3662,15,2478711,30294
14,30,2478741,30295
9,10,2478751,30296
37,6,2478757,30297
109,88,2478845,30298
292,166,2479011,30299
123,60,2479071,30300
352,101,2479172,30301
146,5,2479177,30302
498,86,2479263,30303
106,12,2479275,30304
120,64,2479339,30305
477,73,2479412,30306
9,1,2479413,30307
58,70,2479483,30308
25,92,2479575,30309
2663,32,2479607,30310
94,55,2479662,30311
362,207,2479869,30312
32,34,2479903,30313
105,61,2479964,30314
355,54,2480018,30315
627,6,2480024,30316
1469,449,2480473,30317
78,31,2480504,30318
217,3,2480507,30319
3197,109,2480616,30320
229,63,2480679,30321
204,3,2480682,30322
2536,43,2480725,30323
63,21,2480746,30324
34,29,2480775,30325
134,46,2480821,30326
118,31,2480852,30327
27,36,2480888,30328
171,76,2480964,30329
53,24,2480988,30330
981,167,2481155,30331
154,39,2481194,30332
192,108,2481302,30333
316,344,2481646,30334
2781,10,2481656,30335
150,155,2481811,30336
23,84,2481895,30337
350,69,2481964,30338
167,6,2481970,30339
2660,244,2482214,30340
1247,18,2482232,30341
1935,18,2482250,30342
26,158,2482408,30343
3816,4,2482412,30344
17,27,2482439,30345
320,127,2482566,30346
129,68,2482634,30347
293,118,2482752,30348
110,12,2482764,30349
334,13,2482777,30350
540,19,2482796,30351
1517,255,2483051,30352
3959,63,2483114,30353
1854,55,2483169,30354
158,30,2483199,30355
162,24,2483223,30356
63,37,2483260,30357
665,23,2483283,30358
431,227,2483510,30359
975,6,2483516,30360
55,126,2483642,30361
2737,21,2483663,30362
1422,40,2483703,30363
156,73,2483776,30364
67,50,2483826,30365
3111,92,2483918,30366
816,31,2483949,30367
332,7,2483956,30368
64,34,2483990,30369
149,47,2484037,30370
3049,22,2484059,30371
11,74,2484133,30372
128,169,2484302,30373
13,371,2484673,30374
470,30,2484703,30375
235,108,2484811,30376
42,144,2484955,30377
232,123,2485078,30378
4033,14,2485092,30379
1740,68,2485160,30380
511,38,2485198,30381
3021,174,2485372,30382
202,45,2485417,30383
509,35,2485452,30384
445,55,2485507,30385
368,137,2485644,30386
675,13,2485657,30387
524,95,2485752,30388
3859,66,2485818,30389
1836,121,2485939,30390
64,63,2486002,30391
508,114,2486116,30392
123,102,2486218,30393
587,61,2486279,30394
1624,13,2486292,30395
311,49,2486341,30396
1967,67,2486408,30397
179,8,2486416,30398
730,130,2486546,30399
133,24,2486570,30400
95,101,2486671,30401
452,10,2486681,30402
41,52,2486733,30403
177,6,2486739,30404
379,97,2486836,30405
535,8,2486844,30406
280,138,2486982,30407
2338,32,2487014,30408
119,51,2487065,30409
475,18,2487083,30410
3266,19,2487102,30411
188,21,2487123,30412
240,54,2487177,30413
171,117,2487294,30414
12,125,2487419,30415
382,20,2487439,30416
361,113,2487552,30417
3219,10,2487562,30418
15,27,2487589,30419
142,7,2487596,30420
24,52,2487648,30421
656,4,2487652,30422
248,27,2487679,30423
1705,167,2487846,30424
552,28,2487874,30425
11,2,2487876,30426
153,51,2487927,30427
85,153,2488080,30428
18,15,2488095,30429
112,140,2488235,30430
12,120,2488355,30431
1870,154,2488509,30432
325,61,2488570,30433
365,166,2488736,30434
358,55,2488791,30435
303,53,2488844,30436
2696,13,2488857,30437
409,97,2488954,30438
62,222,2489176,30439
2501,29,2489205,30440
16,55,2489260,30441
1590,31,2489291,30442
192,180,2489471,30443
62,6,2489477,30444
334,4,2489481,30445
210,89,2489570,30446
609,768,2490338,30447
528,55,2490393,30448
3301,25,2490418,30449
258,157,2490575,30450
209,19,2490594,30451
301,31,2490625,30452
138,154,2490779,30453
2906,8,2490787,30454
202,20,2490807,30455
156,56,2490863,30456
85,47,2490910,30457
313,43,2490953,30458
108,137,2491090,30459
817,67,2491157,30460
100,93,2491250,30461
322,127,2491377,30462
153,135,2491512,30463
94,182,2491694,30464
446,200,2491894,30465
184,145,2492039,30466
307,34,2492073,30467
760,128,2492201,30468
167,11,2492212,30469
357,21,2492233,30470
1439,5,2492238,30471
406,23,2492261,30472
399,44,2492305,30473
462,256,2492561,30474
434,27,2492588,30475
2756,50,2492638,30476
323,35,2492673,30477
532,88,2492761,30478
219,2,2492763,30479
20,52,2492815,30480
242,42,2492857,30481
3638,77,2492934,30482
2138,80,2493014,30483
825,40,2493054,30484
132,87,2493141,30485
40,15,2493156,30486
900,52,2493208,30487
373,158,2493366,30488
167,4,2493370,30489
119,215,2493585,30490
212,68,2493653,30491
354,192,2493845,30492
2114,102,2493947,30493
339,7,2493954,30494
282,32,2493986,30495
52,58,2494044,30496
252,122,2494166,30497
115,247,2494413,30498
349,128,2494541,30499
2088,122,2494663,30500
156,84,2494747,30501
133,25,2494772,30502
186,33,2494805,30503
313,48,2494853,30504
464,17,2494870,30505
119,35,2494905,30506
3822,195,2495100,30507
2156,88,2495188,30508
177,3,2495191,30509
243,55,2495246,30510
3189,221,2495467,30511
63,68,2495535,30512
911,77,2495612,30513
63,81,2495693,30514
142,4,2495697,30515
106,74,2495771,30516
455,126,2495897,30517
305,24,2495921,30518
119,131,2496052,30519
527,11,2496063,30520
497,146,2496209,30521
173,42,2496251,30522
1656,63,2496314,30523
361,42,2496356,30524
3538,59,2496415,30525
2285,58,2496473,30526
295,31,2496504,30527
635,84,2496588,30528
13,10,2496598,30529
127,6,2496604,30530
80,169,2496773,30531
130,34,2496807,30532
1027,44,2496851,30533
159,61,2496912,30534
2968,595,2497507,30535
2077,5,2497512,30536
296,284,2497796,30537
93,88,2497884,30538
2351,109,2497993,30539
11,95,2498088,30540
348,16,2498104,30541
116,150,2498254,30542
229,157,2498411,30543
294,129,2498540,30544
104,1,2498541,30545
212,37,2498578,30546
173,2,2498580,30547
456,41,2498621,30548
63,287,2498908,30549
12,5,2498913,30550
863,63,2498976,30551
11,189,2499165,30552
107,43,2499208,30553
11,44,2499252,30554
76,7,2499259,30555
144,86,2499345,30556
3324,117,2499462,30557
357,55,2499517,30558
228,138,2499655,30559
768,28,2499683,30560
201,87,2499770,30561
3828,91,2499861,30562
1270,21,2499882,30563
304,53,2499935,30564
443,20,2499955,30565
120,119,2500074,30566
140,158,2500232,30567
194,3,2500235,30568
434,65,2500300,30569
3105,94,2500394,30570
3343,30,2500424,30571
757,160,2500584,30572
1265,203,2500787,30573
353,8,2500795,30574
1835,126,2500921,30575
2043,166,2501087,30576
197,108,2501195,30577
2318,11,2501206,30578
166,15,2501221,30579
341,48,2501269,30580
126,20,2501289,30581
320,23,2501312,30582
36,131,2501443,30583
2448,220,2501663,30584
354,27,2501690,30585
18,56,2501746,30586
353,87,2501833,30587
143,2,2501835,30588
299,50,2501885,30589
422,19,2501904,30590
12,138,2502042,30591
126,51,2502093,30592
225,145,2502238,30593
18,81,2502319,30594
208,68,2502387,30595
131,32,2502419,30596
190,141,2502560,30597
1496,191,2502751,30598
142,50,2502801,30599
369,165,2502966,30600
147,77,2503043,30601
293,114,2503157,30602
235,6,2503163,30603
114,53,2503216,30604
180,84,2503300,30605
241,98,2503398,30606
1141,73,2503471,30607
2059,52,2503523,30608
99,49,2503572,30609
2298,133,2503705,30610
10,199,2503904,30611
334,123,2504027,30612
463,482,2504509,30613
48,45,2504554,30614
16,244,2504798,30615
2545,40,2504838,30616
1970,124,2504962,30617
1256,106,2505068,30618
347,23,2505091,30619
1694,261,2505352,30620
121,29,2505381,30621
2059,4,2505385,30622
175,3,2505388,30623
1692,3,2505391,30624
199,12,2505403,30625
231,37,2505440,30626
152,109,2505549,30627
235,58,2505607,30628
12,6,2505613,30629
300,18,2505631,30630
121,91,2505722,30631
283,29,2505751,30632
887,56,2505807,30633
315,273,2506080,30634
14,76,2506156,30635
110,102,2506258,30636
387,9,2506267,30637
85,57,2506324,30638
366,80,2506404,30639
431,121,2506525,30640
362,34,2506559,30641
452,136,2506695,30642
114,99,2506794,30643
2800,87,2506881,30644
91,13,2506894,30645
34,243,2507137,30646
3327,21,2507158,30647
1537,105,2507263,30648
13,149,2507412,30649
899,100,2507512,30650
528,85,2507597,30651
300,14,2507611,30652
764,210,2507821,30653
123,93,2507914,30654
150,31,2507945,30655
485,120,2508065,30656
515,8,2508073,30657
558,114,2508187,30658
345,373,2508560,30659
155,60,2508620,30660
389,3,2508623,30661
208,72,2508695,30662
124,23,2508718,30663
96,110,2508828,30664
352,13,2508841,30665
173,161,2509002,30666
123,30,2509032,30667
126,32,2509064,30668
259,62,2509126,30669
18,1,2509127,30670
2616,7,2509134,30671
1652,118,2509252,30672
1632,78,2509330,30673
334,100,2509430,30674
1302,55,2509485,30675
1863,274,2509759,30676
140,105,2509864,30677
1974,130,2509994,30678
338,6,2510000,30679
14,64,2510064,30680
272,83,2510147,30681
172,258,2510405,30682
2924,96,2510501,30683
318,10,2510511,30684
225,50,2510561,30685
302,145,2510706,30686
197,2,2510708,30687
120,279,2510987,30688
245,187,2511174,30689
14,217,2511391,30690
1435,35,2511426,30691
144,70,2511496,30692
386,23,2511519,30693
349,103,2511622,30694
690,84,2511706,30695
271,81,2511787,30696
145,8,2511795,30697
181,4,2511799,30698
140,110,2511909,30699
128,130,2512039,30700
126,94,2512133,30701
120,33,2512166,30702
218,36,2512202,30703
1864,11,2512213,30704
394,164,2512377,30705
1594,173,2512550,30706
123,9,2512559,30707
4050,70,2512629,30708
467,189,2512818,30709
300,376,2513194,30710
263,1,2513195,30711
11,24,2513219,30712
466,169,2513388,30713
331,4,2513392,30714
143,54,2513446,30715
104,133,2513579,30716
161,70,2513649,30717
246,156,2513805,30718
271,74,2513879,30719
375,18,2513897,30720
132,68,2513965,30721
137,152,2514117,30722
841,27,2514144,30723
194,220,2514364,30724
282,57,2514421,30725
344,260,2514681,30726
3429,125,2514806,30727
411,56,2514862,30728
122,63,2514925,30729
461,10,2514935,30730
152,322,2515257,30731
320,314,2515571,30732
2096,16,2515587,30733
322,36,2515623,30734
1243,85,2515708,30735
1131,243,2515951,30736
4081,7,2515958,30737
451,118,2516076,30738
338,5,2516081,30739
419,60,2516141,30740
126,476,2516617,30741
195,83,2516700,30742
212,54,2516754,30743
3182,166,2516920,30744
137,102,2517022,30745
901,139,2517161,30746
3710,58,2517219,30747
461,20,2517239,30748
357,48,2517287,30749
291,3,2517290,30750
110,73,2517363,30751
274,210,2517573,30752
147,2,2517575,30753
3458,23,2517598,30754
391,69,2517667,30755
57,99,2517766,30756
424,103,2517869,30757
1963,224,2518093,30758
229,32,2518125,30759
287,147,2518272,30760
3306,5,2518277,30761
115,16,2518293,30762
567,89,2518382,30763
16,13,2518395,30764
1339,370,2518765,30765
253,179,2518944,30766
1587,113,2519057,30767
1462,23,2519080,30768
2710,181,2519261,30769
384,64,2519325,30770
76,59,2519384,30771
232,65,2519449,30772
3710,20,2519469,30773
128,131,2519600,30774
3614,30,2519630,30775
2877,176,2519806,30776
610,377,2520183,30777
3094,65,2520248,30778
308,41,2520289,30779
181,27,2520316,30780
143,71,2520387,30781
11,89,2520476,30782
3723,284,2520760,30783
317,112,2520872,30784
146,88,2520960,30785
342,71,2521031,30786
2381,57,2521088,30787
357,272,2521360,30788
390,3,2521363,30789
25,38,2521401,30790
743,22,2521423,30791
9,50,2521473,30792
129,86,2521559,30793
28,362,2521921,30794
1084,9,2521930,30795
97,9,2521939,30796
386,15,2521954,30797
3222,4,2521958,30798
159,71,2522029,30799
160,237,2522266,30800
351,117,2522383,30801
110,76,2522459,30802
422,80,2522539,30803
782,16,2522555,30804
181,89,2522644,30805
301,36,2522680,30806
755,137,2522817,30807
144,55,2522872,30808
44,42,2522914,30809
117,49,2522963,30810
17,32,2522995,30811
360,12,2523007,30812
47,30,2523037,30813
418,23,2523060,30814
29,84,2523144,30815
111,162,2523306,30816
9,82,2523388,30817
595,47,2523435,30818
368,13,2523448,30819
2530,82,2523530,30820
143,235,2523765,30821
212,29,2523794,30822
235,18,2523812,30823
191,48,2523860,30824
2945,40,2523900,30825
151,290,2524190,30826
422,260,2524450,30827
146,19,2524469,30828
232,143,2524612,30829
253,169,2524781,30830
21,12,2524793,30831
49,127,2524920,30832
12,129,2525049,30833
1392,4,2525053,30834
3971,93,2525146,30835
3190,117,2525263,30836
286,3,2525266,30837
314,16,2525282,30838
114,277,2525559,30839
3225,4,2525563,30840
150,324,2525887,30841
348,186,2526073,30842
1848,117,2526190,30843
265,15,2526205,30844
156,169,2526374,30845
196,91,2526465,30846
123,51,2526516,30847
238,13,2526529,30848
49,3,2526532,30849
392,25,2526557,30850
18,54,2526611,30851
77,31,2526642,30852
341,111,2526753,30853
63,20,2526773,30854
204,158,2526931,30855
982,32,2526963,30856
109,89,2527052,30857
330,1,2527053,30858
582,8,2527061,30859
141,120,2527181,30860
297,38,2527219,30861
78,66,2527285,30862
286,26,2527311,30863
188,7,2527318,30864
144,20,2527338,30865
426,3,2527341,30866
154,21,2527362,30867
430,65,2527427,30868
3520,10,2527437,30869
134,103,2527540,30870
1774,260,2527800,30871
295,314,2528114,30872
492,13,2528127,30873
231,20,2528147,30874
51,82,2528229,30875
421,42,2528271,30876
342,19,2528290,30877
333,54,2528344,30878
259,14,2528358,30879
515,165,2528523,30880
143,90,2528613,30881
17,9,2528622,30882
68,56,2528678,30883
923,50,2528728,30884
1144,49,2528777,30885
335,118,2528895,30886
235,5,2528900,30887
2988,59,2528959,30888
3859,236,2529195,30889
151,29,2529224,30890
3104,31,2529255,30891
113,18,2529273,30892
81,19,2529292,30893
261,196,2529488,30894
166,227,2529715,30895
148,102,2529817,30896
552,57,2529874,30897
170,29,2529903,30898
74,61,2529964,30899
3347,21,2529985,30900
13,111,2530096,30901
173,45,2530141,30902
3809,39,2530180,30903
742,64,2530244,30904
109,45,2530289,30905
97,261,2530550,30906
115,13,2530563,30907
71,279,2530842,30908
97,135,2530977,30909
181,5,2530982,30910
646,42,2531024,30911
440,111,2531135,30912
1188,81,2531216,30913
77,13,2531229,30914
2456,43,2531272,30915
356,2,2531274,30916
368,55,2531329,30917
81,280,2531609,30918
128,66,2531675,30919
122,12,2531687,30920
25,170,2531857,30921
326,76,2531933,30922
123,18,2531951,30923
89,17,2531968,30924
60,26,2531994,30925
227,65,2532059,30926
552,168,2532227,30927
50,11,2532238,30928
3266,359,2532597,30929
170,19,2532616,30930
378,2,2532618,30931
250,97,2532715,30932
350,18,2532733,30933
508,105,2532838,30934
354,73,2532911,30935
443,97,2533008,30936
226,27,2533035,30937
133,72,2533107,30938
444,184,2533291,30939
1194,135,2533426,30940
63,32,2533458,30941
401,146,2533604,30942
235,98,2533702,30943
357,81,2533783,30944
87,97,2533880,30945
188,60,2533940,30946
12,13,2533953,30947
123,27,2533980,30948
146,62,2534042,30949
284,9,2534051,30950
312,33,2534084,30951
135,13,2534097,30952
866,39,2534136,30953
0,106,2534242,30954
334,152,2534394,30955
3714,24,2534418,30956
2045,171,2534589,30957
493,117,2534706,30958
2721,61,2534767,30959
12,42,2534809,30960
98,187,2534996,30961
9,1,2534997,30962
11,237,2535234,30963
261,71,2535305,30964
459,65,2535370,30965
116,285,2535655,30966
268,24,2535679,30967
30,39,2535718,30968
54,60,2535778,30969
32,108,2535886,30970
439,13,2535899,30971
2767,99,2535998,30972
425,61,2536059,30973
148,97,2536156,30974
253,59,2536215,30975
127,129,2536344,30976
15,92,2536436,30977
16,26,2536462,30978
1952,28,2536490,30979
199,146,2536636,30980
51,105,2536741,30981
3455,174,2536915,30982
3060,158,2537073,30983
247,7,2537080,30984
387,91,2537171,30985
472,8,2537179,30986
242,47,2537226,30987
890,67,2537293,30988
581,163,2537456,30989
141,26,2537482,30990
1906,118,2537600,30991
4071,24,2537624,30992
386,1,2537625,30993
111,16,2537641,30994
205,12,2537653,30995
366,119,2537772,30996
2220,105,2537877,30997
262,12,2537889,30998
208,75,2537964,30999
331,22,2537986,31000
23,6,2537992,31001
356,187,2538179,31002
370,8,2538187,31003
500,21,2538208,31004
2610,154,2538362,31005
1411,60,2538422,31006
190,49,2538471,31007
1237,36,2538507,31008
727,6,2538513,31009
215,67,2538580,31010
225,16,2538596,31011
12,18,2538614,31012
127,18,2538632,31013
197,50,2538682,31014
225,154,2538836,31015
212,81,2538917,31016
219,6,2538923,31017
40,10,2538933,31018
276,53,2538986,31019
14,43,2539029,31020
292,70,2539099,31021
2092,27,2539126,31022
114,232,2539358,31023
1060,49,2539407,31024
16,41,2539448,31025
165,4,2539452,31026
209,193,2539645,31027
40,90,2539735,31028
296,13,2539748,31029
110,118,2539866,31030
177,37,2539903,31031
809,145,2540048,31032
120,217,2540265,31033
102,105,2540370,31034
378,19,2540389,31035
137,56,2540445,31036
19,147,2540592,31037
107,24,2540616,31038
2006,54,2540670,31039
397,303,2540973,31040
22,170,2541143,31041
675,13,2541156,31042
3912,283,2541439,31043
474,18,2541457,31044
296,17,2541474,31045
161,74,2541548,31046
103,77,2541625,31047
212,81,2541706,31048
221,40,2541746,31049
165,193,2541939,31050
1798,129,2542068,31051
76,34,2542102,31052
481,72,2542174,31053
132,35,2542209,31054
122,175,2542384,31055
229,122,2542506,31056
364,63,2542569,31057
2452,63,2542632,31058
347,45,2542677,31059
154,42,2542719,31060
104,160,2542879,31061
197,182,2543061,31062
16,106,2543167,31063
725,13,2543180,31064
3040,237,2543417,31065
1945,306,2543723,31066
525,33,2543756,31067
288,25,2543781,31068
268,9,2543790,31069
401,8,2543798,31070
372,20,2543818,31071
1399,236,2544054,31072
741,36,2544090,31073
114,115,2544205,31074
89,42,2544247,31075
119,47,2544294,31076
233,22,2544316,31077
461,31,2544347,31078
152,34,2544381,31079
325,341,2544722,31080
188,43,2544765,31081
270,95,2544860,31082
569,32,2544892,31083
271,42,2544934,31084
2125,58,2544992,31085
456,23,2545015,31086
464,28,2545043,31087
347,84,2545127,31088
32,109,2545236,31089
143,245,2545481,31090
46,38,2545519,31091
143,28,2545547,31092
1109,82,2545629,31093
1812,18,2545647,31094
870,8,2545655,31095
195,95,2545750,31096
1457,51,2545801,31097
160,58,2545859,31098
337,7,2545866,31099
264,49,2545915,31100
3796,15,2545930,31101
2491,71,2546001,31102
240,193,2546194,31103
2894,157,2546351,31104
175,137,2546488,31105
145,15,2546503,31106
12,20,2546523,31107
3602,65,2546588,31108
2681,363,2546951,31109
716,12,2546963,31110
203,123,2547086,31111
436,76,2547162,31112
234,68,2547230,31113
350,50,2547280,31114
3052,7,2547287,31115
60,13,2547300,31116
1853,180,2547480,31117
331,100,2547580,31118
323,54,2547634,31119
186,92,2547726,31120
149,351,2548077,31121
40,211,2548288,31122
205,186,2548474,31123
222,3,2548477,31124
174,85,2548562,31125
143,54,2548616,31126
302,147,2548763,31127
377,71,2548834,31128
310,124,2548958,31129
435,73,2549031,31130
211,31,2549062,31131
109,310,2549372,31132
52,65,2549437,31133
134,48,2549485,31134
3941,187,2549672,31135
501,461,2550133,31136
173,18,2550151,31137
1663,118,2550269,31138
318,194,2550463,31139
287,116,2550579,31140
479,108,2550687,31141
605,78,2550765,31142
461,118,2550883,31143
49,91,2550974,31144
29,43,2551017,31145
2680,13,2551030,31146
480,1,2551031,31147
149,20,2551051,31148
83,4,2551055,31149
107,83,2551138,31150
1666,24,2551162,31151
282,5,2551167,31152
3563,2,2551169,31153
263,33,2551202,31154
13,78,2551280,31155
16,251,2551531,31156
1549,49,2551580,31157
330,65,2551645,31158
389,5,2551650,31159
446,63,2551713,31160
157,101,2551814,31161
130,69,2551883,31162
138,5,2551888,31163
1265,3,2551891,31164
146,15,2551906,31165
1859,71,2551977,31166
39,93,2552070,31167
124,8,2552078,31168
29,39,2552117,31169
317,43,2552160,31170
451,89,2552249,31171
134,5,2552254,31172
303,31,2552285,31173
3322,9,2552294,31174
12,85,2552379,31175
349,17,2552396,31176
145,97,2552493,31177
63,183,2552676,31178
35,133,2552809,31179
349,145,2552954,31180
185,9,2552963,31181
322,123,2553086,31182
358,30,2553116,31183
392,26,2553142,31184
34,167,2553309,31185
3065,9,2553318,31186
1610,45,2553363,31187
135,100,2553463,31188
2678,233,2553696,31189
248,15,2553711,31190
442,91,2553802,31191
12,225,2554027,31192
1018,22,2554049,31193
841,121,2554170,31194
2180,78,2554248,31195
267,82,2554330,31196
289,62,2554392,31197
147,167,2554559,31198
211,27,2554586,31199
2147,92,2554678,31200
52,141,2554819,31201
2662,273,2555092,31202
127,323,2555415,31203
290,30,2555445,31204
331,184,2555629,31205
2067,231,2555860,31206
167,67,2555927,31207
114,43,2555970,31208
268,144,2556114,31209
275,61,2556175,31210
29,11,2556186,31211
3775,56,2556242,31212
2367,134,2556376,31213
616,232,2556608,31214
3727,87,2556695,31215
3140,24,2556719,31216
312,59,2556778,31217
47,78,2556856,31218
11,36,2556892,31219
149,105,2556997,31220
392,55,2557052,31221
314,51,2557103,31222
188,202,2557305,31223
132,27,2557332,31224
14,25,2557357,31225
14,6,2557363,31226
198,94,2557457,31227
87,210,2557667,31228
2209,34,2557701,31229
528,527,2558228,31230
657,80,2558308,31231
164,2,2558310,31232
1350,89,2558399,31233
97,46,2558445,31234
13,570,2559015,31235
133,198,2559213,31236
57,31,2559244,31237
152,48,2559292,31238
390,204,2559496,31239
25,51,2559547,31240
135,85,2559632,31241
1862,252,2559884,31242
131,21,2559905,31243
936,190,2560095,31244
309,50,2560145,31245
3911,228,2560373,31246
290,181,2560554,31247
191,8,2560562,31248
83,83,2560645,31249
3913,91,2560736,31250
139,140,2560876,31251
1072,81,2560957,31252
78,269,2561226,31253
247,269,2561495,31254
353,11,2561506,31255
302,112,2561618,31256
141,63,2561681,31257
210,96,2561777,31258
205,5,2561782,31259
367,40,2561822,31260
572,71,2561893,31261
179,116,2562009,31262
176,3,2562012,31263
125,53,2562065,31264
236,101,2562166,31265
65,285,2562451,31266
127,169,2562620,31267
3182,91,2562711,31268
39,235,2562946,31269
421,9,2562955,31270
262,219,2563174,31271
264,6,2563180,31272
33,100,2563280,31273
277,45,2563325,31274
26,367,2563692,31275
512,71,2563763,31276
146,103,2563866,31277
169,207,2564073,31278
227,159,2564232,31279
111,83,2564315,31280
235,264,2564579,31281
435,93,2564672,31282
13,129,2564801,31283
685,5,2564806,31284
669,14,2564820,31285
450,188,2565008,31286
176,6,2565014,31287
104,2,2565016,31288
487,17,2565033,31289
30,3,2565036,31290
303,10,2565046,31291
3524,23,2565069,31292
300,71,2565140,31293
1526,71,2565211,31294
239,81,2565292,31295
286,63,2565355,31296
299,258,2565613,31297
531,10,2565623,31298
135,221,2565844,31299
129,54,2565898,31300
138,266,2566164,31301
1325,38,2566202,31302
9,38,2566240,31303
589,112,2566352,31304
166,3,2566355,31305
257,61,2566416,31306
342,185,2566601,31307
320,35,2566636,31308
117,158,2566794,31309
3335,40,2566834,31310
356,242,2567076,31311
157,27,2567103,31312
528,2,2567105,31313
243,3,2567108,31314
119,87,2567195,31315
57,18,2567213,31316
1054,113,2567326,31317
95,72,2567398,31318
1115,134,2567532,31319
35,68,2567600,31320
387,53,2567653,31321
703,31,2567684,31322
138,189,2567873,31323
1231,222,2568095,31324
228,6,2568101,31325
151,125,2568226,31326
495,13,2568239,31327
295,22,2568261,31328
145,214,2568475,31329
376,32,2568507,31330
1431,18,2568525,31331
174,237,2568762,31332
389,35,2568797,31333
332,41,2568838,31334
100,12,2568850,31335
182,82,2568932,31336
177,29,2568961,31337
301,13,2568974,31338
48,49,2569023,31339
130,33,2569056,31340
162,71,2569127,31341
1882,107,2569234,31342
254,37,2569271,31343
297,19,2569290,31344
288,65,2569355,31345
596,20,2569375,31346
77,134,2569509,31347
367,16,2569525,31348
28,61,2569586,31349
1102,87,2569673,31350
486,12,2569685,31351
126,21,2569706,31352
122,25,2569731,31353
187,252,2569983,31354
459,29,2570012,31355
17,25,2570037,31356
188,109,2570146,31357
13,19,2570165,31358
4028,5,2570170,31359
3093,58,2570228,31360
320,33,2570261,31361
469,19,2570280,31362
364,28,2570308,31363
2326,95,2570403,31364
22,169,2570572,31365
306,166,2570738,31366
1610,68,2570806,31367
214,66,2570872,31368
284,42,2570914,31369
128,18,2570932,31370
967,5,2570937,31371
1278,80,2571017,31372
367,5,2571022,31373
299,143,2571165,31374
2487,302,2571467,31375
201,45,2571512,31376
352,184,2571696,31377
2466,202,2571898,31378
2889,179,2572077,31379
392,272,2572349,31380
450,197,2572546,31381
639,3,2572549,31382
247,255,2572804,31383
344,37,2572841,31384
163,2,2572843,31385
12,27,2572870,31386
66,66,2572936,31387
460,139,2573075,31388
116,2,2573077,31389
201,16,2573093,31390
1111,6,2573099,31391
235,87,2573186,31392
19,21,2573207,31393
313,39,2573246,31394
62,4,2573250,31395
183,4,2573254,31396
362,11,2573265,31397
195,249,2573514,31398
12,36,2573550,31399
2309,16,2573566,31400
344,45,2573611,31401
3309,366,2573977,31402
272,15,2573992,31403
845,29,2574021,31404
112,449,2574470,31405
159,107,2574577,31406
360,61,2574638,31407
196,16,2574654,31408
227,13,2574667,31409
141,67,2574734,31410
158,43,2574777,31411
2756,184,2574961,31412
1591,172,2575133,31413
3984,150,2575283,31414
74,131,2575414,31415
465,152,2575566,31416
212,145,2575711,31417
444,66,2575777,31418
176,59,2575836,31419
373,147,2575983,31420
255,91,2576074,31421
3021,292,2576366,31422
590,148,2576514,31423
311,72,2576586,31424
88,72,2576658,31425
94,55,2576713,31426
1436,16,2576729,31427
1046,30,2576759,31428
164,37,2576796,31429
137,44,2576840,31430
336,8,2576848,31431
430,228,2577076,31432
347,57,2577133,31433
357,126,2577259,31434
284,129,2577388,31435
245,36,2577424,31436
580,56,2577480,31437
446,31,2577511,31438
257,394,2577905,31439
355,56,2577961,31440
37,61,2578022,31441
166,125,2578147,31442
294,119,2578266,31443
3850,56,2578322,31444
284,16,2578338,31445
142,192,2578530,31446
397,28,2578558,31447
386,106,2578664,31448
178,60,2578724,31449
438,26,2578750,31450
321,31,2578781,31451
125,69,2578850,31452
2312,47,2578897,31453
2925,38,2578935,31454
324,21,2578956,31455
186,17,2578973,31456
174,78,2579051,31457
93,37,2579088,31458
347,233,2579321,31459
326,58,2579379,31460
202,30,2579409,31461
3116,34,2579443,31462
23,125,2579568,31463
125,26,2579594,31464
30,14,2579608,31465
348,106,2579714,31466
21,5,2579719,31467
160,79,2579798,31468
83,27,2579825,31469
242,11,2579836,31470
168,60,2579896,31471
1703,10,2579906,31472
155,193,2580099,31473
2825,40,2580139,31474
133,97,2580236,31475
378,94,2580330,31476
128,21,2580351,31477
388,3,2580354,31478
1837,54,2580408,31479
1348,3,2580411,31480
276,80,2580491,31481
553,91,2580582,31482
592,25,2580607,31483
220,23,2580630,31484
300,124,2580754,31485
57,212,2580966,31486
435,3,2580969,31487
294,24,2580993,31488
117,25,2581018,31489
30,85,2581103,31490
15,228,2581331,31491
1703,38,2581369,31492
113,209,2581578,31493
1546,81,2581659,31494
181,64,2581723,31495
302,146,2581869,31496
2146,37,2581906,31497
2056,30,2581936,31498
180,83,2582019,31499
88,39,2582058,31500
474,7,2582065,31501
664,103,2582168,31502
284,96,2582264,31503
128,369,2582633,31504
2320,269,2582902,31505
314,26,2582928,31506
693,261,2583189,31507
1658,42,2583231,31508
202,84,2583315,31509
117,33,2583348,31510
255,146,2583494,31511
434,95,2583589,31512
262,40,2583629,31513
3117,19,2583648,31514
403,5,2583653,31515
23,176,2583829,31516
280,11,2583840,31517
88,397,2584237,31518
858,82,2584319,31519
226,24,2584343,31520
2321,32,2584375,31521
2533,21,2584396,31522
124,114,2584510,31523
1101,117,2584627,31524
201,20,2584647,31525
668,87,2584734,31526
2305,91,2584825,31527
132,53,2584878,31528
112,67,2584945,31529
512,38,2584983,31530
2333,7,2584990,31531
177,11,2585001,31532
11,113,2585114,31533
358,14,2585128,31534
442,19,2585147,31535
15,27,2585174,31536
387,20,2585194,31537
410,9,2585203,31538
9,51,2585254,31539
3972,17,2585271,31540
57,25,2585296,31541
431,197,2585493,31542
328,150,2585643,31543
3043,11,2585654,31544
2071,89,2585743,31545
475,101,2585844,31546
157,149,2585993,31547
28,51,2586044,31548
733,66,2586110,31549
72,109,2586219,31550
3582,8,2586227,31551
75,49,2586276,31552
141,1,2586277,31553
108,102,2586379,31554
251,73,2586452,31555
3224,31,2586483,31556
443,86,2586569,31557
3572,61,2586630,31558
341,25,2586655,31559
3130,97,2586752,31560
146,8,2586760,31561
160,54,2586814,31562
1686,10,2586824,31563
302,59,2586883,31564
15,73,2586956,31565
112,7,2586963,31566
360,70,2587033,31567
376,192,2587225,31568
689,33,2587258,31569
99,124,2587382,31570
187,43,2587425,31571
109,20,2587445,31572
161,26,2587471,31573
372,205,2587676,31574
4024,58,2587734,31575
203,83,2587817,31576
400,35,2587852,31577
90,3,2587855,31578
516,21,2587876,31579
277,105,2587981,31580
124,23,2588004,31581
299,58,2588062,31582
2097,179,2588241,31583
208,38,2588279,31584
194,57,2588336,31585
869,292,2588628,31586
145,147,2588775,31587
495,9,2588784,31588
78,63,2588847,31589
544,349,2589196,31590
13,57,2589253,31591
322,14,2589267,31592
2371,19,2589286,31593
127,50,2589336,31594
334,15,2589351,31595
111,181,2589532,31596
287,102,2589634,31597
190,91,2589725,31598
255,21,2589746,31599
467,174,2589920,31600
105,30,2589950,31601
74,8,2589958,31602
363,34,2589992,31603
275,43,2590035,31604
2057,28,2590063,31605
299,88,2590151,31606
169,164,2590315,31607
135,35,2590350,31608
426,230,2590580,31609
11,100,2590680,31610
699,41,2590721,31611
480,9,2590730,31612
9,58,2590788,31613
273,42,2590830,31614
497,96,2590926,31615
157,166,2591092,31616
229,127,2591219,31617
320,107,2591326,31618
304,41,2591367,31619
102,16,2591383,31620
24,83,2591466,31621
33,139,2591605,31622
1026,184,2591789,31623
131,6,2591795,31624
2524,187,2591982,31625
337,6,2591988,31626
195,23,2592011,31627
27,42,2592053,31628
1248,89,2592142,31629
331,66,2592208,31630
2979,61,2592269,31631
309,35,2592304,31632
339,35,2592339,31633
1344,18,2592357,31634
1078,76,2592433,31635
108,4,2592437,31636
145,169,2592606,31637
254,214,2592820,31638
1464,58,2592878,31639
161,75,2592953,31640
1055,53,2593006,31641
3054,91,2593097,31642
257,123,2593220,31643
2488,63,2593283,31644
31,3,2593286,31645
186,10,2593296,31646
582,127,2593423,31647
282,31,2593454,31648
433,107,2593561,31649
917,142,2593703,31650
20,3,2593706,31651
122,102,2593808,31652
1213,25,2593833,31653
353,62,2593895,31654
563,276,2594171,31655
70,96,2594267,31656
2424,1,2594268,31657
795,57,2594325,31658
105,2,2594327,31659
349,34,2594361,31660
3712,67,2594428,31661
180,108,2594536,31662
347,62,2594598,31663
476,35,2594633,31664
348,14,2594647,31665
247,6,2594653,31666
3693,93,2594746,31667
508,215,2594961,31668
10,86,2595047,31669
700,91,2595138,31670
260,6,2595144,31671
1588,39,2595183,31672
162,6,2595189,31673
1106,26,2595215,31674
31,5,2595220,31675
805,33,2595253,31676
114,116,2595369,31677
204,92,2595461,31678
65,11,2595472,31679
1135,4,2595476,31680
25,65,2595541,31681
1591,60,2595601,31682
474,178,2595779,31683
519,67,2595846,31684
1088,11,2595857,31685
130,32,2595889,31686
242,115,2596004,31687
1446,10,2596014,31688
271,27,2596041,31689
60,68,2596109,31690
432,34,2596143,31691
1686,228,2596371,31692
124,59,2596430,31693
332,57,2596487,31694
793,133,2596620,31695
180,87,2596707,31696
1942,14,2596721,31697
222,22,2596743,31698
328,296,2597039,31699
358,24,2597063,31700
168,50,2597113,31701
249,68,2597181,31702
1647,52,2597233,31703
361,137,2597370,31704
318,321,2597691,31705
2494,62,2597753,31706
298,42,2597795,31707
163,76,2597871,31708
484,3,2597874,31709
150,181,2598055,31710
287,79,2598134,31711
3448,8,2598142,31712
657,53,2598195,31713
301,36,2598231,31714
3773,109,2598340,31715
3193,18,2598358,31716
588,78,2598436,31717
291,46,2598482,31718
112,32,2598514,31719
545,43,2598557,31720
14,110,2598667,31721
1404,65,2598732,31722
1098,50,2598782,31723
3788,83,2598865,31724
2277,164,2599029,31725
135,18,2599047,31726
115,71,2599118,31727
108,15,2599133,31728
479,20,2599153,31729
159,20,2599173,31730
4076,43,2599216,31731
317,9,2599225,31732
51,85,2599310,31733
315,59,2599369,31734
121,43,2599412,31735
92,155,2599567,31736
674,41,2599608,31737
1063,72,2599680,31738
356,23,2599703,31739
264,58,2599761,31740
1691,26,2599787,31741
9,169,2599956,31742
3945,32,2599988,31743
717,44,2600032,31744
307,37,2600069,31745
623,34,2600103,31746
85,161,2600264,31747
341,35,2600299,31748
1608,37,2600336,31749
27,53,2600389,31750
360,44,2600433,31751
117,39,2600472,31752
2523,55,2600527,31753
636,164,2600691,31754
651,21,2600712,31755
2303,17,2600729,31756
157,68,2600797,31757
872,54,2600851,31758
375,213,2601064,31759
344,60,2601124,31760
86,10,2601134,31761
1431,31,2601165,31762
298,77,2601242,31763
71,170,2601412,31764
218,65,2601477,31765
1075,68,2601545,31766
3732,57,2601602,31767
397,105,2601707,31768
3789,121,2601828,31769
2621,526,2602354,31770
10,15,2602369,31771
171,68,2602437,31772
101,133,2602570,31773
2774,3,2602573,31774
1426,22,2602595,31775
279,6,2602601,31776
29,44,2602645,31777
135,108,2602753,31778
590,164,2602917,31779
3878,42,2602959,31780
33,186,2603145,31781
56,54,2603199,31782
146,39,2603238,31783
3598,19,2603257,31784
3012,75,2603332,31785
197,56,2603388,31786
103,3,2603391,31787
344,25,2603416,31788
18,1,2603417,31789
142,17,2603434,31790
3382,99,2603533,31791
99,33,2603566,31792
1756,5,2603571,31793
193,42,2603613,31794
477,88,2603701,31795
1870,64,2603765,31796
20,61,2603826,31797
764,87,2603913,31798
1289,19,2603932,31799
242,127,2604059,31800
490,40,2604099,31801
297,13,2604112,31802
129,24,2604136,31803
145,46,2604182,31804
174,169,2604351,31805
427,6,2604357,31806
490,21,2604378,31807
375,12,2604390,31808
3103,20,2604410,31809
145,38,2604448,31810
175,101,2604549,31811
228,1,2604550,31812
320,1,2604551,31813
2438,1,2604552,31814
77,27,2604579,31815
359,106,2604685,31816
68,32,2604717,31817
562,29,2604746,31818
127,22,2604768,31819
1340,46,2604814,31820
398,66,2604880,31821
482,41,2604921,31822
133,15,2604936,31823
517,33,2604969,31824
112,68,2605037,31825
263,16,2605053,31826
1218,62,2605115,31827
188,56,2605171,31828
274,31,2605202,31829
2379,26,2605228,31830
685,373,2605601,31831
340,85,2605686,31832
2311,17,2605703,31833
668,2,2605705,31834
12,18,2605723,31835
4003,23,2605746,31836
128,108,2605854,31837
16,29,2605883,31838
120,66,2605949,31839
357,174,2606123,31840
91,318,2606441,31841
268,30,2606471,31842
137,46,2606517,31843
242,161,2606678,31844
10,15,2606693,31845
123,160,2606853,31846
432,85,2606938,31847
539,53,2606991,31848
146,26,2607017,31849
94,7,2607024,31850
153,27,2607051,31851
250,56,2607107,31852
226,12,2607119,31853
456,29,2607148,31854
583,24,2607172,31855
10,62,2607234,31856
392,84,2607318,31857
259,142,2607460,31858
516,7,2607467,31859
3842,29,2607496,31860
2851,176,2607672,31861
116,45,2607717,31862
9,12,2607729,31863
94,13,2607742,31864
30,85,2607827,31865
2794,1,2607828,31866
144,9,2607837,31867
1368,233,2608070,31868
1226,18,2608088,31869
3256,15,2608103,31870
382,2,2608105,31871
131,17,2608122,31872
85,169,2608291,31873
12,44,2608335,31874
579,200,2608535,31875
708,23,2608558,31876
118,21,2608579,31877
145,18,2608597,31878
116,119,2608716,31879
52,172,2608888,31880
489,16,2608904,31881
43,175,2609079,31882
155,224,2609303,31883
140,202,2609505,31884
120,332,2609837,31885
2200,151,2609988,31886
14,52,2610040,31887
32,267,2610307,31888
2895,89,2610396,31889
440,104,2610500,31890
2643,48,2610548,31891
3384,24,2610572,31892
340,304,2610876,31893
9,32,2610908,31894
2133,96,2611004,31895
191,55,2611059,31896
124,53,2611112,31897
971,229,2611341,31898
80,70,2611411,31899
573,36,2611447,31900
2902,39,2611486,31901
294,70,2611556,31902
1066,87,2611643,31903
260,9,2611652,31904
299,56,2611708,31905
335,48,2611756,31906
126,60,2611816,31907
42,44,2611860,31908
227,16,2611876,31909
3823,20,2611896,31910
347,44,2611940,31911
364,83,2612023,31912
3116,29,2612052,31913
71,31,2612083,31914
372,6,2612089,31915
305,23,2612112,31916
117,42,2612154,31917
3761,170,2612324,31918
237,35,2612359,31919
111,71,2612430,31920
106,47,2612477,31921
2844,64,2612541,31922
12,27,2612568,31923
106,148,2612716,31924
551,25,2612741,31925
141,12,2612753,31926
47,69,2612822,31927
142,1,2612823,31928
516,43,2612866,31929
214,214,2613080,31930
139,130,2613210,31931
12,29,2613239,31932
32,83,2613322,31933
3837,1,2613323,31934
344,20,2613343,31935
215,36,2613379,31936
261,23,2613402,31937
477,39,2613441,31938
3869,127,2613568,31939
2015,22,2613590,31940
81,98,2613688,31941
58,68,2613756,31942
244,1,2613757,31943
27,33,2613790,31944
481,106,2613896,31945
30,51,2613947,31946
2450,28,2613975,31947
365,18,2613993,31948
1087,21,2614014,31949
2043,63,2614077,31950
3357,66,2614143,31951
170,6,2614149,31952
327,268,2614417,31953
338,62,2614479,31954
71,176,2614655,31955
519,31,2614686,31956
268,249,2614935,31957
853,223,2615158,31958
639,134,2615292,31959
374,27,2615319,31960
289,31,2615350,31961
326,62,2615412,31962
200,340,2615752,31963
939,45,2615797,31964
73,1,2615798,31965
87,4,2615802,31966
15,109,2615911,31967
210,57,2615968,31968
11,15,2615983,31969
3412,19,2616002,31970
2515,34,2616036,31971
122,28,2616064,31972
291,209,2616273,31973
162,69,2616342,31974
128,197,2616539,31975
147,122,2616661,31976
492,161,2616822,31977
164,115,2616937,31978
389,93,2617030,31979
2303,62,2617092,31980
275,57,2617149,31981
317,68,2617217,31982
15,35,2617252,31983
443,51,2617303,31984
181,44,2617347,31985
346,222,2617569,31986
388,407,2617976,31987
350,60,2618036,31988
306,86,2618122,31989
45,31,2618153,31990
381,105,2618258,31991
179,188,2618446,31992
314,166,2618612,31993
315,41,2618653,31994
368,146,2618799,31995
239,136,2618935,31996
224,19,2618954,31997
16,16,2618970,31998
3011,31,2619001,31999
447,86,2619087,32000
497,14,2619101,32001
652,30,2619131,32002
356,50,2619181,32003
34,138,2619319,32004
529,95,2619414,32005
128,10,2619424,32006
3638,194,2619618,32007
351,84,2619702,32008
504,69,2619771,32009
1619,373,2620144,32010
1520,47,2620191,32011
124,69,2620260,32012
571,196,2620456,32013
166,127,2620583,32014
225,136,2620719,32015
3889,13,2620732,32016
221,32,2620764,32017
297,2,2620766,32018
229,119,2620885,32019
3905,98,2620983,32020
173,17,2621000,32021
2859,16,2621016,32022
1215,17,2621033,32023
336,89,2621122,32024
81,110,2621232,32025
535,109,2621341,32026
217,83,2621424,32027
357,8,2621432,32028
973,135,2621567,32029
129,150,2621717,32030
1955,220,2621937,32031
724,254,2622191,32032
434,25,2622216,32033
337,164,2622380,32034
2861,2,2622382,32035
11,79,2622461,32036
145,76,2622537,32037
15,41,2622578,32038
96,68,2622646,32039
10,301,2622947,32040
315,241,2623188,32041
989,270,2623458,32042
192,28,2623486,32043
166,191,2623677,32044
11,217,2623894,32045
847,51,2623945,32046
530,31,2623976,32047
415,18,2623994,32048
140,432,2624426,32049
41,110,2624536,32050
49,43,2624579,32051
390,25,2624604,32052
162,75,2624679,32053
347,117,2624796,32054
555,42,2624838,32055
632,18,2624856,32056
120,29,2624885,32057
300,62,2624947,32058
1714,35,2624982,32059
373,33,2625015,32060
48,5,2625020,32061
276,5,2625025,32062
17,47,2625072,32063
27,123,2625195,32064
25,255,2625450,32065
79,21,2625471,32066
1777,4,2625475,32067
140,94,2625569,32068
142,42,2625611,32069
3763,29,2625640,32070
156,243,2625883,32071
53,19,2625902,32072
281,152,2626054,32073
1009,126,2626180,32074
252,69,2626249,32075
176,144,2626393,32076
12,221,2626614,32077
347,116,2626730,32078
94,143,2626873,32079
542,106,2626979,32080
346,30,2627009,32081
166,50,2627059,32082
2071,9,2627068,32083
370,57,2627125,32084
4018,155,2627280,32085
2762,197,2627477,32086
1396,502,2627979,32087
316,4,2627983,32088
142,144,2628127,32089
110,15,2628142,32090
109,34,2628176,32091
116,5,2628181,32092
11,104,2628285,32093
306,4,2628289,32094
111,2,2628291,32095
225,13,2628304,32096
46,220,2628524,32097
148,70,2628594,32098
1859,57,2628651,32099
756,5,2628656,32100
198,118,2628774,32101
163,35,2628809,32102
350,34,2628843,32103
503,75,2628918,32104
1664,56,2628974,32105
165,313,2629287,32106
404,23,2629310,32107
554,55,2629365,32108
200,49,2629414,32109
502,16,2629430,32110
191,43,2629473,32111
3496,99,2629572,32112
3601,41,2629613,32113
110,6,2629619,32114
132,136,2629755,32115
159,94,2629849,32116
248,176,2630025,32117
26,99,2630124,32118
1072,181,2630305,32119
2570,199,2630504,32120
245,3,2630507,32121
259,96,2630603,32122
2282,102,2630705,32123
614,18,2630723,32124
420,12,2630735,32125
474,15,2630750,32126
377,45,2630795,32127
243,388,2631183,32128
16,11,2631194,32129
154,1,2631195,32130
345,15,2631210,32131
291,21,2631231,32132
168,26,2631257,32133
328,13,2631270,32134
133,40,2631310,32135
1385,17,2631327,32136
125,19,2631346,32137
1159,94,2631440,32138
2924,5,2631445,32139
370,76,2631521,32140
1137,125,2631646,32141
184,26,2631672,32142
3558,49,2631721,32143
242,54,2631775,32144
64,2,2631777,32145
131,101,2631878,32146
354,29,2631907,32147
15,7,2631914,32148
606,24,2631938,32149
750,27,2631965,32150
1570,83,2632048,32151
474,7,2632055,32152
217,63,2632118,32153
223,258,2632376,32154
133,336,2632712,32155
408,77,2632789,32156
368,244,2633033,32157
47,236,2633269,32158
3054,2,2633271,32159
19,5,2633276,32160
143,136,2633412,32161
3318,77,2633489,32162
1596,2,2633491,32163
160,247,2633738,32164
77,13,2633751,32165
266,127,2633878,32166
3390,27,2633905,32167
2907,49,2633954,32168
277,54,2634008,32169
963,211,2634219,32170
3019,112,2634331,32171
505,132,2634463,32172
315,207,2634670,32173
141,125,2634795,32174
392,37,2634832,32175
262,106,2634938,32176
342,152,2635090,32177
692,18,2635108,32178
1289,84,2635192,32179
291,127,2635319,32180
473,56,2635375,32181
117,73,2635448,32182
519,50,2635498,32183
756,26,2635524,32184
14,9,2635533,32185
10,142,2635675,32186
336,7,2635682,32187
176,6,2635688,32188
286,169,2635857,32189
95,38,2635895,32190
215,45,2635940,32191
137,51,2635991,32192
348,347,2636338,32193
313,47,2636385,32194
3368,87,2636472,32195
216,287,2636759,32196
3131,157,2636916,32197
138,78,2636994,32198
433,241,2637235,32199
44,18,2637253,32200
2601,75,2637328,32201
3372,49,2637377,32202
152,281,2637658,32203
792,117,2637775,32204
384,11,2637786,32205
143,43,2637829,32206
901,18,2637847,32207
3374,27,2637874,32208
295,167,2638041,32209
22,50,2638091,32210
163,18,2638109,32211
231,89,2638198,32212
122,111,2638309,32213
127,21,2638330,32214
171,189,2638519,32215
102,25,2638544,32216
617,35,2638579,32217
102,296,2638875,32218
100,14,2638889,32219
3218,25,2638914,32220
185,2,2638916,32221
1843,22,2638938,32222
261,125,2639063,32223
102,28,2639091,32224
512,408,2639499,32225
147,4,2639503,32226
77,51,2639554,32227
688,34,2639588,32228
135,29,2639617,32229
295,191,2639808,32230
325,58,2639866,32231
266,120,2639986,32232
131,40,2640026,32233
141,175,2640201,32234
495,33,2640234,32235
387,150,2640384,32236
301,24,2640408,32237
10,129,2640537,32238
238,17,2640554,32239
247,38,2640592,32240
106,46,2640638,32241
552,38,2640676,32242
345,39,2640715,32243
2711,98,2640813,32244
264,30,2640843,32245
474,56,2640899,32246
24,126,2641025,32247
364,37,2641062,32248
129,52,2641114,32249
315,182,2641296,32250
163,248,2641544,32251
2977,73,2641617,32252
3139,104,2641721,32253
101,6,2641727,32254
822,17,2641744,32255
117,45,2641789,32256
107,119,2641908,32257
441,131,2642039,32258
162,87,2642126,32259
16,38,2642164,32260
703,76,2642240,32261
293,205,2642445,32262
209,170,2642615,32263
503,263,2642878,32264
160,254,2643132,32265
221,492,2643624,32266
220,115,2643739,32267
353,112,2643851,32268
522,33,2643884,32269
172,25,2643909,32270
271,106,2644015,32271
13,46,2644061,32272
3785,32,2644093,32273
116,30,2644123,32274
3057,138,2644261,32275
402,65,2644326,32276
350,8,2644334,32277
197,285,2644619,32278
327,52,2644671,32279
218,273,2644944,32280
215,68,2645012,32281
388,110,2645122,32282
148,68,2645190,32283
277,38,2645228,32284
273,139,2645367,32285
151,13,2645380,32286
8,332,2645712,32287
56,36,2645748,32288
371,39,2645787,32289
28,9,2645796,32290
139,47,2645843,32291
3391,87,2645930,32292
3564,76,2646006,32293
164,54,2646060,32294
359,9,2646069,32295
195,135,2646204,32296
404,40,2646244,32297
368,87,2646331,32298
10,280,2646611,32299
871,41,2646652,32300
2892,20,2646672,32301
333,16,2646688,32302
494,31,2646719,32303
151,25,2646744,32304
1568,41,2646785,32305
118,57,2646842,32306
459,77,2646919,32307
11,19,2646938,32308
360,204,2647142,32309
55,69,2647211,32310
146,252,2647463,32311
11,83,2647546,32312
20,64,2647610,32313
227,264,2647874,32314
253,35,2647909,32315
924,50,2647959,32316
740,124,2648083,32317
356,346,2648429,32318
34,25,2648454,32319
315,16,2648470,32320
289,89,2648559,32321
151,175,2648734,32322
245,16,2648750,32323
667,11,2648761,32324
184,11,2648772,32325
100,189,2648961,32326
127,106,2649067,32327
3167,63,2649130,32328
1106,53,2649183,32329
674,35,2649218,32330
506,188,2649406,32331
519,49,2649455,32332
20,15,2649470,32333
780,26,2649496,32334
197,47,2649543,32335
59,78,2649621,32336
152,19,2649640,32337
100,49,2649689,32338
52,80,2649769,32339
62,379,2650148,32340
313,19,2650167,32341
3123,92,2650259,32342
1758,52,2650311,32343
2012,192,2650503,32344
103,3,2650506,32345
78,8,2650514,32346
158,176,2650690,32347
143,85,2650775,32348
117,31,2650806,32349
72,101,2650907,32350
182,26,2650933,32351
228,17,2650950,32352
3924,24,2650974,32353
2122,35,2651009,32354
480,142,2651151,32355
1202,191,2651342,32356
179,208,2651550,32357
330,11,2651561,32358
19,27,2651588,32359
1707,185,2651773,32360
146,47,2651820,32361
176,259,2652079,32362
2732,107,2652186,32363
138,2,2652188,32364
13,49,2652237,32365
439,38,2652275,32366
10,100,2652375,32367
214,4,2652379,32368
696,237,2652616,32369
116,77,2652693,32370
465,59,2652752,32371
266,4,2652756,32372
724,102,2652858,32373
130,114,2652972,32374
291,208,2653180,32375
249,22,2653202,32376
3014,136,2653338,32377
3600,200,2653538,32378
1605,32,2653570,32379
1751,44,2653614,32380
3673,23,2653637,32381
2526,91,2653728,32382
517,159,2653887,32383
184,74,2653961,32384
1892,8,2653969,32385
523,25,2653994,32386
576,123,2654117,32387
537,104,2654221,32388
360,194,2654415,32389
136,19,2654434,32390
2964,249,2654683,32391
2263,71,2654754,32392
309,68,2654822,32393
13,178,2655000,32394
286,54,2655054,32395
2113,31,2655085,32396
2155,146,2655231,32397
919,72,2655303,32398
130,18,2655321,32399
398,26,2655347,32400
294,25,2655372,32401
1653,28,2655400,32402
405,48,2655448,32403
140,27,2655475,32404
163,76,2655551,32405
324,93,2655644,32406
222,3,2655647,32407
131,117,2655764,32408
350,331,2656095,32409
138,106,2656201,32410
245,29,2656230,32411
278,187,2656417,32412
302,113,2656530,32413
2405,116,2656646,32414
387,52,2656698,32415
3678,133,2656831,32416
1609,196,2657027,32417
143,7,2657034,32418
19,119,2657153,32419
3494,12,2657165,32420
1905,103,2657268,32421
1105,97,2657365,32422
1170,28,2657393,32423
137,59,2657452,32424
188,115,2657567,32425
9,93,2657660,32426
362,67,2657727,32427
3567,50,2657777,32428
285,77,2657854,32429
834,233,2658087,32430
381,6,2658093,32431
119,97,2658190,32432
293,70,2658260,32433
506,237,2658497,32434
189,8,2658505,32435
366,224,2658729,32436
1876,142,2658871,32437
78,316,2659187,32438
22,256,2659443,32439
311,9,2659452,32440
186,54,2659506,32441
345,45,2659551,32442
2926,48,2659599,32443
786,142,2659741,32444
204,166,2659907,32445
1241,40,2659947,32446
3639,51,2659998,32447
9,90,2660088,32448
335,54,2660142,32449
255,23,2660165,32450
3102,53,2660218,32451
283,19,2660237,32452
22,75,2660312,32453
223,17,2660329,32454
1496,81,2660410,32455
235,129,2660539,32456
15,108,2660647,32457
998,99,2660746,32458
118,511,2661257,32459
151,342,2661599,32460
880,211,2661810,32461
114,88,2661898,32462
113,112,2662010,32463
517,12,2662022,32464
294,52,2662074,32465
788,37,2662111,32466
106,180,2662291,32467
164,1,2662292,32468
95,49,2662341,32469
2457,23,2662364,32470
152,75,2662439,32471
207,40,2662479,32472
2940,120,2662599,32473
256,150,2662749,32474
235,21,2662770,32475
261,162,2662932,32476
14,199,2663131,32477
114,4,2663135,32478
3681,49,2663184,32479
139,2,2663186,32480
2659,33,2663219,32481
99,34,2663253,32482
281,68,2663321,32483
149,55,2663376,32484
300,74,2663450,32485
93,140,2663590,32486
230,69,2663659,32487
798,28,2663687,32488
351,11,2663698,32489
116,137,2663835,32490
111,102,2663937,32491
494,67,2664004,32492
120,58,2664062,32493
99,19,2664081,32494
335,43,2664124,32495
631,133,2664257,32496
158,237,2664494,32497
392,3,2664497,32498
2324,175,2664672,32499
45,4,2664676,32500
161,16,2664692,32501
306,215,2664907,32502
2111,39,2664946,32503
159,3,2664949,32504
456,151,2665100,32505
633,139,2665239,32506
276,148,2665387,32507
236,127,2665514,32508
141,87,2665601,32509
2578,63,2665664,32510
3361,61,2665725,32511
1650,1,2665726,32512
352,136,2665862,32513
134,26,2665888,32514
386,69,2665957,32515
234,196,2666153,32516
153,13,2666166,32517
190,7,2666173,32518
849,192,2666365,32519
31,160,2666525,32520
250,129,2666654,32521
686,378,2667032,32522
212,21,2667053,32523
3615,48,2667101,32524
379,134,2667235,32525
263,167,2667402,32526
422,400,2667802,32527
153,79,2667881,32528
186,98,2667979,32529
3810,264,2668243,32530
158,8,2668251,32531
44,8,2668259,32532
342,28,2668287,32533
872,66,2668353,32534
339,41,2668394,32535
1045,10,2668404,32536
1686,10,2668414,32537
212,234,2668648,32538
2656,28,2668676,32539
156,91,2668767,32540
40,1,2668768,32541
137,16,2668784,32542
51,31,2668815,32543
303,189,2669004,32544
12,13,2669017,32545
258,130,2669147,32546
436,153,2669300,32547
324,11,2669311,32548
166,30,2669341,32549
9,131,2669472,32550
2203,159,2669631,32551
2379,199,2669830,32552
316,105,2669935,32553
13,74,2670009,32554
174,171,2670180,32555
154,37,2670217,32556
1736,139,2670356,32557
352,28,2670384,32558
2757,5,2670389,32559
156,53,2670442,32560
591,79,2670521,32561
260,70,2670591,32562
436,111,2670702,32563
46,4,2670706,32564
3832,77,2670783,32565
174,136,2670919,32566
777,4,2670923,32567
270,86,2671009,32568
2498,248,2671257,32569
3207,470,2671727,32570
408,270,2671997,32571
658,33,2672030,32572
117,298,2672328,32573
408,53,2672381,32574
169,94,2672475,32575
161,136,2672611,32576
29,14,2672625,32577
106,102,2672727,32578
140,25,2672752,32579
288,72,2672824,32580
16,4,2672828,32581
275,108,2672936,32582
657,74,2673010,32583
282,10,2673020,32584
4093,45,2673065,32585
2305,99,2673164,32586
309,26,2673190,32587
250,189,2673379,32588
182,212,2673591,32589
299,66,2673657,32590
275,46,2673703,32591
107,12,2673715,32592
13,25,2673740,32593
2595,141,2673881,32594
148,76,2673957,32595
981,284,2674241,32596
1255,4,2674245,32597
82,47,2674292,32598
42,94,2674386,32599
161,122,2674508,32600
286,128,2674636,32601
619,24,2674660,32602
2569,99,2674759,32603
12,58,2674817,32604
330,279,2675096,32605
256,46,2675142,32606
247,121,2675263,32607
561,4,2675267,32608
101,360,2675627,32609
274,66,2675693,32610
117,59,2675752,32611
258,23,2675775,32612
137,17,2675792,32613
206,109,2675901,32614
12,50,2675951,32615
135,91,2676042,32616
2645,92,2676134,32617
19,121,2676255,32618
1808,105,2676360,32619
2692,20,2676380,32620
171,184,2676564,32621
302,41,2676605,32622
77,36,2676641,32623
11,75,2676716,32624
715,159,2676875,32625
2223,30,2676905,32626
193,28,2676933,32627
221,68,2677001,32628
41,45,2677046,32629
213,47,2677093,32630
58,14,2677107,32631
266,37,2677144,32632
156,67,2677211,32633
1821,41,2677252,32634
146,62,2677314,32635
335,91,2677405,32636
29,80,2677485,32637
46,38,2677523,32638
294,49,2677572,32639
166,67,2677639,32640
137,41,2677680,32641
147,36,2677716,32642
13,107,2677823,32643
376,147,2677970,32644
164,32,2678002,32645
109,30,2678032,32646
644,80,2678112,32647
196,92,2678204,32648
354,72,2678276,32649
135,33,2678309,32650
3706,617,2678926,32651
3027,68,2678994,32652
245,7,2679001,32653
90,115,2679116,32654
548,22,2679138,32655
173,27,2679165,32656
127,178,2679343,32657
194,13,2679356,32658
135,49,2679405,32659
373,8,2679413,32660
52,27,2679440,32661
331,84,2679524,32662
2431,66,2679590,32663
344,85,2679675,32664
355,70,2679745,32665
3778,130,2679875,32666
263,6,2679881,32667
3129,25,2679906,32668
1507,66,2679972,32669
284,93,2680065,32670
155,4,2680069,32671
153,162,2680231,32672
56,48,2680279,32673
3819,24,2680303,32674
2584,99,2680402,32675
259,105,2680507,32676
145,9,2680516,32677
1639,66,2680582,32678
107,47,2680629,32679
284,35,2680664,32680
98,49,2680713,32681
574,83,2680796,32682
2419,192,2680988,32683
171,66,2681054,32684
105,75,2681129,32685
37,9,2681138,32686
309,5,2681143,32687
239,98,2681241,32688
167,76,2681317,32689
480,39,2681356,32690
245,146,2681502,32691
134,76,2681578,32692
2568,98,2681676,32693
819,88,2681764,32694
337,8,2681772,32695
384,35,2681807,32696
38,70,2681877,32697
2591,31,2681908,32698
383,159,2682067,32699
71,130,2682197,32700
249,28,2682225,32701
12,85,2682310,32702
155,1,2682311,32703
196,358,2682669,32704
274,6,2682675,32705
302,23,2682698,32706
1604,3,2682701,32707
1406,10,2682711,32708
580,27,2682738,32709
211,2,2682740,32710
12,40,2682780,32711
2432,163,2682943,32712
140,140,2683083,32713
149,312,2683395,32714
200,82,2683477,32715
30,204,2683681,32716
332,21,2683702,32717
402,352,2684054,32718
161,43,2684097,32719
110,150,2684247,32720
127,1,2684248,32721
103,28,2684276,32722
2067,181,2684457,32723
171,36,2684493,32724
479,129,2684622,32725
298,41,2684663,32726
115,82,2684745,32727
37,147,2684892,32728
201,109,2685001,32729
65,126,2685127,32730
190,109,2685236,32731
148,196,2685432,32732
16,546,2685978,32733
321,146,2686124,32734
439,114,2686238,32735
397,2,2686240,32736
143,4,2686244,32737
3528,41,2686285,32738
107,259,2686544,32739
155,13,2686557,32740
165,36,2686593,32741
303,38,2686631,32742
855,21,2686652,32743
197,17,2686669,32744
3840,343,2687012,32745
185,55,2687067,32746
399,27,2687094,32747
351,94,2687188,32748
333,271,2687459,32749
779,61,2687520,32750
190,9,2687529,32751
73,95,2687624,32752
495,86,2687710,32753
990,41,2687751,32754
3564,14,2687765,32755
179,62,2687827,32756
481,10,2687837,32757
1188,44,2687881,32758
286,204,2688085,32759
1330,93,2688178,32760
2777,9,2688187,32761
94,43,2688230,32762
181,74,2688304,32763
14,196,2688500,32764
290,118,2688618,32765
234,140,2688758,32766
109,346,2689104,32767
2190,14,2689118,32768
149,14,2689132,32769
282,139,2689271,32770
138,110,2689381,32771
195,90,2689471,32772
706,135,2689606,32773
242,23,2689629,32774
10,38,2689667,32775
116,81,2689748,32776
342,90,2689838,32777
94,39,2689877,32778
120,13,2689890,32779
18,49,2689939,32780
242,117,2690056,32781
3501,150,2690206,32782
407,244,2690450,32783
298,83,2690533,32784
105,162,2690695,32785
294,87,2690782,32786
589,28,2690810,32787
90,213,2691023,32788
3150,7,2691030,32789
602,31,2691061,32790
174,117,2691178,32791
201,64,2691242,32792
222,35,2691277,32793
2836,13,2691290,32794
1899,6,2691296,32795
115,58,2691354,32796
398,7,2691361,32797
131,27,2691388,32798
3400,8,2691396,32799
318,41,2691437,32800
24,33,2691470,32801
158,42,2691512,32802
40,10,2691522,32803
933,5,2691527,32804
506,55,2691582,32805
374,17,2691599,32806
197,116,2691715,32807
300,25,2691740,32808
12,3,2691743,32809
329,57,2691800,32810
111,205,2692005,32811
218,1,2692006,32812
134,39,2692045,32813
257,5,2692050,32814
157,62,2692112,32815
262,10,2692122,32816
1326,166,2692288,32817
284,337,2692625,32818
46,80,2692705,32819
2037,14,2692719,32820
216,105,2692824,32821
3067,42,2692866,32822
129,61,2692927,32823
182,19,2692946,32824
825,58,2693004,32825
13,18,2693022,32826
451,109,2693131,32827
122,40,2693171,32828
583,47,2693218,32829
80,199,2693417,32830
294,29,2693446,32831
360,3,2693449,32832
269,3,2693452,32833
284,21,2693473,32834
456,19,2693492,32835
33,67,2693559,32836
153,44,2693603,32837
357,71,2693674,32838
375,7,2693681,32839
38,41,2693722,32840
370,92,2693814,32841
217,26,2693840,32842
1345,5,2693845,32843
246,7,2693852,32844
158,40,2693892,32845
267,146,2694038,32846
210,26,2694064,32847
2446,295,2694359,32848
1080,62,2694421,32849
383,31,2694452,32850
136,60,2694512,32851
112,26,2694538,32852
3312,105,2694643,32853
239,40,2694683,32854
147,87,2694770,32855
11,57,2694827,32856
346,16,2694843,32857
324,31,2694874,32858
1723,32,2694906,32859
461,44,2694950,32860
67,17,2694967,32861
214,16,2694983,32862
3019,47,2695030,32863
413,38,2695068,32864
191,16,2695084,32865
1256,6,2695090,32866
403,92,2695182,32867
2311,126,2695308,32868
171,148,2695456,32869
334,14,2695470,32870
216,55,2695525,32871
229,55,2695580,32872
483,23,2695603,32873
1273,4,2695607,32874
24,6,2695613,32875
164,94,2695707,32876
3053,123,2695830,32877
18,139,2695969,32878
175,35,2696004,32879
3320,37,2696041,32880
2999,48,2696089,32881
195,5,2696094,32882
90,159,2696253,32883
2646,132,2696385,32884
270,64,2696449,32885
1277,18,2696467,32886
194,308,2696775,32887
303,7,2696782,32888
74,5,2696787,32889
268,85,2696872,32890
631,19,2696891,32891
1129,238,2697129,32892
121,254,2697383,32893
3062,5,2697388,32894
144,20,2697408,32895
268,142,2697550,32896
278,22,2697572,32897
128,172,2697744,32898
2424,198,2697942,32899
138,71,2698013,32900
29,165,2698178,32901
122,3,2698181,32902
2617,65,2698246,32903
116,66,2698312,32904
264,14,2698326,32905
259,18,2698344,32906
312,124,2698468,32907
323,12,2698480,32908
4061,341,2698821,32909
142,92,2698913,32910
83,160,2699073,32911
151,13,2699086,32912
187,73,2699159,32913
228,25,2699184,32914
3547,55,2699239,32915
3611,46,2699285,32916
123,11,2699296,32917
405,94,2699390,32918
269,78,2699468,32919
3487,95,2699563,32920
130,4,2699567,32921
479,24,2699591,32922
178,194,2699785,32923
178,196,2699981,32924
193,16,2699997,32925
779,2,2699999,32926
294,24,2700023,32927
541,54,2700077,32928
185,101,2700178,32929
1840,23,2700201,32930
544,114,2700315,32931
24,56,2700371,32932
313,55,2700426,32933
59,56,2700482,32934
125,33,2700515,32935
3894,106,2700621,32936
565,1,2700622,32937
273,75,2700697,32938
455,154,2700851,32939
384,51,2700902,32940
1000,35,2700937,32941
296,42,2700979,32942
107,102,2701081,32943
411,51,2701132,32944
276,224,2701356,32945
238,4,2701360,32946
129,90,2701450,32947
2695,1,2701451,32948
126,219,2701670,32949
230,189,2701859,32950
2816,39,2701898,32951
17,32,2701930,32952
584,15,2701945,32953
375,282,2702227,32954
3303,51,2702278,32955
514,224,2702502,32956
166,64,2702566,32957
3192,144,2702710,32958
3524,45,2702755,32959
526,89,2702844,32960
473,10,2702854,32961
380,8,2702862,32962
232,30,2702892,32963
123,76,2702968,32964
2912,56,2703024,32965
327,9,2703033,32966
98,2,2703035,32967
144,42,2703077,32968
167,10,2703087,32969
1166,401,2703488,32970
168,83,2703571,32971
46,81,2703652,32972
2098,134,2703786,32973
558,38,2703824,32974
332,90,2703914,32975
125,71,2703985,32976
75,18,2704003,32977
3253,107,2704110,32978
160,22,2704132,32979
242,405,2704537,32980
283,8,2704545,32981
55,27,2704572,32982
880,77,2704649,32983
258,80,2704729,32984
159,13,2704742,32985
278,135,2704877,32986
265,88,2704965,32987
136,299,2705264,32988
56,127,2705391,32989
90,13,2705404,32990
345,96,2705500,32991
163,115,2705615,32992
184,123,2705738,32993
347,78,2705816,32994
97,1,2705817,32995
315,27,2705844,32996
296,25,2705869,32997
144,231,2706100,32998
112,30,2706130,32999
150,18,2706148,33000
2675,151,2706299,33001
163,230,2706529,33002
117,95,2706624,33003
17,25,2706649,33004
208,174,2706823,33005
297,90,2706913,33006
343,72,2706985,33007
218,93,2707078,33008
283,10,2707088,33009
1040,61,2707149,33010
92,9,2707158,33011
229,29,2707187,33012
10,44,2707231,33013
314,3,2707234,33014
115,154,2707388,33015
223,61,2707449,33016
2812,7,2707456,33017
3209,18,2707474,33018
319,159,2707633,33019
12,20,2707653,33020
68,12,2707665,33021
321,42,2707707,33022
96,12,2707719,33023
54,46,2707765,33024
198,81,2707846,33025
79,211,2708057,33026
166,26,2708083,33027
364,55,2708138,33028
526,33,2708171,33029
328,155,2708326,33030
197,41,2708367,33031
180,215,2708582,33032
14,103,2708685,33033
268,30,2708715,33034
2927,174,2708889,33035
363,130,2709019,33036
45,49,2709068,33037
947,10,2709078,33038
537,36,2709114,33039
18,48,2709162,33040
523,16,2709178,33041
313,32,2709210,33042
91,95,2709305,33043
270,72,2709377,33044
3152,113,2709490,33045
122,3,2709493,33046
162,20,2709513,33047
16,43,2709556,33048
112,22,2709578,33049
159,76,2709654,33050
403,21,2709675,33051
129,65,2709740,33052
308,139,2709879,33053
770,11,2709890,33054
75,43,2709933,33055
3858,7,2709940,33056
873,39,2709979,33057
175,52,2710031,33058
143,3,2710034,33059
147,177,2710211,33060
287,198,2710409,33061
150,81,2710490,33062
20,85,2710575,33063
258,9,2710584,33064
1922,14,2710598,33065
1499,32,2710630,33066
164,52,2710682,33067
545,82,2710764,33068
133,6,2710770,33069
250,469,2711239,33070
69,49,2711288,33071
170,29,2711317,33072
245,48,2711365,33073
207,4,2711369,33074
634,97,2711466,33075
247,299,2711765,33076
126,43,2711808,33077
691,256,2712064,33078
200,13,2712077,33079
3387,380,2712457,33080
18,99,2712556,33081
194,192,2712748,33082
298,5,2712753,33083
1595,11,2712764,33084
12,28,2712792,33085
2510,16,2712808,33086
942,51,2712859,33087
173,27,2712886,33088
407,94,2712980,33089
288,3,2712983,33090
3586,123,2713106,33091
2349,124,2713230,33092
425,25,2713255,33093
177,76,2713331,33094
4010,6,2713337,33095
535,10,2713347,33096
210,4,2713351,33097
17,111,2713462,33098
2773,86,2713548,33099
15,301,2713849,33100
673,225,2714074,33101
351,68,2714142,33102
320,158,2714300,33103
142,23,2714323,33104
39,15,2714338,33105
14,12,2714350,33106
20,84,2714434,33107
829,27,2714461,33108
307,130,2714591,33109
15,24,2714615,33110
144,99,2714714,33111
2840,43,2714757,33112
231,28,2714785,33113
166,10,2714795,33114
243,5,2714800,33115
357,34,2714834,33116
338,15,2714849,33117
3465,30,2714879,33118
157,8,2714887,33119
374,60,2714947,33120
425,16,2714963,33121
3598,120,2715083,33122
362,38,2715121,33123
206,12,2715133,33124
4034,138,2715271,33125
2082,312,2715583,33126
186,73,2715656,33127
432,20,2715676,33128
491,7,2715683,33129
277,30,2715713,33130
1633,52,2715765,33131
13,72,2715837,33132
126,135,2715972,33133
123,10,2715982,33134
197,175,2716157,33135
1396,56,2716213,33136
13,37,2716250,33137
306,56,2716306,33138
252,325,2716631,33139
23,168,2716799,33140
132,81,2716880,33141
376,79,2716959,33142
270,29,2716988,33143
126,19,2717007,33144
359,205,2717212,33145
324,257,2717469,33146
1689,117,2717586,33147
2985,72,2717658,33148
9,193,2717851,33149
41,16,2717867,33150
405,119,2717986,33151
302,23,2718009,33152
2640,6,2718015,33153
1593,57,2718072,33154
19,273,2718345,33155
1021,10,2718355,33156
349,5,2718360,33157
342,134,2718494,33158
153,39,2718533,33159
144,55,2718588,33160
2608,44,2718632,33161
2538,130,2718762,33162
421,40,2718802,33163
158,50,2718852,33164
421,3,2718855,33165
244,64,2718919,33166
137,98,2719017,33167
470,101,2719118,33168
940,221,2719339,33169
3445,124,2719463,33170
119,5,2719468,33171
403,76,2719544,33172
2165,52,2719596,33173
19,215,2719811,33174
11,27,2719838,33175
42,335,2720173,33176
409,51,2720224,33177
400,34,2720258,33178
135,101,2720359,33179
18,32,2720391,33180
591,2,2720393,33181
704,25,2720418,33182
13,189,2720607,33183
173,8,2720615,33184
398,125,2720740,33185
629,15,2720755,33186
2301,34,2720789,33187
1304,12,2720801,33188
327,51,2720852,33189
3422,10,2720862,33190
1110,400,2721262,33191
315,148,2721410,33192
3777,12,2721422,33193
137,115,2721537,33194
331,30,2721567,33195
85,224,2721791,33196
354,98,2721889,33197
239,148,2722037,33198
976,145,2722182,33199
139,15,2722197,33200
464,53,2722250,33201
89,41,2722291,33202
848,11,2722302,33203
378,8,2722310,33204
136,25,2722335,33205
247,238,2722573,33206
137,84,2722657,33207
179,84,2722741,33208
2484,272,2723013,33209
83,257,2723270,33210
149,19,2723289,33211
106,141,2723430,33212
202,109,2723539,33213
81,107,2723646,33214
473,165,2723811,33215
284,104,2723915,33216
117,57,2723972,33217
44,255,2724227,33218
1038,41,2724268,33219
14,135,2724403,33220
76,40,2724443,33221
350,179,2724622,33222
434,10,2724632,33223
408,15,2724647,33224
1906,6,2724653,33225
41,11,2724664,33226
399,89,2724753,33227
608,54,2724807,33228
1385,36,2724843,33229
15,19,2724862,33230
1767,135,2724997,33231
1428,34,2725031,33232
181,194,2725225,33233
526,47,2725272,33234
112,11,2725283,33235
440,38,2725321,33236
54,167,2725488,33237
291,1,2725489,33238
485,55,2725544,33239
3980,130,2725674,33240
698,48,2725722,33241
275,96,2725818,33242
143,67,2725885,33243
1827,56,2725941,33244
108,13,2725954,33245
221,363,2726317,33246
345,162,2726479,33247
3516,2,2726481,33248
377,88,2726569,33249
171,17,2726586,33250
689,10,2726596,33251
492,11,2726607,33252
108,84,2726691,33253
80,116,2726807,33254
290,79,2726886,33255
356,6,2726892,33256
317,22,2726914,33257
1497,28,2726942,33258
273,14,2726956,33259
347,48,2727004,33260
41,142,2727146,33261
327,115,2727261,33262
3732,50,2727311,33263
11,5,2727316,33264
202,98,2727414,33265
252,34,2727448,33266
42,34,2727482,33267
113,170,2727652,33268
1007,48,2727700,33269
72,81,2727781,33270
281,63,2727844,33271
123,24,2727868,33272
166,110,2727978,33273
129,108,2728086,33274
332,25,2728111,33275
230,10,2728121,33276
302,33,2728154,33277
35,54,2728208,33278
36,46,2728254,33279
12,176,2728430,33280
636,129,2728559,33281
2062,24,2728583,33282
2092,150,2728733,33283
313,164,2728897,33284
89,103,2729000,33285
244,45,2729045,33286
242,2,2729047,33287
501,142,2729189,33288
2332,53,2729242,33289
2936,196,2729438,33290
121,98,2729536,33291
3992,123,2729659,33292
444,1,2729660,33293
62,37,2729697,33294
187,71,2729768,33295
7,4,2729772,33296
358,49,2729821,33297
357,74,2729895,33298
2783,248,2730143,33299
346,133,2730276,33300
173,36,2730312,33301
1044,24,2730336,33302
140,85,2730421,33303
115,300,2730721,33304
409,87,2730808,33305
34,1,2730809,33306
165,23,2730832,33307
83,112,2730944,33308
3471,1,2730945,33309
113,6,2730951,33310
306,22,2730973,33311
3794,215,2731188,33312
116,57,2731245,33313
19,15,2731260,33314
272,22,2731282,33315
147,26,2731308,33316
121,38,2731346,33317
311,16,2731362,33318
3583,56,2731418,33319
1721,5,2731423,33320
12,27,2731450,33321
3010,49,2731499,33322
129,1,2731500,33323
474,268,2731768,33324
698,171,2731939,33325
232,87,2732026,33326
144,53,2732079,33327
429,166,2732245,33328
95,19,2732264,33329
121,104,2732368,33330
215,15,2732383,33331
287,148,2732531,33332
13,10,2732541,33333
145,108,2732649,33334
178,36,2732685,33335
127,12,2732697,33336
128,32,2732729,33337
2197,45,2732774,33338
309,154,2732928,33339
190,35,2732963,33340
529,23,2732986,33341
1069,31,2733017,33342
184,72,2733089,33343
327,102,2733191,33344
155,130,2733321,33345
322,85,2733406,33346
575,73,2733479,33347
368,43,2733522,33348
334,12,2733534,33349
214,60,2733594,33350
10,104,2733698,33351
3854,18,2733716,33352
96,44,2733760,33353
2250,655,2734415,33354
158,44,2734459,33355
2119,123,2734582,33356
884,78,2734660,33357
678,55,2734715,33358
136,53,2734768,33359
327,29,2734797,33360
2611,176,2734973,33361
640,10,2734983,33362
259,190,2735173,33363
12,100,2735273,33364
560,142,2735415,33365
123,98,2735513,33366
36,59,2735572,33367
519,1,2735573,33368
155,13,2735586,33369
310,186,2735772,33370
649,67,2735839,33371
501,104,2735943,33372
64,48,2735991,33373
102,17,2736008,33374
380,6,2736014,33375
134,178,2736192,33376
128,111,2736303,33377
153,18,2736321,33378
274,256,2736577,33379
63,45,2736622,33380
118,21,2736643,33381
176,39,2736682,33382
3736,3,2736685,33383
1842,70,2736755,33384
311,167,2736922,33385
1616,112,2737034,33386
1748,32,2737066,33387
457,84,2737150,33388
78,42,2737192,33389
204,275,2737467,33390
593,111,2737578,33391
150,20,2737598,33392
1143,110,2737708,33393
104,34,2737742,33394
304,26,2737768,33395
456,113,2737881,33396
2413,31,2737912,33397
247,42,2737954,33398
2379,58,2738012,33399
54,74,2738086,33400
376,27,2738113,33401
237,114,2738227,33402
261,133,2738360,33403
554,50,2738410,33404
161,56,2738466,33405
450,110,2738576,33406
656,16,2738592,33407
398,33,2738625,33408
297,19,2738644,33409
2515,10,2738654,33410
200,355,2739009,33411
149,42,2739051,33412
192,109,2739160,33413
147,43,2739203,33414
36,91,2739294,33415
107,120,2739414,33416
3876,76,2739490,33417
1596,85,2739575,33418
119,156,2739731,33419
414,44,2739775,33420
136,7,2739782,33421
70,127,2739909,33422
78,53,2739962,33423
495,8,2739970,33424
544,35,2740005,33425
133,11,2740016,33426
815,129,2740145,33427
20,200,2740345,33428
15,7,2740352,33429
272,20,2740372,33430
163,125,2740497,33431
307,37,2740534,33432
56,43,2740577,33433
3826,90,2740667,33434
333,16,2740683,33435
1857,210,2740893,33436
3637,68,2740961,33437
3771,77,2741038,33438
322,2,2741040,33439
149,10,2741050,33440
50,229,2741279,33441
323,113,2741392,33442
363,210,2741602,33443
261,330,2741932,33444
2740,30,2741962,33445
757,195,2742157,33446
420,66,2742223,33447
4082,165,2742388,33448
297,15,2742403,33449
3302,142,2742545,33450
115,5,2742550,33451
371,10,2742560,33452
490,18,2742578,33453
422,24,2742602,33454
894,30,2742632,33455
84,89,2742721,33456
123,105,2742826,33457
353,121,2742947,33458
2178,19,2742966,33459
3490,167,2743133,33460
223,227,2743360,33461
106,81,2743441,33462
1676,36,2743477,33463
1834,5,2743482,33464
441,11,2743493,33465
310,14,2743507,33466
306,14,2743521,33467
387,210,2743731,33468
178,227,2743958,33469
277,21,2743979,33470
2021,2,2743981,33471
60,11,2743992,33472
202,103,2744095,33473
3392,4,2744099,33474
2982,5,2744104,33475
150,156,2744260,33476
98,19,2744279,33477
94,99,2744378,33478
516,13,2744391,33479
853,271,2744662,33480
253,66,2744728,33481
1187,184,2744912,33482
3363,109,2745021,33483
11,34,2745055,33484
2303,19,2745074,33485
94,44,2745118,33486
294,159,2745277,33487
12,14,2745291,33488
134,297,2745588,33489
47,64,2745652,33490
3864,63,2745715,33491
589,20,2745735,33492
87,61,2745796,33493
960,31,2745827,33494
143,54,2745881,33495
279,33,2745914,33496
351,17,2745931,33497
204,77,2746008,33498
250,71,2746079,33499
128,32,2746111,33500
66,41,2746152,33501
154,32,2746184,33502
323,21,2746205,33503
239,241,2746446,33504
38,29,2746475,33505
1924,96,2746571,33506
213,6,2746577,33507
88,5,2746582,33508
241,17,2746599,33509
1958,34,2746633,33510
364,50,2746683,33511
295,46,2746729,33512
1261,31,2746760,33513
10,12,2746772,33514
380,16,2746788,33515
123,135,2746923,33516
182,30,2746953,33517
356,2,2746955,33518
164,44,2746999,33519
1148,29,2747028,33520
1211,296,2747324,33521
99,27,2747351,33522
20,99,2747450,33523
42,36,2747486,33524
353,340,2747826,33525
116,50,2747876,33526
627,133,2748009,33527
375,44,2748053,33528
2876,90,2748143,33529
180,66,2748209,33530
27,28,2748237,33531
37,167,2748404,33532
289,129,2748533,33533
1045,22,2748555,33534
529,27,2748582,33535
1712,119,2748701,33536
319,149,2748850,33537
1265,15,2748865,33538
624,55,2748920,33539
309,71,2748991,33540
445,8,2748999,33541
12,131,2749130,33542
625,23,2749153,33543
142,115,2749268,33544
111,17,2749285,33545
11,66,2749351,33546
127,57,2749408,33547
211,81,2749489,33548
2742,83,2749572,33549
2563,101,2749673,33550
76,138,2749811,33551
299,145,2749956,33552
94,37,2749993,33553
121,11,2750004,33554
31,25,2750029,33555
353,1,2750030,33556
83,28,2750058,33557
340,116,2750174,33558
166,147,2750321,33559
108,124,2750445,33560
238,285,2750730,33561
221,25,2750755,33562
336,35,2750790,33563
12,15,2750805,33564
116,256,2751061,33565
3842,229,2751290,33566
596,15,2751305,33567
117,23,2751328,33568
898,72,2751400,33569
482,53,2751453,33570
1609,19,2751472,33571
145,155,2751627,33572
304,11,2751638,33573
88,58,2751696,33574
404,30,2751726,33575
20,26,2751752,33576
24,133,2751885,33577
166,84,2751969,33578
1808,72,2752041,33579
346,19,2752060,33580
612,20,2752080,33581
142,20,2752100,33582
2019,12,2752112,33583
402,204,2752316,33584
56,53,2752369,33585
3209,79,2752448,33586
2288,200,2752648,33587
91,56,2752704,33588
425,44,2752748,33589
18,9,2752757,33590
47,141,2752898,33591
1615,57,2752955,33592
1084,64,2753019,33593
110,101,2753120,33594
314,214,2753334,33595
693,17,2753351,33596
19,15,2753366,33597
324,232,2753598,33598
69,43,2753641,33599
307,116,2753757,33600
91,230,2753987,33601
3207,85,2754072,33602
261,53,2754125,33603
678,45,2754170,33604
104,134,2754304,33605
2363,110,2754414,33606
278,79,2754493,33607
1024,77,2754570,33608
3972,130,2754700,33609
162,15,2754715,33610
3279,34,2754749,33611
106,30,2754779,33612
202,305,2755084,33613
415,199,2755283,33614
114,17,2755300,33615
237,82,2755382,33616
118,140,2755522,33617
366,62,2755584,33618
95,60,2755644,33619
127,70,2755714,33620
3975,4,2755718,33621
29,126,2755844,33622
69,83,2755927,33623
204,129,2756056,33624
260,108,2756164,33625
130,35,2756199,33626
3515,37,2756236,33627
3180,107,2756343,33628
316,190,2756533,33629
255,88,2756621,33630
702,22,2756643,33631
3365,4,2756647,33632
421,174,2756821,33633
12,71,2756892,33634
289,6,2756898,33635
170,40,2756938,33636
3142,177,2757115,33637
151,9,2757124,33638
124,39,2757163,33639
3400,86,2757249,33640
146,15,2757264,33641
147,8,2757272,33642
3390,144,2757416,33643
191,37,2757453,33644
390,195,2757648,33645
112,10,2757658,33646
63,27,2757685,33647
3249,2,2757687,33648
3189,172,2757859,33649
221,250,2758109,33650
241,14,2758123,33651
597,243,2758366,33652
926,104,2758470,33653
168,20,2758490,33654
2516,5,2758495,33655
41,54,2758549,33656
108,42,2758591,33657
173,19,2758610,33658
238,51,2758661,33659
144,82,2758743,33660
354,91,2758834,33661
262,96,2758930,33662
706,23,2758953,33663
2842,7,2758960,33664
90,164,2759124,33665
177,70,2759194,33666
139,127,2759321,33667
106,230,2759551,33668
285,9,2759560,33669
210,43,2759603,33670
2518,4,2759607,33671
145,33,2759640,33672
292,141,2759781,33673
2768,23,2759804,33674
144,132,2759936,33675
3223,223,2760159,33676
260,65,2760224,33677
120,113,2760337,33678
2688,30,2760367,33679
1048,106,2760473,33680
3941,178,2760651,33681
85,194,2760845,33682
233,34,2760879,33683
431,57,2760936,33684
24,48,2760984,33685
119,111,2761095,33686
1424,75,2761170,33687
164,32,2761202,33688
444,37,2761239,33689
142,22,2761261,33690
198,124,2761385,33691
229,12,2761397,33692
9,87,2761484,33693
1337,28,2761512,33694
271,283,2761795,33695
265,9,2761804,33696
272,48,2761852,33697
344,34,2761886,33698
122,15,2761901,33699
228,5,2761906,33700
36,33,2761939,33701
402,6,2761945,33702
354,61,2762006,33703
1077,90,2762096,33704
446,8,2762104,33705
112,81,2762185,33706
2501,3,2762188,33707
197,239,2762427,33708
495,39,2762466,33709
2942,104,2762570,33710
662,19,2762589,33711
571,417,2763006,33712
126,4,2763010,33713
64,18,2763028,33714
310,38,2763066,33715
142,131,2763197,33716
3969,12,2763209,33717
56,168,2763377,33718
126,80,2763457,33719
123,27,2763484,33720
292,43,2763527,33721
3117,3,2763530,33722
397,30,2763560,33723
294,222,2763782,33724
274,95,2763877,33725
3054,5,2763882,33726
422,340,2764222,33727
517,262,2764484,33728
239,70,2764554,33729
3855,10,2764564,33730
1918,56,2764620,33731
299,4,2764624,33732
98,58,2764682,33733
160,90,2764772,33734
1590,25,2764797,33735
163,67,2764864,33736
507,62,2764926,33737
312,13,2764939,33738
394,145,2765084,33739
281,110,2765194,33740
303,72,2765266,33741
475,110,2765376,33742
369,169,2765545,33743
1933,79,2765624,33744
419,214,2765838,33745
331,26,2765864,33746
427,12,2765876,33747
315,28,2765904,33748
3037,91,2765995,33749
114,68,2766063,33750
2558,70,2766133,33751
3254,60,2766193,33752
40,214,2766407,33753
397,5,2766412,33754
114,335,2766747,33755
3938,159,2766906,33756
335,31,2766937,33757
230,102,2767039,33758
117,40,2767079,33759
1159,33,2767112,33760
23,30,2767142,33761
163,12,2767154,33762
523,3,2767157,33763
3244,28,2767185,33764
2348,7,2767192,33765
67,37,2767229,33766
364,70,2767299,33767
168,63,2767362,33768
1138,12,2767374,33769
279,46,2767420,33770
704,40,2767460,33771
919,14,2767474,33772
654,288,2767762,33773
198,204,2767966,33774
157,28,2767994,33775
298,127,2768121,33776
17,72,2768193,33777
291,97,2768290,33778
3341,175,2768465,33779
698,75,2768540,33780
340,47,2768587,33781
18,22,2768609,33782
3108,249,2768858,33783
2816,43,2768901,33784
26,5,2768906,33785
142,134,2769040,33786
275,119,2769159,33787
409,140,2769299,33788
402,479,2769778,33789
302,6,2769784,33790
265,1,2769785,33791
220,20,2769805,33792
147,228,2770033,33793
3968,203,2770236,33794
110,122,2770358,33795
276,38,2770396,33796
57,44,2770440,33797
138,293,2770733,33798
201,73,2770806,33799
3592,201,2771007,33800
143,99,2771106,33801
331,280,2771386,33802
272,21,2771407,33803
155,1,2771408,33804
318,175,2771583,33805
129,134,2771717,33806
113,7,2771724,33807
178,148,2771872,33808
177,24,2771896,33809
442,88,2771984,33810
3849,26,2772010,33811
329,184,2772194,33812
39,194,2772388,33813
17,40,2772428,33814
315,165,2772593,33815
153,227,2772820,33816
120,413,2773233,33817
216,475,2773708,33818
12,95,2773803,33819
2776,286,2774089,33820
277,28,2774117,33821
523,4,2774121,33822
268,422,2774543,33823
157,52,2774595,33824
226,41,2774636,33825
309,4,2774640,33826
521,176,2774816,33827
157,1,2774817,33828
652,114,2774931,33829
46,8,2774939,33830
89,18,2774957,33831
1551,160,2775117,33832
3477,38,2775155,33833
363,154,2775309,33834
1636,26,2775335,33835
168,2,2775337,33836
247,58,2775395,33837
2936,161,2775556,33838
1567,160,2775716,33839
405,59,2775775,33840
92,21,2775796,33841
331,122,2775918,33842
346,135,2776053,33843
3830,78,2776131,33844
102,4,2776135,33845
435,200,2776335,33846
162,43,2776378,33847
2072,5,2776383,33848
3711,208,2776591,33849
3757,93,2776684,33850
336,122,2776806,33851
170,128,2776934,33852
107,223,2777157,33853
589,277,2777434,33854
297,86,2777520,33855
12,21,2777541,33856
303,43,2777584,33857
154,138,2777722,33858
2412,111,2777833,33859
395,41,2777874,33860
159,93,2777967,33861
136,246,2778213,33862
213,340,2778553,33863
797,98,2778651,33864
110,44,2778695,33865
14,72,2778767,33866
270,6,2778773,33867
1340,190,2778963,33868
45,65,2779028,33869
144,11,2779039,33870
20,114,2779153,33871
987,67,2779220,33872
219,289,2779509,33873
137,30,2779539,33874
3615,3,2779542,33875
411,160,2779702,33876
33,291,2779993,33877
103,36,2780029,33878
401,21,2780050,33879
10,194,2780244,33880
334,34,2780278,33881
326,166,2780444,33882
141,57,2780501,33883
2740,34,2780535,33884
139,49,2780584,33885
168,20,2780604,33886
106,28,2780632,33887
870,73,2780705,33888
107,6,2780711,33889
2198,27,2780738,33890
429,151,2780889,33891
87,8,2780897,33892
379,48,2780945,33893
120,53,2780998,33894
312,153,2781151,33895
44,93,2781244,33896
256,14,2781258,33897
920,33,2781291,33898
110,167,2781458,33899
203,53,2781511,33900
263,42,2781553,33901
909,178,2781731,33902
512,7,2781738,33903
592,30,2781768,33904
119,62,2781830,33905
1159,39,2781869,33906
409,34,2781903,33907
330,36,2781939,33908
12,7,2781946,33909
382,52,2781998,33910
357,70,2782068,33911
165,73,2782141,33912
1622,80,2782221,33913
333,348,2782569,33914
16,11,2782580,33915
134,140,2782720,33916
142,582,2783302,33917
236,112,2783414,33918
399,145,2783559,33919
143,63,2783622,33920
70,62,2783684,33921
346,6,2783690,33922
65,4,2783694,33923
535,120,2783814,33924
308,117,2783931,33925
218,14,2783945,33926
2461,116,2784061,33927
336,92,2784153,33928
94,197,2784350,33929
146,44,2784394,33930
294,43,2784437,33931
315,22,2784459,33932
3974,52,2784511,33933
3196,128,2784639,33934
31,74,2784713,33935
156,22,2784735,33936
365,78,2784813,33937
36,150,2784963,33938
258,38,2785001,33939
941,105,2785106,33940
99,106,2785212,33941
222,6,2785218,33942
3613,40,2785258,33943
148,15,2785273,33944
29,217,2785490,33945
151,57,2785547,33946
259,38,2785585,33947
11,119,2785704,33948
142,414,2786118,33949
3159,14,2786132,33950
27,8,2786140,33951
2844,44,2786184,33952
3897,8,2786192,33953
123,21,2786213,33954
11,308,2786521,33955
498,147,2786668,33956
191,113,2786781,33957
284,114,2786895,33958
242,49,2786944,33959
94,303,2787247,33960
196,5,2787252,33961
374,129,2787381,33962
220,43,2787424,33963
119,30,2787454,33964
748,134,2787588,33965
147,174,2787762,33966
175,130,2787892,33967
1370,52,2787944,33968
368,21,2787965,33969
536,60,2788025,33970
307,4,2788029,33971
1036,42,2788071,33972
392,58,2788129,33973
607,237,2788366,33974
81,190,2788556,33975
147,52,2788608,33976
1013,288,2788896,33977
1188,40,2788936,33978
176,260,2789196,33979
155,120,2789316,33980
141,40,2789356,33981
3914,13,2789369,33982
377,1,2789370,33983
12,120,2789490,33984
120,165,2789655,33985
2573,70,2789725,33986
32,3,2789728,33987
475,95,2789823,33988
138,81,2789904,33989
3270,36,2789940,33990
1104,13,2789953,33991
84,2,2789955,33992
133,244,2790199,33993
239,150,2790349,33994
242,69,2790418,33995
2142,16,2790434,33996
327,20,2790454,33997
203,119,2790573,33998
244,89,2790662,33999
2974,27,2790689,34000
288,150,2790839,34001
121,197,2791036,34002
124,82,2791118,34003
191,226,2791344,34004
220,18,2791362,34005
1781,11,2791373,34006
850,13,2791386,34007
43,53,2791439,34008
3599,54,2791493,34009
390,84,2791577,34010
18,15,2791592,34011
372,11,2791603,34012
319,139,2791742,34013
74,77,2791819,34014
159,24,2791843,34015
158,4,2791847,34016
411,104,2791951,34017
189,36,2791987,34018
3856,1,2791988,34019
149,139,2792127,34020
34,33,2792160,34021
15,22,2792182,34022
125,55,2792237,34023
136,299,2792536,34024
13,54,2792590,34025
137,25,2792615,34026
15,17,2792632,34027
10,22,2792654,34028
148,100,2792754,34029
137,7,2792761,34030
162,141,2792902,34031
47,1,2792903,34032
139,52,2792955,34033
120,42,2792997,34034
47,302,2793299,34035
396,4,2793303,34036
269,62,2793365,34037
304,98,2793463,34038
230,11,2793474,34039
2325,71,2793545,34040
194,17,2793562,34041
595,149,2793711,34042
340,68,2793779,34043
106,98,2793877,34044
184,161,2794038,34045
2110,141,2794179,34046
158,3,2794182,34047
20,4,2794186,34048
132,97,2794283,34049
569,2,2794285,34050
423,59,2794344,34051
486,125,2794469,34052
145,61,2794530,34053
378,222,2794752,34054
394,174,2794926,34055
3000,34,2794960,34056
42,3,2794963,34057
383,112,2795075,34058
35,23,2795098,34059
178,16,2795114,34060
144,2,2795116,34061
248,124,2795240,34062
1207,150,2795390,34063
350,57,2795447,34064
120,17,2795464,34065
173,40,2795504,34066
214,144,2795648,34067
189,32,2795680,34068
2041,120,2795800,34069
194,20,2795820,34070
170,22,2795842,34071
130,142,2795984,34072
1096,249,2796233,34073
487,96,2796329,34074
884,80,2796409,34075
2717,40,2796449,34076
2020,4,2796453,34077
173,74,2796527,34078
267,6,2796533,34079
24,162,2796695,34080
2337,29,2796724,34081
12,3,2796727,34082
330,65,2796792,34083
106,96,2796888,34084
89,159,2797047,34085
339,192,2797239,34086
316,27,2797266,34087
12,197,2797463,34088
307,7,2797470,34089
3312,121,2797591,34090
123,3,2797594,34091
3810,28,2797622,34092
301,10,2797632,34093
68,81,2797713,34094
502,135,2797848,34095
212,128,2797976,34096
351,1,2797977,34097
330,232,2798209,34098
121,276,2798485,34099
987,15,2798500,34100
3806,22,2798522,34101
175,69,2798591,34102
498,133,2798724,34103
107,94,2798818,34104
157,51,2798869,34105
201,128,2798997,34106
1642,121,2799118,34107
1291,82,2799200,34108
113,12,2799212,34109
120,9,2799221,34110
86,77,2799298,34111
179,110,2799408,34112
475,29,2799437,34113
328,66,2799503,34114
136,88,2799591,34115
918,171,2799762,34116
96,41,2799803,34117
79,13,2799816,34118
296,11,2799827,34119
2485,288,2800115,34120
1652,253,2800368,34121
361,62,2800430,34122
296,196,2800626,34123
2541,329,2800955,34124
140,60,2801015,34125
2880,34,2801049,34126
202,123,2801172,34127
49,125,2801297,34128
294,21,2801318,34129
339,73,2801391,34130
22,48,2801439,34131
453,113,2801552,34132
361,22,2801574,34133
104,27,2801601,34134
2271,124,2801725,34135
191,50,2801775,34136
310,192,2801967,34137
175,4,2801971,34138
166,27,2801998,34139
26,91,2802089,34140
20,5,2802094,34141
2735,99,2802193,34142
231,36,2802229,34143
439,72,2802301,34144
126,289,2802590,34145
310,11,2802601,34146
271,28,2802629,34147
129,32,2802661,34148
3324,8,2802669,34149
358,17,2802686,34150
239,10,2802696,34151
194,122,2802818,34152
2891,70,2802888,34153
137,147,2803035,34154
3913,143,2803178,34155
156,39,2803217,34156
1216,398,2803615,34157
130,6,2803621,34158
659,128,2803749,34159
3786,80,2803829,34160
53,3,2803832,34161
418,124,2803956,34162
259,29,2803985,34163
70,129,2804114,34164
4009,137,2804251,34165
3507,7,2804258,34166
125,174,2804432,34167
129,43,2804475,34168
153,30,2804505,34169
420,210,2804715,34170
944,38,2804753,34171
297,35,2804788,34172
295,13,2804801,34173
135,130,2804931,34174
336,171,2805102,34175
460,19,2805121,34176
3772,169,2805290,34177
2658,30,2805320,34178
246,30,2805350,34179
922,30,2805380,34180
2825,17,2805397,34181
301,80,2805477,34182
275,37,2805514,34183
102,44,2805558,34184
906,109,2805667,34185
649,156,2805823,34186
1258,123,2805946,34187
2973,93,2806039,34188
198,59,2806098,34189
3803,75,2806173,34190
3997,12,2806185,34191
469,139,2806324,34192
308,37,2806361,34193
393,160,2806521,34194
291,30,2806551,34195
66,177,2806728,34196
332,141,2806869,34197
846,94,2806963,34198
1324,30,2806993,34199
202,138,2807131,34200
949,11,2807142,34201
294,2,2807144,34202
26,18,2807162,34203
369,120,2807282,34204
104,25,2807307,34205
2705,9,2807316,34206
105,35,2807351,34207
448,48,2807399,34208
952,17,2807416,34209
3359,122,2807538,34210
160,20,2807558,34211
513,30,2807588,34212
3520,20,2807608,34213
331,108,2807716,34214
282,121,2807837,34215
145,118,2807955,34216
449,50,2808005,34217
469,8,2808013,34218
1802,36,2808049,34219
3124,14,2808063,34220
65,41,2808104,34221
149,24,2808128,34222
3771,264,2808392,34223
252,3,2808395,34224
389,20,2808415,34225
1065,90,2808505,34226
327,27,2808532,34227
1363,21,2808553,34228
817,10,2808563,34229
361,30,2808593,34230
428,37,2808630,34231
709,20,2808650,34232
3555,181,2808831,34233
252,50,2808881,34234
10,12,2808893,34235
286,63,2808956,34236
101,6,2808962,34237
365,56,2809018,34238
722,93,2809111,34239
342,252,2809363,34240
2008,92,2809455,34241
3542,94,2809549,34242
232,31,2809580,34243
110,3,2809583,34244
1734,110,2809693,34245
289,99,2809792,34246
9,27,2809819,34247
55,11,2809830,34248
3900,3,2809833,34249
141,52,2809885,34250
1572,35,2809920,34251
250,149,2810069,34252
2004,68,2810137,34253
21,15,2810152,34254
298,15,2810167,34255
312,63,2810230,34256
668,38,2810268,34257
22,20,2810288,34258
3780,31,2810319,34259
40,25,2810344,34260
10,171,2810515,34261
168,157,2810672,34262
16,69,2810741,34263
300,80,2810821,34264
2911,107,2810928,34265
706,125,2811053,34266
235,16,2811069,34267
145,3,2811072,34268
200,14,2811086,34269
793,32,2811118,34270
3250,8,2811126,34271
2307,88,2811214,34272
1892,36,2811250,34273
370,52,2811302,34274
357,25,2811327,34275
89,80,2811407,34276
55,23,2811430,34277
356,146,2811576,34278
431,170,2811746,34279
156,37,2811783,34280
3574,146,2811929,34281
146,173,2812102,34282
2343,429,2812531,34283
164,85,2812616,34284
302,44,2812660,34285
2666,79,2812739,34286
200,230,2812969,34287
3834,132,2813101,34288
434,601,2813702,34289
15,288,2813990,34290
312,191,2814181,34291
3686,67,2814248,34292
826,122,2814370,34293
88,373,2814743,34294
121,288,2815031,34295
300,43,2815074,34296
3638,54,2815128,34297
1008,39,2815167,34298
69,43,2815210,34299
272,75,2815285,34300
314,26,2815311,34301
13,61,2815372,34302
238,19,2815391,34303
93,137,2815528,34304
305,31,2815559,34305
1149,217,2815776,34306
126,11,2815787,34307
696,30,2815817,34308
152,103,2815920,34309
174,144,2816064,34310
297,31,2816095,34311
69,78,2816173,34312
33,105,2816278,34313
172,44,2816322,34314
116,37,2816359,34315
13,17,2816376,34316
303,50,2816426,34317
4078,50,2816476,34318
316,34,2816510,34319
1937,24,2816534,34320
19,81,2816615,34321
97,68,2816683,34322
134,24,2816707,34323
296,136,2816843,34324
156,14,2816857,34325
404,19,2816876,34326
293,316,2817192,34327
254,75,2817267,34328
129,4,2817271,34329
89,60,2817331,34330
208,325,2817656,34331
13,65,2817721,34332
239,3,2817724,34333
80,16,2817740,34334
1222,141,2817881,34335
346,40,2817921,34336
3033,17,2817938,34337
889,79,2818017,34338
3603,10,2818027,34339
385,5,2818032,34340
339,4,2818036,34341
142,37,2818073,34342
65,15,2818088,34343
3486,16,2818104,34344
12,24,2818128,34345
286,94,2818222,34346
2765,24,2818246,34347
195,98,2818344,34348
294,17,2818361,34349
949,15,2818376,34350
142,42,2818418,34351
12,98,2818516,34352
2372,37,2818553,34353
2563,8,2818561,34354
371,32,2818593,34355
410,9,2818602,34356
153,36,2818638,34357
382,52,2818690,34358
11,122,2818812,34359
1723,11,2818823,34360
136,67,2818890,34361
630,13,2818903,34362
298,94,2818997,34363
2445,45,2819042,34364
1481,23,2819065,34365
2507,41,2819106,34366
24,33,2819139,34367
146,322,2819461,34368
86,157,2819618,34369
131,122,2819740,34370
3660,111,2819851,34371
132,33,2819884,34372
169,42,2819926,34373
3698,9,2819935,34374
155,243,2820178,34375
146,41,2820219,34376
749,269,2820488,34377
147,130,2820618,34378
11,70,2820688,34379
2464,67,2820755,34380
163,89,2820844,34381
147,141,2820985,34382
184,210,2821195,34383
97,14,2821209,34384
309,35,2821244,34385
294,72,2821316,34386
264,68,2821384,34387
1852,35,2821419,34388
292,63,2821482,34389
144,79,2821561,34390
3871,195,2821756,34391
299,38,2821794,34392
170,54,2821848,34393
337,18,2821866,34394
32,233,2822099,34395
419,107,2822206,34396
234,85,2822291,34397
2197,48,2822339,34398
515,15,2822354,34399
597,207,2822561,34400
3512,16,2822577,34401
589,50,2822627,34402
355,30,2822657,34403
1123,119,2822776,34404
220,62,2822838,34405
160,4,2822842,34406
105,44,2822886,34407
578,65,2822951,34408
1440,1,2822952,34409
1260,67,2823019,34410
132,240,2823259,34411
19,49,2823308,34412
218,31,2823339,34413
690,199,2823538,34414
437,1,2823539,34415
171,93,2823632,34416
199,1,2823633,34417
328,33,2823666,34418
276,136,2823802,34419
3917,62,2823864,34420
76,13,2823877,34421
359,10,2823887,34422
240,188,2824075,34423
176,2,2824077,34424
153,45,2824122,34425
619,111,2824233,34426
353,125,2824358,34427
278,118,2824476,34428
270,8,2824484,34429
1502,14,2824498,34430
482,24,2824522,34431
970,49,2824571,34432
37,10,2824581,34433
267,10,2824591,34434
387,61,2824652,34435
99,8,2824660,34436
176,61,2824721,34437
13,58,2824779,34438
3083,50,2824829,34439
101,3,2824832,34440
392,86,2824918,34441
81,127,2825045,34442
410,274,2825319,34443
507,3,2825322,34444
175,117,2825439,34445
2616,26,2825465,34446
138,29,2825494,34447
327,74,2825568,34448
82,1,2825569,34449
3532,9,2825578,34450
758,121,2825699,34451
20,49,2825748,34452
140,356,2826104,34453
15,31,2826135,34454
974,49,2826184,34455
301,21,2826205,34456
1867,27,2826232,34457
124,20,2826252,34458
140,84,2826336,34459
2605,12,2826348,34460
76,64,2826412,34461
152,99,2826511,34462
89,313,2826824,34463
164,194,2827018,34464
708,111,2827129,34465
140,91,2827220,34466
2901,43,2827263,34467
386,74,2827337,34468
101,105,2827442,34469
478,58,2827500,34470
233,93,2827593,34471
213,76,2827669,34472
28,143,2827812,34473
11,127,2827939,34474
2528,8,2827947,34475
357,225,2828172,34476
12,93,2828265,34477
139,122,2828387,34478
137,192,2828579,34479
667,12,2828591,34480
2365,22,2828613,34481
470,5,2828618,34482
125,74,2828692,34483
13,183,2828875,34484
3399,122,2828997,34485
118,124,2829121,34486
396,21,2829142,34487
866,19,2829161,34488
2094,4,2829165,34489
94,30,2829195,34490
210,17,2829212,34491
130,14,2829226,34492
335,23,2829249,34493
125,143,2829392,34494
384,138,2829530,34495
437,135,2829665,34496
3470,20,2829685,34497
120,165,2829850,34498
174,220,2830070,34499
3830,36,2830106,34500
287,216,2830322,34501
2561,23,2830345,34502
1885,330,2830675,34503
16,42,2830717,34504
372,154,2830871,34505
101,3,2830874,34506
270,85,2830959,34507
11,251,2831210,34508
335,25,2831235,34509
4094,98,2831333,34510
945,985,2832318,34511
113,57,2832375,34512
3728,5,2832380,34513
1399,211,2832591,34514
2031,116,2832707,34515
3325,74,2832781,34516
121,59,2832840,34517
300,51,2832891,34518
393,119,2833010,34519
57,140,2833150,34520
71,141,2833291,34521
1956,127,2833418,34522
121,65,2833483,34523
144,79,2833562,34524
485,79,2833641,34525
406,104,2833745,34526
1602,49,2833794,34527
571,8,2833802,34528
901,14,2833816,34529
561,23,2833839,34530
91,23,2833862,34531
796,59,2833921,34532
193,103,2834024,34533
1373,94,2834118,34534
143,248,2834366,34535
299,45,2834411,34536
130,509,2834920,34537
591,36,2834956,34538
2704,78,2835034,34539
905,54,2835088,34540
208,3,2835091,34541
1728,59,2835150,34542
281,41,2835191,34543
4026,35,2835226,34544
3884,243,2835469,34545
351,45,2835514,34546
164,108,2835622,34547
652,200,2835822,34548
2892,468,2836290,34549
1473,92,2836382,34550
311,12,2836394,34551
318,15,2836409,34552
391,240,2836649,34553
1832,2,2836651,34554
295,234,2836885,34555
3058,53,2836938,34556
3288,75,2837013,34557
152,38,2837051,34558
157,4,2837055,34559
198,30,2837085,34560
394,67,2837152,34561
56,154,2837306,34562
116,125,2837431,34563
2174,115,2837546,34564
3010,47,2837593,34565
582,34,2837627,34566
1649,17,2837644,34567
853,56,2837700,34568
17,57,2837757,34569
20,62,2837819,34570
1610,3,2837822,34571
210,4,2837826,34572
407,21,2837847,34573
321,116,2837963,34574
93,26,2837989,34575
74,42,2838031,34576
2463,6,2838037,34577
717,77,2838114,34578
43,41,2838155,34579
311,198,2838353,34580
291,123,2838476,34581
143,1,2838477,34582
53,40,2838517,34583
119,39,2838556,34584
56,24,2838580,34585
323,80,2838660,34586
75,20,2838680,34587
3516,37,2838717,34588
331,309,2839026,34589
340,153,2839179,34590
163,32,2839211,34591
293,34,2839245,34592
543,170,2839415,34593
84,32,2839447,34594
2569,7,2839454,34595
76,1,2839455,34596
161,27,2839482,34597
94,45,2839527,34598
604,43,2839570,34599
525,43,2839613,34600
266,134,2839747,34601
2879,481,2840228,34602
240,233,2840461,34603
126,68,2840529,34604
1359,113,2840642,34605
3513,15,2840657,34606
546,44,2840701,34607
117,206,2840907,34608
339,99,2841006,34609
748,170,2841176,34610
118,50,2841226,34611
1036,90,2841316,34612
319,79,2841395,34613
70,1,2841396,34614
420,68,2841464,34615
473,230,2841694,34616
415,1,2841695,34617
125,22,2841717,34618
538,37,2841754,34619
406,52,2841806,34620
139,31,2841837,34621
313,5,2841842,34622
261,62,2841904,34623
78,179,2842083,34624
353,65,2842148,34625
93,6,2842154,34626
35,147,2842301,34627
409,149,2842450,34628
186,15,2842465,34629
237,36,2842501,34630
431,88,2842589,34631
9,164,2842753,34632
145,138,2842891,34633
21,96,2842987,34634
3410,105,2843092,34635
229,128,2843220,34636
362,17,2843237,34637
321,164,2843401,34638
141,125,2843526,34639
301,67,2843593,34640
82,105,2843698,34641
139,24,2843722,34642
3534,229,2843951,34643
344,133,2844084,34644
3085,97,2844181,34645
316,32,2844213,34646
1537,37,2844250,34647
555,76,2844326,34648
131,103,2844429,34649
89,24,2844453,34650
110,61,2844514,34651
139,76,2844590,34652
389,147,2844737,34653
77,188,2844925,34654
84,11,2844936,34655
88,197,2845133,34656
3313,95,2845228,34657
3671,205,2845433,34658
1412,28,2845461,34659
3389,111,2845572,34660
387,56,2845628,34661
131,232,2845860,34662
173,201,2846061,34663
41,84,2846145,34664
124,145,2846290,34665
231,52,2846342,34666
447,10,2846352,34667
323,211,2846563,34668
118,45,2846608,34669
585,79,2846687,34670
125,71,2846758,34671
244,244,2847002,34672
197,140,2847142,34673
99,53,2847195,34674
343,9,2847204,34675
38,31,2847235,34676
159,159,2847394,34677
274,99,2847493,34678
217,31,2847524,34679
1231,45,2847569,34680
513,23,2847592,34681
116,211,2847803,34682
146,84,2847887,34683
3608,177,2848064,34684
3203,30,2848094,34685
98,2,2848096,34686
1943,85,2848181,34687
463,160,2848341,34688
88,30,2848371,34689
141,2,2848373,34690
755,157,2848530,34691
272,32,2848562,34692
2248,110,2848672,34693
237,381,2849053,34694
107,50,2849103,34695
261,9,2849112,34696
172,80,2849192,34697
3088,56,2849248,34698
27,72,2849320,34699
1184,35,2849355,34700
3783,32,2849387,34701
74,39,2849426,34702
27,107,2849533,34703
348,57,2849590,34704
1565,264,2849854,34705
82,110,2849964,34706
119,189,2850153,34707
222,331,2850484,34708
777,157,2850641,34709
256,27,2850668,34710
65,320,2850988,34711
386,202,2851190,34712
118,53,2851243,34713
3636,3,2851246,34714
1505,254,2851500,34715
140,52,2851552,34716
535,8,2851560,34717
146,103,2851663,34718
19,48,2851711,34719
182,271,2851982,34720
178,37,2852019,34721
46,77,2852096,34722
2291,85,2852181,34723
115,38,2852219,34724
1524,71,2852290,34725
163,4,2852294,34726
632,162,2852456,34727
1896,248,2852704,34728
451,61,2852765,34729
253,182,2852947,34730
920,106,2853053,34731
108,83,2853136,34732
253,177,2853313,34733
277,49,2853362,34734
76,120,2853482,34735
306,1,2853483,34736
133,56,2853539,34737
387,170,2853709,34738
52,25,2853734,34739
134,33,2853767,34740
262,12,2853779,34741
2917,434,2854213,34742
133,181,2854394,34743
2095,13,2854407,34744
343,50,2854457,34745
2525,195,2854652,34746
408,16,2854668,34747
353,73,2854741,34748
78,36,2854777,34749
431,16,2854793,34750
309,51,2854844,34751
3570,243,2855087,34752
351,7,2855094,34753
306,63,2855157,34754
1068,134,2855291,34755
155,6,2855297,34756
525,24,2855321,34757
455,58,2855379,34758
224,5,2855384,34759
503,24,2855408,34760
348,7,2855415,34761
308,12,2855427,34762
421,40,2855467,34763
29,96,2855563,34764
758,25,2855588,34765
382,55,2855643,34766
384,395,2856038,34767
1395,24,2856062,34768
229,55,2856117,34769
1418,33,2856150,34770
31,175,2856325,34771
16,115,2856440,34772
196,145,2856585,34773
982,68,2856653,34774
562,202,2856855,34775
365,2,2856857,34776
299,15,2856872,34777
3378,59,2856931,34778
524,25,2856956,34779
201,175,2857131,34780
10,95,2857226,34781
141,78,2857304,34782
1146,1,2857305,34783
461,7,2857312,34784
12,181,2857493,34785
1522,195,2857688,34786
152,73,2857761,34787
288,220,2857981,34788
291,74,2858055,34789
20,214,2858269,34790
609,17,2858286,34791
329,105,2858391,34792
498,1,2858392,34793
850,249,2858641,34794
271,4,2858645,34795
2753,143,2858788,34796
62,26,2858814,34797
124,88,2858902,34798
43,135,2859037,34799
270,22,2859059,34800
360,233,2859292,34801
2655,147,2859439,34802
937,312,2859751,34803
88,53,2859804,34804
180,47,2859851,34805
128,245,2860096,34806
87,132,2860228,34807
302,36,2860264,34808
275,160,2860424,34809
158,8,2860432,34810
2027,4,2860436,34811
3383,60,2860496,34812
38,7,2860503,34813
260,104,2860607,34814
109,36,2860643,34815
420,89,2860732,34816
387,51,2860783,34817
347,38,2860821,34818
326,2,2860823,34819
165,129,2860952,34820
3763,40,2860992,34821
391,7,2860999,34822
223,106,2861105,34823
116,3,2861108,34824
19,212,2861320,34825
418,32,2861352,34826
438,89,2861441,34827
445,31,2861472,34828
206,170,2861642,34829
4086,105,2861747,34830
358,34,2861781,34831
193,18,2861799,34832
113,196,2861995,34833
171,2,2861997,34834
143,52,2862049,34835
130,73,2862122,34836
469,152,2862274,34837
53,16,2862290,34838
268,69,2862359,34839
99,39,2862398,34840
11,22,2862420,34841
2406,175,2862595,34842
398,17,2862612,34843
852,257,2862869,34844
195,47,2862916,34845
2952,136,2863052,34846
50,53,2863105,34847
172,10,2863115,34848
144,156,2863271,34849
209,98,2863369,34850
117,86,2863455,34851
566,84,2863539,34852
141,25,2863564,34853
240,92,2863656,34854
173,86,2863742,34855
84,193,2863935,34856
211,93,2864028,34857
630,89,2864117,34858
2755,28,2864145,34859
95,50,2864195,34860
94,32,2864227,34861
9,86,2864313,34862
753,82,2864395,34863
436,63,2864458,34864
125,103,2864561,34865
15,154,2864715,34866
4064,354,2865069,34867
222,256,2865325,34868
1571,33,2865358,34869
106,24,2865382,34870
526,85,2865467,34871
3436,100,2865567,34872
21,322,2865889,34873
867,81,2865970,34874
71,122,2866092,34875
70,102,2866194,34876
434,13,2866207,34877
141,83,2866290,34878
433,4,2866294,34879
88,15,2866309,34880
92,357,2866666,34881
345,31,2866697,34882
23,116,2866813,34883
91,134,2866947,34884
2454,33,2866980,34885
1403,24,2867004,34886
163,109,2867113,34887
351,37,2867150,34888
2021,17,2867167,34889
504,12,2867179,34890
328,51,2867230,34891
10,8,2867238,34892
3295,237,2867475,34893
139,27,2867502,34894
2674,214,2867716,34895
346,89,2867805,34896
18,146,2867951,34897
328,135,2868086,34898
3908,16,2868102,34899
288,53,2868155,34900
2163,3,2868158,34901
68,135,2868293,34902
1216,52,2868345,34903
444,14,2868359,34904
3236,100,2868459,34905
212,118,2868577,34906
123,49,2868626,34907
363,19,2868645,34908
110,171,2868816,34909
2440,39,2868855,34910
117,10,2868865,34911
412,72,2868937,34912
369,30,2868967,34913
321,11,2868978,34914
452,57,2869035,34915
3529,58,2869093,34916
3666,438,2869531,34917
10,167,2869698,34918
120,22,2869720,34919
202,77,2869797,34920
121,81,2869878,34921
1632,44,2869922,34922
11,191,2870113,34923
317,48,2870161,34924
72,59,2870220,34925
140,47,2870267,34926
137,140,2870407,34927
123,47,2870454,34928
302,20,2870474,34929
164,93,2870567,34930
270,20,2870587,34931
377,29,2870616,34932
221,1,2870617,34933
11,52,2870669,34934
11,48,2870717,34935
337,205,2870922,34936
105,47,2870969,34937
3171,13,2870982,34938
115,113,2871095,34939
149,154,2871249,34940
226,10,2871259,34941
3590,7,2871266,34942
14,31,2871297,34943
97,11,2871308,34944
268,37,2871345,34945
855,95,2871440,34946
404,66,2871506,34947
332,19,2871525,34948
248,35,2871560,34949
236,13,2871573,34950
76,21,2871594,34951
3372,134,2871728,34952
138,3,2871731,34953
336,210,2871941,34954
47,25,2871966,34955
361,54,2872020,34956
368,57,2872077,34957
399,67,2872144,34958
143,382,2872526,34959
2835,131,2872657,34960
579,113,2872770,34961
264,186,2872956,34962
183,90,2873046,34963
229,81,2873127,34964
20,147,2873274,34965
60,46,2873320,34966
1332,45,2873365,34967
631,26,2873391,34968
1060,30,2873421,34969
154,201,2873622,34970
221,129,2873751,34971
115,40,2873791,34972
347,14,2873805,34973
955,34,2873839,34974
1354,151,2873990,34975
335,24,2874014,34976
2160,22,2874036,34977
189,133,2874169,34978
796,235,2874404,34979
276,29,2874433,34980
415,27,2874460,34981
145,63,2874523,34982
69,73,2874596,34983
1587,188,2874784,34984
84,255,2875039,34985
15,61,2875100,34986
170,49,2875149,34987
546,47,2875196,34988
157,83,2875279,34989
279,97,2875376,34990
450,1,2875377,34991
94,204,2875581,34992
172,18,2875599,34993
254,6,2875605,34994
326,36,2875641,34995
170,90,2875731,34996
143,29,2875760,34997
148,171,2875931,34998
147,25,2875956,34999
268,18,2875974,35000
28,10,2875984,35001
1233,65,2876049,35002
428,19,2876068,35003
144,21,2876089,35004
551,45,2876134,35005
2971,418,2876552,35006
11,171,2876723,35007
149,24,2876747,35008
444,22,2876769,35009
106,75,2876844,35010
830,34,2876878,35011
260,8,2876886,35012
95,9,2876895,35013
118,18,2876913,35014
1320,14,2876927,35015
1320,100,2877027,35016
246,114,2877141,35017
31,90,2877231,35018
309,27,2877258,35019
348,291,2877549,35020
444,181,2877730,35021
203,25,2877755,35022
1975,169,2877924,35023
13,13,2877937,35024
10,12,2877949,35025
445,18,2877967,35026
388,20,2877987,35027
153,195,2878182,35028
318,66,2878248,35029
3903,26,2878274,35030
138,11,2878285,35031
325,33,2878318,35032
129,80,2878398,35033
116,39,2878437,35034
429,53,2878490,35035
3079,74,2878564,35036
734,41,2878605,35037
2457,32,2878637,35038
226,9,2878646,35039
311,127,2878773,35040
3991,62,2878835,35041
87,25,2878860,35042
2995,187,2879047,35043
621,155,2879202,35044
66,27,2879229,35045
48,35,2879264,35046
3127,90,2879354,35047
10,73,2879427,35048
10,304,2879731,35049
3709,245,2879976,35050
90,202,2880178,35051
326,64,2880242,35052
94,180,2880422,35053
590,9,2880431,35054
593,189,2880620,35055
339,117,2880737,35056
12,5,2880742,35057
375,5,2880747,35058
376,164,2880911,35059
2055,64,2880975,35060
3109,41,2881016,35061
405,11,2881027,35062
322,41,2881068,35063
87,400,2881468,35064
1088,96,2881564,35065
83,48,2881612,35066
476,117,2881729,35067
274,83,2881812,35068
454,104,2881916,35069
212,1,2881917,35070
1285,229,2882146,35071
368,17,2882163,35072
143,32,2882195,35073
1171,60,2882255,35074
330,207,2882462,35075
110,18,2882480,35076
586,4,2882484,35077
3312,328,2882812,35078
314,91,2882903,35079
3061,102,2883005,35080
1400,150,2883155,35081
3419,208,2883363,35082
10,33,2883396,35083
326,53,2883449,35084
93,105,2883554,35085
160,155,2883709,35086
105,14,2883723,35087
2949,41,2883764,35088
440,26,2883790,35089
175,65,2883855,35090
298,131,2883986,35091
265,44,2884030,35092
3733,22,2884052,35093
315,8,2884060,35094
2012,19,2884079,35095
95,55,2884134,35096
452,149,2884283,35097
97,27,2884310,35098
4074,42,2884352,35099
30,20,2884372,35100
298,279,2884651,35101
107,45,2884696,35102
1949,90,2884786,35103
134,73,2884859,35104
208,201,2885060,35105
338,23,2885083,35106
392,21,2885104,35107
216,146,2885250,35108
111,183,2885433,35109
275,4,2885437,35110
374,23,2885460,35111
303,73,2885533,35112
242,67,2885600,35113
723,127,2885727,35114
3578,166,2885893,35115
1909,56,2885949,35116
9,160,2886109,35117
16,73,2886182,35118
12,6,2886188,35119
103,34,2886222,35120
255,82,2886304,35121
317,20,2886324,35122
283,27,2886351,35123
77,30,2886381,35124
32,14,2886395,35125
399,415,2886810,35126
55,12,2886822,35127
1016,40,2886862,35128
354,18,2886880,35129
36,147,2887027,35130
901,178,2887205,35131
450,242,2887447,35132
4089,81,2887528,35133
368,35,2887563,35134
235,61,2887624,35135
53,26,2887650,35136
900,5,2887655,35137
1884,112,2887767,35138
1354,71,2887838,35139
2583,97,2887935,35140
318,3,2887938,35141
3581,65,2888003,35142
113,74,2888077,35143
9,65,2888142,35144
340,69,2888211,35145
1989,31,2888242,35146
1349,186,2888428,35147
261,4,2888432,35148
321,58,2888490,35149
308,29,2888519,35150
465,112,2888631,35151
273,72,2888703,35152
124,182,2888885,35153
364,7,2888892,35154
10,324,2889216,35155
1128,147,2889363,35156
337,46,2889409,35157
2378,166,2889575,35158
191,192,2889767,35159
2002,342,2890109,35160
1589,69,2890178,35161
3148,75,2890253,35162
178,135,2890388,35163
319,108,2890496,35164
2915,60,2890556,35165
1273,100,2890656,35166
478,10,2890666,35167
225,13,2890679,35168
2325,161,2890840,35169
132,51,2890891,35170
230,22,2890913,35171
158,48,2890961,35172
445,3,2890964,35173
327,82,2891046,35174
206,54,2891100,35175
272,33,2891133,35176
12,71,2891204,35177
112,92,2891296,35178
4046,33,2891329,35179
392,191,2891520,35180
104,69,2891589,35181
1449,125,2891714,35182
322,54,2891768,35183
111,48,2891816,35184
151,134,2891950,35185
457,71,2892021,35186
981,30,2892051,35187
2459,6,2892057,35188
342,19,2892076,35189
167,72,2892148,35190
336,99,2892247,35191
407,22,2892269,35192
65,104,2892373,35193
113,11,2892384,35194
406,17,2892401,35195
288,3,2892404,35196
281,46,2892450,35197
333,20,2892470,35198
2584,18,2892488,35199
227,42,2892530,35200
415,11,2892541,35201
277,215,2892756,35202
85,131,2892887,35203
337,68,2892955,35204
381,148,2893103,35205
369,27,2893130,35206
310,14,2893144,35207
264,35,2893179,35208
252,139,2893318,35209
36,19,2893337,35210
1953,138,2893475,35211
175,32,2893507,35212
79,57,2893564,35213
15,3,2893567,35214
15,85,2893652,35215
431,201,2893853,35216
3641,119,2893972,35217
38,8,2893980,35218
90,15,2893995,35219
194,66,2894061,35220
1429,3,2894064,35221
306,26,2894090,35222
2228,14,2894104,35223
107,53,2894157,35224
12,235,2894392,35225
258,41,2894433,35226
133,92,2894525,35227
423,398,2894923,35228
168,9,2894932,35229
3021,121,2895053,35230
113,13,2895066,35231
2373,91,2895157,35232
1964,226,2895383,35233
65,42,2895425,35234
325,96,2895521,35235
402,98,2895619,35236
330,39,2895658,35237
154,32,2895690,35238
655,27,2895717,35239
116,56,2895773,35240
3966,145,2895918,35241
95,420,2896338,35242
425,108,2896446,35243
203,93,2896539,35244
108,6,2896545,35245
342,109,2896654,35246
103,282,2896936,35247
80,35,2896971,35248
90,66,2897037,35249
3054,334,2897371,35250
148,25,2897396,35251
410,191,2897587,35252
2839,1,2897588,35253
100,19,2897607,35254
80,97,2897704,35255
258,134,2897838,35256
78,109,2897947,35257
86,69,2898016,35258
904,172,2898188,35259
401,163,2898351,35260
211,11,2898362,35261
87,58,2898420,35262
2295,63,2898483,35263
337,258,2898741,35264
230,38,2898779,35265
2715,123,2898902,35266
283,36,2898938,35267
108,266,2899204,35268
461,78,2899282,35269
122,4,2899286,35270
2514,89,2899375,35271
100,141,2899516,35272
34,38,2899554,35273
231,41,2899595,35274
93,151,2899746,35275
131,12,2899758,35276
218,22,2899780,35277
211,117,2899897,35278
34,176,2900073,35279
84,164,2900237,35280
2051,11,2900248,35281
262,64,2900312,35282
3791,179,2900491,35283
386,77,2900568,35284
218,81,2900649,35285
2436,344,2900993,35286
132,76,2901069,35287
3049,56,2901125,35288
223,40,2901165,35289
694,39,2901204,35290
248,14,2901218,35291
1838,66,2901284,35292
937,239,2901523,35293
404,11,2901534,35294
144,100,2901634,35295
61,78,2901712,35296
114,150,2901862,35297
3309,184,2902046,35298
153,111,2902157,35299
349,132,2902289,35300
174,80,2902369,35301
1492,119,2902488,35302
139,246,2902734,35303
165,46,2902780,35304
69,129,2902909,35305
2575,150,2903059,35306
228,156,2903215,35307
279,9,2903224,35308
123,23,2903247,35309
1053,38,2903285,35310
243,35,2903320,35311
10,46,2903366,35312
356,81,2903447,35313
191,180,2903627,35314
349,19,2903646,35315
1858,37,2903683,35316
3471,84,2903767,35317
223,20,2903787,35318
31,27,2903814,35319
185,7,2903821,35320
126,176,2903997,35321
345,14,2904011,35322
166,19,2904030,35323
14,186,2904216,35324
109,5,2904221,35325
3570,86,2904307,35326
33,226,2904533,35327
1213,84,2904617,35328
143,158,2904775,35329
154,135,2904910,35330
156,41,2904951,35331
501,16,2904967,35332
579,47,2905014,35333
170,142,2905156,35334
590,182,2905338,35335
2210,123,2905461,35336
2094,140,2905601,35337
238,235,2905836,35338
1678,82,2905918,35339
263,149,2906067,35340
101,2,2906069,35341
72,10,2906079,35342
2251,12,2906091,35343
153,26,2906117,35344
3298,81,2906198,35345
262,84,2906282,35346
169,195,2906477,35347
2706,15,2906492,35348
119,50,2906542,35349
334,406,2906948,35350
3400,15,2906963,35351
117,23,2906986,35352
36,72,2907058,35353
456,4,2907062,35354
135,111,2907173,35355
4047,4,2907177,35356
2180,117,2907294,35357
270,49,2907343,35358
47,189,2907532,35359
106,74,2907606,35360
220,55,2907661,35361
91,1,2907662,35362
274,9,2907671,35363
743,84,2907755,35364
12,94,2907849,35365
440,220,2908069,35366
49,99,2908168,35367
1683,9,2908177,35368
141,101,2908278,35369
67,67,2908345,35370
47,115,2908460,35371
11,30,2908490,35372
444,150,2908640,35373
45,5,2908645,35374
389,1,2908646,35375
1251,44,2908690,35376
223,30,2908720,35377
110,164,2908884,35378
171,240,2909124,35379
121,67,2909191,35380
1798,9,2909200,35381
12,114,2909314,35382
677,168,2909482,35383
293,39,2909521,35384
17,84,2909605,35385
1932,75,2909680,35386
447,21,2909701,35387
35,103,2909804,35388
311,85,2909889,35389
142,112,2910001,35390
335,80,2910081,35391
41,51,2910132,35392
148,12,2910144,35393
122,77,2910221,35394
256,81,2910302,35395
1999,170,2910472,35396
2337,30,2910502,35397
521,77,2910579,35398
458,120,2910699,35399
70,4,2910703,35400
310,31,2910734,35401
23,144,2910878,35402
342,106,2910984,35403
123,4,2910988,35404
138,15,2911003,35405
285,176,2911179,35406
68,30,2911209,35407
3940,39,2911248,35408
380,69,2911317,35409
982,2,2911319,35410
104,87,2911406,35411
69,101,2911507,35412
612,66,2911573,35413
309,18,2911591,35414
326,34,2911625,35415
330,118,2911743,35416
392,17,2911760,35417
139,106,2911866,35418
3537,70,2911936,35419
100,12,2911948,35420
167,1,2911949,35421
2967,47,2911996,35422
2068,46,2912042,35423
263,84,2912126,35424
715,82,2912208,35425
12,47,2912255,35426
36,4,2912259,35427
707,101,2912360,35428
302,33,2912393,35429
254,107,2912500,35430
114,168,2912668,35431
304,133,2912801,35432
487,193,2912994,35433
1510,12,2913006,35434
338,66,2913072,35435
282,656,2913728,35436
13,19,2913747,35437
221,37,2913784,35438
98,178,2913962,35439
2987,320,2914282,35440
2811,163,2914445,35441
246,53,2914498,35442
742,20,2914518,35443
101,18,2914536,35444
112,39,2914575,35445
1133,50,2914625,35446
3629,81,2914706,35447
24,196,2914902,35448
127,66,2914968,35449
128,331,2915299,35450
254,63,2915362,35451
284,39,2915401,35452
314,20,2915421,35453
204,173,2915594,35454
158,2,2915596,35455
445,1,2915597,35456
1666,17,2915614,35457
502,92,2915706,35458
2495,16,2915722,35459
3961,65,2915787,35460
65,144,2915931,35461
162,135,2916066,35462
366,60,2916126,35463
743,18,2916144,35464
180,16,2916160,35465
1321,45,2916205,35466
75,89,2916294,35467
154,9,2916303,35468
228,44,2916347,35469
157,215,2916562,35470
127,26,2916588,35471
236,27,2916615,35472
175,85,2916700,35473
444,76,2916776,35474
22,7,2916783,35475
268,138,2916921,35476
1898,214,2917135,35477
3843,56,2917191,35478
56,5,2917196,35479
510,201,2917397,35480
140,97,2917494,35481
197,72,2917566,35482
225,96,2917662,35483
598,188,2917850,35484
83,237,2918087,35485
127,53,2918140,35486
304,110,2918250,35487
179,16,2918266,35488
309,14,2918280,35489
131,20,2918300,35490
247,42,2918342,35491
3253,11,2918353,35492
232,65,2918418,35493
1377,199,2918617,35494
249,140,2918757,35495
176,73,2918830,35496
213,90,2918920,35497
1357,5,2918925,35498
547,159,2919084,35499
121,152,2919236,35500
3343,316,2919552,35501
2420,83,2919635,35502
198,212,2919847,35503
217,49,2919896,35504
1605,39,2919935,35505
289,15,2919950,35506
316,46,2919996,35507
386,63,2920059,35508
3463,16,2920075,35509
2449,27,2920102,35510
302,71,2920173,35511
96,54,2920227,35512
71,3,2920230,35513
2042,178,2920408,35514
269,30,2920438,35515
394,161,2920599,35516
184,9,2920608,35517
22,49,2920657,35518
670,25,2920682,35519
3580,255,2920937,35520
421,50,2920987,35521
2178,16,2921003,35522
109,35,2921038,35523
72,17,2921055,35524
1572,105,2921160,35525
113,61,2921221,35526
564,94,2921315,35527
409,32,2921347,35528
1807,15,2921362,35529
257,29,2921391,35530
130,55,2921446,35531
135,25,2921471,35532
818,34,2921505,35533
3318,113,2921618,35534
117,82,2921700,35535
827,19,2921719,35536
240,100,2921819,35537
3780,150,2921969,35538
3530,50,2922019,35539
602,52,2922071,35540
3713,166,2922237,35541
274,157,2922394,35542
44,41,2922435,35543
45,3,2922438,35544
13,87,2922525,35545
3601,78,2922603,35546
324,604,2923207,35547
340,24,2923231,35548
81,186,2923417,35549
116,56,2923473,35550
3483,46,2923519,35551
260,134,2923653,35552
168,126,2923779,35553
16,25,2923804,35554
100,39,2923843,35555
338,16,2923859,35556
1864,134,2923993,35557
347,89,2924082,35558
73,28,2924110,35559
316,66,2924176,35560
135,37,2924213,35561
61,9,2924222,35562
331,188,2924410,35563
80,51,2924461,35564
1318,76,2924537,35565
3136,68,2924605,35566
57,159,2924764,35567
244,64,2924828,35568
143,29,2924857,35569
433,3,2924860,35570
3368,119,2924979,35571
138,119,2925098,35572
310,33,2925131,35573
212,46,2925177,35574
171,69,2925246,35575
24,32,2925278,35576
358,73,2925351,35577
111,41,2925392,35578
1433,1,2925393,35579
1734,151,2925544,35580
353,16,2925560,35581
76,84,2925644,35582
84,12,2925656,35583
260,8,2925664,35584
11,24,2925688,35585
330,70,2925758,35586
139,2,2925760,35587
905,86,2925846,35588
1863,64,2925910,35589
24,22,2925932,35590
192,20,2925952,35591
105,124,2926076,35592
2273,160,2926236,35593
118,81,2926317,35594
132,359,2926676,35595
319,66,2926742,35596
376,52,2926794,35597
978,200,2926994,35598
117,53,2927047,35599
205,131,2927178,35600
1895,25,2927203,35601
403,182,2927385,35602
128,172,2927557,35603
72,117,2927674,35604
9,175,2927849,35605
2347,114,2927963,35606
3935,11,2927974,35607
35,128,2928102,35608
312,90,2928192,35609
2304,115,2928307,35610
128,48,2928355,35611
53,7,2928362,35612
312,202,2928564,35613
290,48,2928612,35614
141,203,2928815,35615
203,18,2928833,35616
45,65,2928898,35617
181,323,2929221,35618
282,87,2929308,35619
16,31,2929339,35620
121,111,2929450,35621
459,72,2929522,35622
229,76,2929598,35623
137,143,2929741,35624
329,22,2929763,35625
134,76,2929839,35626
2755,13,2929852,35627
180,37,2929889,35628
433,151,2930040,35629
97,60,2930100,35630
453,380,2930480,35631
981,57,2930537,35632
140,44,2930581,35633
3187,83,2930664,35634
3189,44,2930708,35635
1863,2,2930710,35636
47,156,2930866,35637
284,193,2931059,35638
139,56,2931115,35639
345,63,2931178,35640
12,157,2931335,35641
11,90,2931425,35642
316,37,2931462,35643
3475,23,2931485,35644
148,36,2931521,35645
581,38,2931559,35646
273,26,2931585,35647
44,52,2931637,35648
125,32,2931669,35649
304,7,2931676,35650
410,46,2931722,35651
936,175,2931897,35652
43,44,2931941,35653
283,46,2931987,35654
152,59,2932046,35655
302,152,2932198,35656
220,42,2932240,35657
85,92,2932332,35658
1450,2,2932334,35659
101,32,2932366,35660
3990,22,2932388,35661
43,2,2932390,35662
450,169,2932559,35663
221,124,2932683,35664
111,2,2932685,35665
118,47,2932732,35666
207,201,2932933,35667
3182,338,2933271,35668
2219,75,2933346,35669
178,52,2933398,35670
18,14,2933412,35671
93,86,2933498,35672
213,87,2933585,35673
861,36,2933621,35674
424,73,2933694,35675
145,16,2933710,35676
22,73,2933783,35677
10,97,2933880,35678
122,132,2934012,35679
354,35,2934047,35680
129,148,2934195,35681
433,16,2934211,35682
12,86,2934297,35683
130,5,2934302,35684
357,99,2934401,35685
119,12,2934413,35686
118,32,2934445,35687
25,55,2934500,35688
76,199,2934699,35689
375,29,2934728,35690
53,4,2934732,35691
23,59,2934791,35692
359,85,2934876,35693
151,169,2935045,35694
3536,308,2935353,35695
118,9,2935362,35696
2104,18,2935380,35697
26,116,2935496,35698
2919,24,2935520,35699
252,19,2935539,35700
128,6,2935545,35701
299,38,2935583,35702
75,158,2935741,35703
24,100,2935841,35704
183,43,2935884,35705
250,107,2935991,35706
172,25,2936016,35707
322,37,2936053,35708
329,13,2936066,35709
14,14,2936080,35710
303,106,2936186,35711
1606,67,2936253,35712
115,37,2936290,35713
293,30,2936320,35714
129,147,2936467,35715
2126,31,2936498,35716
2552,26,2936524,35717
778,21,2936545,35718
2905,97,2936642,35719
200,73,2936715,35720
398,10,2936725,35721
281,72,2936797,35722
11,71,2936868,35723
58,37,2936905,35724
496,58,2936963,35725
90,16,2936979,35726
2297,1,2936980,35727
477,9,2936989,35728
347,144,2937133,35729
153,91,2937224,35730
13,180,2937404,35731
1880,109,2937513,35732
255,55,2937568,35733
332,46,2937614,35734
259,77,2937691,35735
19,50,2937741,35736
456,20,2937761,35737
127,41,2937802,35738
333,4,2937806,35739
300,27,2937833,35740
9,94,2937927,35741
307,26,2937953,35742
746,11,2937964,35743
279,29,2937993,35744
152,40,2938033,35745
257,145,2938178,35746
453,44,2938222,35747
135,57,2938279,35748
82,42,2938321,35749
643,76,2938397,35750
3886,91,2938488,35751
162,37,2938525,35752
328,100,2938625,35753
125,19,2938644,35754
44,28,2938672,35755
3921,29,2938701,35756
461,45,2938746,35757
533,3,2938749,35758
143,24,2938773,35759
175,5,2938778,35760
115,75,2938853,35761
379,246,2939099,35762
131,102,2939201,35763
186,33,2939234,35764
345,526,2939760,35765
352,87,2939847,35766
122,107,2939954,35767
271,49,2940003,35768
240,133,2940136,35769
534,110,2940246,35770
182,137,2940383,35771
415,4,2940387,35772
1690,8,2940395,35773
435,32,2940427,35774
438,94,2940521,35775
456,77,2940598,35776
802,32,2940630,35777
14,22,2940652,35778
751,142,2940794,35779
1107,24,2940818,35780
347,5,2940823,35781
185,37,2940860,35782
737,108,2940968,35783
292,6,2940974,35784
190,115,2941089,35785
52,10,2941099,35786
184,21,2941120,35787
4002,15,2941135,35788
35,21,2941156,35789
582,51,2941207,35790
297,275,2941482,35791
3653,226,2941708,35792
2901,18,2941726,35793
139,99,2941825,35794
244,213,2942038,35795
407,44,2942082,35796
129,1,2942083,35797
692,41,2942124,35798
362,120,2942244,35799
107,63,2942307,35800
217,65,2942372,35801
319,15,2942387,35802
208,70,2942457,35803
89,222,2942679,35804
177,253,2942932,35805
263,303,2943235,35806
134,35,2943270,35807
2073,34,2943304,35808
145,40,2943344,35809
766,51,2943395,35810
213,138,2943533,35811
3894,4,2943537,35812
12,114,2943651,35813
334,27,2943678,35814
275,65,2943743,35815
296,31,2943774,35816
448,44,2943818,35817
227,79,2943897,35818
283,39,2943936,35819
215,79,2944015,35820
1273,59,2944074,35821
9,47,2944121,35822
168,103,2944224,35823
484,66,2944290,35824
179,348,2944638,35825
290,16,2944654,35826
45,24,2944678,35827
630,35,2944713,35828
870,13,2944726,35829
50,9,2944735,35830
4081,146,2944881,35831
128,18,2944899,35832
643,15,2944914,35833
318,109,2945023,35834
290,239,2945262,35835
262,43,2945305,35836
78,30,2945335,35837
785,41,2945376,35838
149,70,2945446,35839
142,13,2945459,35840
372,15,2945474,35841
109,130,2945604,35842
134,70,2945674,35843
3428,190,2945864,35844
316,58,2945922,35845
270,87,2946009,35846
2426,62,2946071,35847
269,101,2946172,35848
152,99,2946271,35849
62,16,2946287,35850
27,37,2946324,35851
1437,11,2946335,35852
314,174,2946509,35853
399,81,2946590,35854
1585,14,2946604,35855
1242,30,2946634,35856
15,86,2946720,35857
671,2,2946722,35858
56,1,2946723,35859
333,46,2946769,35860
3783,148,2946917,35861
443,12,2946929,35862
274,6,2946935,35863
675,7,2946942,35864
325,40,2946982,35865
139,28,2947010,35866
13,104,2947114,35867
145,166,2947280,35868
404,198,2947478,35869
3612,215,2947693,35870
437,51,2947744,35871
135,300,2948044,35872
150,103,2948147,35873
93,281,2948428,35874
3587,24,2948452,35875
316,18,2948470,35876
365,25,2948495,35877
274,29,2948524,35878
540,36,2948560,35879
491,66,2948626,35880
157,42,2948668,35881
343,18,2948686,35882
33,144,2948830,35883
88,267,2949097,35884
11,76,2949173,35885
18,397,2949570,35886
239,6,2949576,35887
320,486,2950062,35888
11,233,2950295,35889
79,221,2950516,35890
225,60,2950576,35891
285,100,2950676,35892
546,299,2950975,35893
119,235,2951210,35894
156,18,2951228,35895
992,146,2951374,35896
25,38,2951412,35897
209,102,2951514,35898
2099,239,2951753,35899
435,85,2951838,35900
1429,37,2951875,35901
2746,184,2952059,35902
352,42,2952101,35903
367,74,2952175,35904
174,13,2952188,35905
3228,180,2952368,35906
2882,26,2952394,35907
263,62,2952456,35908
2210,39,2952495,35909
137,265,2952760,35910
593,70,2952830,35911
345,51,2952881,35912
78,221,2953102,35913
52,2,2953104,35914
2287,18,2953122,35915
1009,59,2953181,35916
296,27,2953208,35917
448,48,2953256,35918
218,6,2953262,35919
390,137,2953399,35920
443,53,2953452,35921
3519,453,2953905,35922
333,27,2953932,35923
151,161,2954093,35924
4066,66,2954159,35925
237,50,2954209,35926
233,148,2954357,35927
381,146,2954503,35928
430,137,2954640,35929
3183,170,2954810,35930
1100,68,2954878,35931
387,37,2954915,35932
3701,361,2955276,35933
182,53,2955329,35934
1279,17,2955346,35935
50,175,2955521,35936
487,57,2955578,35937
34,40,2955618,35938
269,121,2955739,35939
45,39,2955778,35940
3124,441,2956219,35941
62,19,2956238,35942
212,84,2956322,35943
71,144,2956466,35944
3916,8,2956474,35945
155,17,2956491,35946
3387,42,2956533,35947
53,18,2956551,35948
26,1,2956552,35949
185,45,2956597,35950
146,34,2956631,35951
97,25,2956656,35952
1463,53,2956709,35953
410,103,2956812,35954
175,29,2956841,35955
32,21,2956862,35956
2967,97,2956959,35957
2998,67,2957026,35958
463,25,2957051,35959
21,86,2957137,35960
2163,20,2957157,35961
306,14,2957171,35962
20,114,2957285,35963
79,41,2957326,35964
371,170,2957496,35965
2065,61,2957557,35966
510,164,2957721,35967
3701,44,2957765,35968
3562,95,2957860,35969
196,54,2957914,35970
134,32,2957946,35971
1561,73,2958019,35972
473,36,2958055,35973
410,51,2958106,35974
73,124,2958230,35975
1935,23,2958253,35976
183,159,2958412,35977
3887,105,2958517,35978
83,117,2958634,35979
206,120,2958754,35980
236,65,2958819,35981
560,103,2958922,35982
290,220,2959142,35983
146,205,2959347,35984
167,36,2959383,35985
20,76,2959459,35986
664,11,2959470,35987
419,15,2959485,35988
413,200,2959685,35989
87,227,2959912,35990
3443,87,2959999,35991
18,43,2960042,35992
297,43,2960085,35993
20,40,2960125,35994
383,274,2960399,35995
2689,45,2960444,35996
451,75,2960519,35997
844,119,2960638,35998
137,96,2960734,35999
70,69,2960803,36000
31,41,2960844,36001
153,69,2960913,36002
151,60,2960973,36003
540,29,2961002,36004
458,16,2961018,36005
3934,17,2961035,36006
419,25,2961060,36007
122,250,2961310,36008
154,154,2961464,36009
130,34,2961498,36010
14,78,2961576,36011
1538,6,2961582,36012
439,185,2961767,36013
326,1,2961768,36014
58,46,2961814,36015
131,34,2961848,36016
14,181,2962029,36017
23,29,2962058,36018
178,153,2962211,36019
128,105,2962316,36020
389,464,2962780,36021
226,119,2962899,36022
163,59,2962958,36023
308,70,2963028,36024
298,1,2963029,36025
287,20,2963049,36026
65,112,2963161,36027
2783,66,2963227,36028
565,6,2963233,36029
352,65,2963298,36030
805,115,2963413,36031
10,82,2963495,36032
422,78,2963573,36033
1063,77,2963650,36034
279,72,2963722,36035
1665,238,2963960,36036
156,12,2963972,36037
292,110,2964082,36038
26,27,2964109,36039
2243,27,2964136,36040
355,97,2964233,36041
499,14,2964247,36042
211,44,2964291,36043
102,77,2964368,36044
14,40,2964408,36045
255,19,2964427,36046
230,65,2964492,36047
1080,55,2964547,36048
376,7,2964554,36049
325,47,2964601,36050
1075,49,2964650,36051
438,20,2964670,36052
24,305,2964975,36053
14,46,2965021,36054
3946,394,2965415,36055
453,39,2965454,36056
69,108,2965562,36057
183,219,2965781,36058
315,174,2965955,36059
562,98,2966053,36060
365,19,2966072,36061
9,10,2966082,36062
131,116,2966198,36063
287,118,2966316,36064
154,46,2966362,36065
29,40,2966402,36066
208,101,2966503,36067
150,37,2966540,36068
14,31,2966571,36069
69,52,2966623,36070
361,128,2966751,36071
1541,41,2966792,36072
169,145,2966937,36073
136,104,2967041,36074
27,3,2967044,36075
361,103,2967147,36076
337,66,2967213,36077
3117,104,2967317,36078
47,4,2967321,36079
2114,118,2967439,36080
123,129,2967568,36081
35,55,2967623,36082
786,74,2967697,36083
735,156,2967853,36084
13,16,2967869,36085
235,17,2967886,36086
200,169,2968055,36087
371,12,2968067,36088
800,174,2968241,36089
458,28,2968269,36090
137,98,2968367,36091
1402,62,2968429,36092
215,4,2968433,36093
137,255,2968688,36094
1478,112,2968800,36095
586,91,2968891,36096
1116,163,2969054,36097
326,8,2969062,36098
144,88,2969150,36099
201,67,2969217,36100
416,17,2969234,36101
378,1,2969235,36102
197,315,2969550,36103
2621,323,2969873,36104
121,186,2970059,36105
149,47,2970106,36106
359,56,2970162,36107
769,492,2970654,36108
91,39,2970693,36109
2730,64,2970757,36110
2449,132,2970889,36111
243,201,2971090,36112
214,65,2971155,36113
120,42,2971197,36114
77,131,2971328,36115
283,48,2971376,36116
69,237,2971613,36117
16,47,2971660,36118
210,31,2971691,36119
120,36,2971727,36120
439,53,2971780,36121
393,59,2971839,36122
3934,142,2971981,36123
17,11,2971992,36124
10,24,2972016,36125
1877,70,2972086,36126
202,77,2972163,36127
73,65,2972228,36128
223,193,2972421,36129
124,33,2972454,36130
3304,46,2972500,36131
51,31,2972531,36132
256,26,2972557,36133
325,55,2972612,36134
3184,251,2972863,36135
457,45,2972908,36136
138,63,2972971,36137
52,13,2972984,36138
160,44,2973028,36139
1822,73,2973101,36140
111,231,2973332,36141
1688,20,2973352,36142
866,3,2973355,36143
132,15,2973370,36144
163,67,2973437,36145
526,15,2973452,36146
353,47,2973499,36147
265,151,2973650,36148
3528,16,2973666,36149
3138,143,2973809,36150
125,34,2973843,36151
271,39,2973882,36152
144,9,2973891,36153
452,50,2973941,36154
151,114,2974055,36155
130,52,2974107,36156
161,138,2974245,36157
119,6,2974251,36158
331,74,2974325,36159
3337,54,2974379,36160
295,3,2974382,36161
457,41,2974423,36162
1253,21,2974444,36163
879,57,2974501,36164
10,7,2974508,36165
355,114,2974622,36166
293,118,2974740,36167
146,32,2974772,36168
149,21,2974793,36169
215,286,2975079,36170
627,45,2975124,36171
83,88,2975212,36172
352,5,2975217,36173
83,149,2975366,36174
107,21,2975387,36175
778,45,2975432,36176
16,34,2975466,36177
1070,44,2975510,36178
360,215,2975725,36179
316,308,2976033,36180
58,8,2976041,36181
192,63,2976104,36182
379,487,2976591,36183
255,70,2976661,36184
382,139,2976800,36185
153,154,2976954,36186
14,492,2977446,36187
183,210,2977656,36188
245,1,2977657,36189
3109,13,2977670,36190
310,14,2977684,36191
135,7,2977691,36192
217,210,2977901,36193
207,61,2977962,36194
449,42,2978004,36195
3796,24,2978028,36196
336,3,2978031,36197
195,16,2978047,36198
255,1,2978048,36199
131,102,2978150,36200
2537,16,2978166,36201
125,107,2978273,36202
184,146,2978419,36203
144,20,2978439,36204
192,66,2978505,36205
447,9,2978514,36206
78,45,2978559,36207
277,116,2978675,36208
3513,14,2978689,36209
249,19,2978708,36210
380,10,2978718,36211
3800,2,2978720,36212
27,114,2978834,36213
479,11,2978845,36214
191,29,2978874,36215
270,1,2978875,36216
136,51,2978926,36217
406,15,2978941,36218
177,54,2978995,36219
2934,15,2979010,36220
322,130,2979140,36221
257,20,2979160,36222
591,7,2979167,36223
272,133,2979300,36224
21,110,2979410,36225
566,67,2979477,36226
119,28,2979505,36227
174,48,2979553,36228
156,37,2979590,36229
52,37,2979627,36230
132,50,2979677,36231
1473,16,2979693,36232
11,191,2979884,36233
186,50,2979934,36234
201,18,2979952,36235
3023,5,2979957,36236
912,42,2979999,36237
120,223,2980222,36238
140,20,2980242,36239
26,57,2980299,36240
152,2,2980301,36241
2780,14,2980315,36242
23,36,2980351,36243
34,44,2980395,36244
3062,152,2980547,36245
152,177,2980724,36246
183,13,2980737,36247
353,2,2980739,36248
157,85,2980824,36249
14,91,2980915,36250
174,10,2980925,36251
129,45,2980970,36252
9,32,2981002,36253
2551,4,2981006,36254
373,41,2981047,36255
486,16,2981063,36256
798,17,2981080,36257
307,100,2981180,36258
259,98,2981278,36259
126,385,2981663,36260
265,132,2981795,36261
84,1,2981796,36262
287,92,2981888,36263
223,97,2981985,36264
21,11,2981996,36265
2674,311,2982307,36266
164,2,2982309,36267
13,9,2982318,36268
104,47,2982365,36269
59,54,2982419,36270
133,97,2982516,36271
134,218,2982734,36272
143,5,2982739,36273
2847,54,2982793,36274
10,15,2982808,36275
3301,34,2982842,36276
260,8,2982850,36277
204,6,2982856,36278
64,40,2982896,36279
122,177,2983073,36280
502,326,2983399,36281
3736,67,2983466,36282
642,95,2983561,36283
85,10,2983571,36284
3006,47,2983618,36285
306,61,2983679,36286
231,6,2983685,36287
81,64,2983749,36288
126,260,2984009,36289
89,112,2984121,36290
13,10,2984131,36291
286,205,2984336,36292
1585,23,2984359,36293
104,343,2984702,36294
267,99,2984801,36295
1099,20,2984821,36296
3807,89,2984910,36297
215,18,2984928,36298
187,27,2984955,36299
219,26,2984981,36300
119,699,2985680,36301
17,98,2985778,36302
2787,12,2985790,36303
25,130,2985920,36304
1985,11,2985931,36305
269,54,2985985,36306
111,40,2986025,36307
142,159,2986184,36308
2987,26,2986210,36309
2739,17,2986227,36310
380,51,2986278,36311
62,15,2986293,36312
412,139,2986432,36313
110,2,2986434,36314
292,57,2986491,36315
134,6,2986497,36316
308,19,2986516,36317
155,129,2986645,36318
104,138,2986783,36319
2978,112,2986895,36320
133,5,2986900,36321
332,76,2986976,36322
2890,143,2987119,36323
38,71,2987190,36324
2489,3,2987193,36325
191,135,2987328,36326
3012,102,2987430,36327
13,3,2987433,36328
292,132,2987565,36329
525,105,2987670,36330
1788,103,2987773,36331
15,18,2987791,36332
2437,43,2987834,36333
275,5,2987839,36334
401,12,2987851,36335
667,110,2987961,36336
89,11,2987972,36337
3228,266,2988238,36338
313,80,2988318,36339
17,67,2988385,36340
125,57,2988442,36341
371,13,2988455,36342
192,9,2988464,36343
105,113,2988577,36344
580,638,2989215,36345
2696,23,2989238,36346
149,4,2989242,36347
127,38,2989280,36348
296,245,2989525,36349
129,72,2989597,36350
1588,193,2989790,36351
189,21,2989811,36352
1054,72,2989883,36353
177,147,2990030,36354
499,499,2990529,36355
273,14,2990543,36356
1720,14,2990557,36357
177,89,2990646,36358
280,12,2990658,36359
47,41,2990699,36360
445,8,2990707,36361
231,289,2990996,36362
3680,102,2991098,36363
671,20,2991118,36364
1743,40,2991158,36365
114,95,2991253,36366
95,109,2991362,36367
144,88,2991450,36368
14,27,2991477,36369
306,4,2991481,36370
362,57,2991538,36371
114,67,2991605,36372
124,6,2991611,36373
41,69,2991680,36374
31,20,2991700,36375
90,25,2991725,36376
875,92,2991817,36377
274,15,2991832,36378
460,34,2991866,36379
2026,30,2991896,36380
117,63,2991959,36381
27,5,2991964,36382
119,169,2992133,36383
400,280,2992413,36384
355,13,2992426,36385
238,38,2992464,36386
828,137,2992601,36387
302,233,2992834,36388
3878,1,2992835,36389
433,18,2992853,36390
127,312,2993165,36391
3467,32,2993197,36392
688,3,2993200,36393
13,12,2993212,36394
144,128,2993340,36395
30,44,2993384,36396
14,73,2993457,36397
411,4,2993461,36398
36,57,2993518,36399
3413,19,2993537,36400
106,24,2993561,36401
387,138,2993699,36402
304,60,2993759,36403
383,31,2993790,36404
109,359,2994149,36405
129,349,2994498,36406
39,14,2994512,36407
282,36,2994548,36408
841,82,2994630,36409
103,265,2994895,36410
67,60,2994955,36411
289,37,2994992,36412
3246,271,2995263,36413
352,2,2995265,36414
289,1,2995266,36415
178,83,2995349,36416
2478,28,2995377,36417
227,19,2995396,36418
1240,28,2995424,36419
294,220,2995644,36420
113,154,2995798,36421
265,128,2995926,36422
10,171,2996097,36423
65,542,2996639,36424
173,92,2996731,36425
2948,321,2997052,36426
403,32,2997084,36427
11,120,2997204,36428
193,32,2997236,36429
490,14,2997250,36430
3044,6,2997256,36431
594,32,2997288,36432
181,323,2997611,36433
313,44,2997655,36434
42,71,2997726,36435
404,10,2997736,36436
86,128,2997864,36437
275,286,2998150,36438
66,105,2998255,36439
380,67,2998322,36440
109,155,2998477,36441
2566,131,2998608,36442
2449,54,2998662,36443
527,131,2998793,36444
20,223,2999016,36445
3519,51,2999067,36446
176,235,2999302,36447
3183,6,2999308,36448
736,41,2999349,36449
303,72,2999421,36450
12,237,2999658,36451
188,63,2999721,36452
421,79,2999800,36453
333,186,2999986,36454
121,134,3000120,36455
130,174,3000294,36456
2529,42,3000336,36457
2069,175,3000511,36458
225,19,3000530,36459
523,63,3000593,36460
16,127,3000720,36461
224,8,3000728,36462
402,64,3000792,36463
321,138,3000930,36464
223,6,3000936,36465
118,165,3001101,36466
279,34,3001135,36467
3182,8,3001143,36468
143,26,3001169,36469
122,79,3001248,36470
199,23,3001271,36471
35,32,3001303,36472
214,86,3001389,36473
656,106,3001495,36474
307,45,3001540,36475
2524,42,3001582,36476
3694,101,3001683,36477
512,7,3001690,36478
128,55,3001745,36479
191,181,3001926,36480
133,526,3002452,36481
350,86,3002538,36482
307,209,3002747,36483
264,41,3002788,36484
378,70,3002858,36485
3732,121,3002979,36486
970,102,3003081,36487
2644,82,3003163,36488
247,75,3003238,36489
415,73,3003311,36490
110,8,3003319,36491
351,112,3003431,36492
331,80,3003511,36493
227,143,3003654,36494
157,4,3003658,36495
2705,142,3003800,36496
1197,102,3003902,36497
2519,41,3003943,36498
300,111,3004054,36499
36,25,3004079,36500
659,45,3004124,36501
185,21,3004145,36502
1210,7,3004152,36503
75,60,3004212,36504
1775,5,3004217,36505
594,5,3004222,36506
1725,44,3004266,36507
165,8,3004274,36508
319,3,3004277,36509
1441,75,3004352,36510
149,21,3004373,36511
96,56,3004429,36512
3883,20,3004449,36513
1882,28,3004477,36514
133,200,3004677,36515
11,105,3004782,36516
12,116,3004898,36517
151,258,3005156,36518
208,30,3005186,36519
180,13,3005199,36520
289,36,3005235,36521
825,32,3005267,36522
256,17,3005284,36523
99,119,3005403,36524
1722,185,3005588,36525
516,64,3005652,36526
254,150,3005802,36527
66,58,3005860,36528
533,33,3005893,36529
1890,26,3005919,36530
101,74,3005993,36531
513,10,3006003,36532
2372,234,3006237,36533
118,50,3006287,36534
198,88,3006375,36535
315,278,3006653,36536
170,40,3006693,36537
319,70,3006763,36538
171,144,3006907,36539
249,34,3006941,36540
2830,12,3006953,36541
215,76,3007029,36542
11,45,3007074,36543
177,9,3007083,36544
374,79,3007162,36545
906,72,3007234,36546
1802,75,3007309,36547
1788,42,3007351,36548
343,58,3007409,36549
299,43,3007452,36550
47,59,3007511,36551
198,15,3007526,36552
154,13,3007539,36553
1331,141,3007680,36554
225,22,3007702,36555
91,45,3007747,36556
409,79,3007826,36557
417,103,3007929,36558
2473,107,3008036,36559
261,257,3008293,36560
952,28,3008321,36561
1384,4,3008325,36562
267,292,3008617,36563
88,117,3008734,36564
16,109,3008843,36565
347,119,3008962,36566
302,49,3009011,36567
11,7,3009018,36568
155,17,3009035,36569
3310,111,3009146,36570
1872,38,3009184,36571
320,83,3009267,36572
327,26,3009293,36573
392,17,3009310,36574
186,36,3009346,36575
255,25,3009371,36576
2804,5,3009376,36577
421,38,3009414,36578
54,19,3009433,36579
390,162,3009595,36580
194,215,3009810,36581
2338,50,3009860,36582
181,63,3009923,36583
3410,33,3009956,36584
518,31,3009987,36585
103,50,3010037,36586
416,50,3010087,36587
169,167,3010254,36588
64,67,3010321,36589
16,183,3010504,36590
1492,24,3010528,36591
3021,33,3010561,36592
397,87,3010648,36593
4080,164,3010812,36594
170,85,3010897,36595
2496,270,3011167,36596
172,5,3011172,36597
180,76,3011248,36598
3679,9,3011257,36599
42,216,3011473,36600
538,76,3011549,36601
150,580,3012129,36602
248,132,3012261,36603
123,84,3012345,36604
1179,6,3012351,36605
108,17,3012368,36606
125,83,3012451,36607
2071,18,3012469,36608
188,47,3012516,36609
197,17,3012533,36610
11,65,3012598,36611
11,177,3012775,36612
121,107,3012882,36613
337,93,3012975,36614
3657,159,3013134,36615
298,33,3013167,36616
291,71,3013238,36617
1815,11,3013249,36618
13,105,3013354,36619
189,29,3013383,36620
168,52,3013435,36621
1917,89,3013524,36622
258,3,3013527,36623
515,20,3013547,36624
3566,190,3013737,36625
126,177,3013914,36626
151,153,3014067,36627
183,193,3014260,36628
735,152,3014412,36629
137,11,3014423,36630
13,96,3014519,36631
226,75,3014594,36632
647,79,3014673,36633
1172,30,3014703,36634
354,186,3014889,36635
494,37,3014926,36636
1069,72,3014998,36637
109,83,3015081,36638
2929,421,3015502,36639
32,6,3015508,36640
19,155,3015663,36641
335,101,3015764,36642
245,91,3015855,36643
209,22,3015877,36644
317,20,3015897,36645
133,14,3015911,36646
309,48,3015959,36647
139,356,3016315,36648
24,313,3016628,36649
174,8,3016636,36650
136,3,3016639,36651
348,28,3016667,36652
212,31,3016698,36653
296,104,3016802,36654
265,36,3016838,36655
141,43,3016881,36656
566,26,3016907,36657
236,13,3016920,36658
771,177,3017097,36659
165,156,3017253,36660
309,5,3017258,36661
113,158,3017416,36662
2572,86,3017502,36663
2541,46,3017548,36664
269,26,3017574,36665
658,81,3017655,36666
3688,33,3017688,36667
330,138,3017826,36668
158,88,3017914,36669
178,49,3017963,36670
244,21,3017984,36671
166,213,3018197,36672
539,18,3018215,36673
87,149,3018364,36674
1548,87,3018451,36675
25,60,3018511,36676
672,35,3018546,36677
249,4,3018550,36678
3336,190,3018740,36679
124,1,3018741,36680
267,21,3018762,36681
131,1,3018763,36682
150,141,3018904,36683
458,31,3018935,36684
1129,64,3018999,36685
3013,54,3019053,36686
137,227,3019280,36687
276,32,3019312,36688
412,150,3019462,36689
223,41,3019503,36690
120,1,3019504,36691
255,6,3019510,36692
441,52,3019562,36693
9,398,3019960,36694
98,13,3019973,36695
413,52,3020025,36696
350,137,3020162,36697
147,10,3020172,36698
38,55,3020227,36699
171,33,3020260,36700
3847,34,3020294,36701
1476,39,3020333,36702
3335,17,3020350,36703
245,66,3020416,36704
324,42,3020458,36705
380,68,3020526,36706
298,62,3020588,36707
60,99,3020687,36708
123,32,3020719,36709
368,150,3020869,36710
430,106,3020975,36711
22,51,3021026,36712
144,91,3021117,36713
115,17,3021134,36714
357,125,3021259,36715
1348,69,3021328,36716
102,144,3021472,36717
240,69,3021541,36718
489,251,3021792,36719
1126,56,3021848,36720
548,50,3021898,36721
308,546,3022444,36722
181,32,3022476,36723
160,104,3022580,36724
347,46,3022626,36725
55,14,3022640,36726
130,85,3022725,36727
135,24,3022749,36728
2831,19,3022768,36729
140,320,3023088,36730
81,106,3023194,36731
211,293,3023487,36732
3577,75,3023562,36733
136,3,3023565,36734
233,381,3023946,36735
12,118,3024064,36736
2303,42,3024106,36737
327,14,3024120,36738
466,8,3024128,36739
252,92,3024220,36740
305,220,3024440,36741
3990,22,3024462,36742
92,150,3024612,36743
512,9,3024621,36744
158,162,3024783,36745
2711,16,3024799,36746
1740,80,3024879,36747
2842,236,3025115,36748
20,275,3025390,36749
141,9,3025399,36750
652,15,3025414,36751
12,112,3025526,36752
246,3,3025529,36753
25,101,3025630,36754
204,40,3025670,36755
228,112,3025782,36756
129,19,3025801,36757
2995,22,3025823,36758
112,41,3025864,36759
125,126,3025990,36760
439,70,3026060,36761
72,90,3026150,36762
139,85,3026235,36763
935,12,3026247,36764
23,77,3026324,36765
157,24,3026348,36766
350,173,3026521,36767
167,71,3026592,36768
621,129,3026721,36769
141,117,3026838,36770
317,19,3026857,36771
66,57,3026914,36772
148,316,3027230,36773
2623,290,3027520,36774
12,8,3027528,36775
2250,52,3027580,36776
991,30,3027610,36777
2445,79,3027689,36778
50,148,3027837,36779
459,102,3027939,36780
489,31,3027970,36781
3160,103,3028073,36782
61,70,3028143,36783
523,47,3028190,36784
427,5,3028195,36785
63,100,3028295,36786
18,153,3028448,36787
343,60,3028508,36788
45,18,3028526,36789
50,132,3028658,36790
2209,98,3028756,36791
45,239,3028995,36792
156,6,3029001,36793
2941,47,3029048,36794
56,393,3029441,36795
198,83,3029524,36796
44,82,3029606,36797
3412,73,3029679,36798
19,37,3029716,36799
210,23,3029739,36800
385,47,3029786,36801
2852,99,3029885,36802
2947,27,3029912,36803
118,28,3029940,36804
28,262,3030202,36805
3923,26,3030228,36806
304,3,3030231,36807
429,20,3030251,36808
132,67,3030318,36809
1148,20,3030338,36810
29,52,3030390,36811
13,108,3030498,36812
748,130,3030628,36813
96,84,3030712,36814
121,136,3030848,36815
120,282,3031130,36816
321,204,3031334,36817
2556,20,3031354,36818
25,24,3031378,36819
205,20,3031398,36820
29,222,3031620,36821
484,18,3031638,36822
30,119,3031757,36823
1750,63,3031820,36824
2760,71,3031891,36825
274,4,3031895,36826
24,130,3032025,36827
207,34,3032059,36828
605,19,3032078,36829
31,16,3032094,36830
31,2,3032096,36831
148,45,3032141,36832
172,30,3032171,36833
149,88,3032259,36834
341,52,3032311,36835
135,3,3032314,36836
1572,166,3032480,36837
1069,14,3032494,36838
800,224,3032718,36839
230,248,3032966,36840
369,45,3033011,36841
281,98,3033109,36842
512,48,3033157,36843
63,76,3033233,36844
325,63,3033296,36845
377,254,3033550,36846
174,188,3033738,36847
1144,34,3033772,36848
311,6,3033778,36849
581,2,3033780,36850
2194,19,3033799,36851
159,38,3033837,36852
9,24,3033861,36853
705,9,3033870,36854
93,171,3034041,36855
186,53,3034094,36856
315,17,3034111,36857
11,15,3034126,36858
69,8,3034134,36859
931,62,3034196,36860
12,23,3034219,36861
252,93,3034312,36862
755,146,3034458,36863
2967,9,3034467,36864
374,93,3034560,36865
189,339,3034899,36866
3807,130,3035029,36867
235,148,3035177,36868
43,73,3035250,36869
269,119,3035369,36870
162,12,3035381,36871
2671,170,3035551,36872
130,223,3035774,36873
1835,81,3035855,36874
3468,46,3035901,36875
602,62,3035963,36876
2478,5,3035968,36877
56,6,3035974,36878
147,32,3036006,36879
386,68,3036074,36880
52,45,3036119,36881
27,94,3036213,36882
367,61,3036274,36883
2639,11,3036285,36884
149,31,3036316,36885
529,20,3036336,36886
3203,8,3036344,36887
31,116,3036460,36888
338,109,3036569,36889
82,34,3036603,36890
457,8,3036611,36891
150,73,3036684,36892
852,10,3036694,36893
608,156,3036850,36894
2864,62,3036912,36895
1595,116,3037028,36896
487,120,3037148,36897
167,77,3037225,36898
335,38,3037263,36899
3351,50,3037313,36900
277,31,3037344,36901
169,143,3037487,36902
551,28,3037515,36903
3995,241,3037756,36904
304,189,3037945,36905
943,106,3038051,36906
268,44,3038095,36907
628,268,3038363,36908
3321,152,3038515,36909
113,28,3038543,36910
1433,11,3038554,36911
404,70,3038624,36912
291,28,3038652,36913
279,99,3038751,36914
2641,108,3038859,36915
3149,9,3038868,36916
3179,113,3038981,36917
143,91,3039072,36918
840,34,3039106,36919
288,44,3039150,36920
132,73,3039223,36921
2529,119,3039342,36922
124,16,3039358,36923
441,45,3039403,36924
319,29,3039432,36925
31,37,3039469,36926
151,33,3039502,36927
1377,17,3039519,36928
2604,341,3039860,36929
163,81,3039941,36930
3949,44,3039985,36931
363,9,3039994,36932
3174,25,3040019,36933
2429,52,3040071,36934
142,23,3040094,36935
66,45,3040139,36936
34,203,3040342,36937
11,5,3040347,36938
291,36,3040383,36939
2964,44,3040427,36940
352,23,3040450,36941
208,105,3040555,36942
1945,222,3040777,36943
139,174,3040951,36944
680,18,3040969,36945
130,66,3041035,36946
539,2,3041037,36947
135,18,3041055,36948
2155,48,3041103,36949
200,53,3041156,36950
3268,14,3041170,36951
116,43,3041213,36952
310,53,3041266,36953
11,19,3041285,36954
244,6,3041291,36955
324,115,3041406,36956
3978,12,3041418,36957
2259,21,3041439,36958
166,75,3041514,36959
61,56,3041570,36960
3618,113,3041683,36961
27,45,3041728,36962
452,21,3041749,36963
122,96,3041845,36964
62,258,3042103,36965
115,48,3042151,36966
2926,216,3042367,36967
116,26,3042393,36968
393,12,3042405,36969
162,43,3042448,36970
560,574,3043022,36971
185,53,3043075,36972
388,5,3043080,36973
414,64,3043144,36974
143,5,3043149,36975
162,6,3043155,36976
1507,127,3043282,36977
108,99,3043381,36978
139,14,3043395,36979
4069,13,3043408,36980
141,199,3043607,36981
84,46,3043653,36982
226,232,3043885,36983
58,252,3044137,36984
335,29,3044166,36985
345,78,3044244,36986
121,21,3044265,36987
1626,19,3044284,36988
1291,135,3044419,36989
266,13,3044432,36990
1846,9,3044441,36991
268,28,3044469,36992
142,2,3044471,36993
382,138,3044609,36994
323,15,3044624,36995
12,36,3044660,36996
203,7,3044667,36997
29,45,3044712,36998
391,4,3044716,36999
121,14,3044730,37000
530,94,3044824,37001
543,25,3044849,37002
1699,40,3044889,37003
190,189,3045078,37004
3158,187,3045265,37005
344,67,3045332,37006
221,5,3045337,37007
1306,15,3045352,37008
163,35,3045387,37009
150,450,3045837,37010
1922,105,3045942,37011
198,29,3045971,37012
106,124,3046095,37013
187,14,3046109,37014
61,52,3046161,37015
300,360,3046521,37016
324,156,3046677,37017
3545,18,3046695,37018
269,79,3046774,37019
3424,172,3046946,37020
117,69,3047015,37021
193,96,3047111,37022
220,25,3047136,37023
1781,16,3047152,37024
143,32,3047184,37025
783,7,3047191,37026
24,105,3047296,37027
880,40,3047336,37028
15,30,3047366,37029
158,22,3047388,37030
119,115,3047503,37031
85,9,3047512,37032
1952,38,3047550,37033
398,48,3047598,37034
842,60,3047658,37035
248,60,3047718,37036
71,35,3047753,37037
225,12,3047765,37038
175,220,3047985,37039
152,10,3047995,37040
548,159,3048154,37041
330,33,3048187,37042
1352,779,3048966,37043
9,11,3048977,37044
144,22,3048999,37045
2081,24,3049023,37046
88,196,3049219,37047
113,37,3049256,37048
2139,25,3049281,37049
479,33,3049314,37050
276,27,3049341,37051
2933,167,3049508,37052
154,43,3049551,37053
164,31,3049582,37054
2903,23,3049605,37055
2552,54,3049659,37056
276,193,3049852,37057
363,55,3049907,37058
282,6,3049913,37059
313,17,3049930,37060
83,151,3050081,37061
141,44,3050125,37062
123,55,3050180,37063
280,150,3050330,37064
366,4,3050334,37065
451,85,3050419,37066
279,84,3050503,37067
462,75,3050578,37068
297,230,3050808,37069
3017,40,3050848,37070
146,141,3050989,37071
186,96,3051085,37072
20,24,3051109,37073
125,49,3051158,37074
344,267,3051425,37075
14,17,3051442,37076
300,270,3051712,37077
257,65,3051777,37078
112,3,3051780,37079
303,29,3051809,37080
25,165,3051974,37081
3036,122,3052096,37082
316,66,3052162,37083
1931,27,3052189,37084
2929,6,3052195,37085
16,2,3052197,37086
115,13,3052210,37087
441,6,3052216,37088
10,163,3052379,37089
149,91,3052470,37090
130,36,3052506,37091
229,69,3052575,37092
214,20,3052595,37093
128,74,3052669,37094
475,110,3052779,37095
2629,11,3052790,37096
3663,24,3052814,37097
427,4,3052818,37098
2045,198,3053016,37099
11,373,3053389,37100
246,56,3053445,37101
254,64,3053509,37102
3679,15,3053524,37103
369,10,3053534,37104
190,136,3053670,37105
3890,21,3053691,37106
424,16,3053707,37107
204,25,3053732,37108
296,37,3053769,37109
139,112,3053881,37110
403,107,3053988,37111
509,175,3054163,37112
470,95,3054258,37113
124,1,3054259,37114
225,21,3054280,37115
275,70,3054350,37116
367,102,3054452,37117
90,206,3054658,37118
141,9,3054667,37119
535,8,3054675,37120
59,32,3054707,37121
161,108,3054815,37122
285,77,3054892,37123
168,237,3055129,37124
321,17,3055146,37125
41,24,3055170,37126
1382,21,3055191,37127
281,114,3055305,37128
215,21,3055326,37129
156,131,3055457,37130
144,80,3055537,37131
156,243,3055780,37132
23,37,3055817,37133
187,31,3055848,37134
122,93,3055941,37135
334,171,3056112,37136
283,30,3056142,37137
178,105,3056247,37138
4043,185,3056432,37139
1339,235,3056667,37140
272,44,3056711,37141
176,56,3056767,37142
13,138,3056905,37143
337,136,3057041,37144
425,59,3057100,37145
76,246,3057346,37146
275,211,3057557,37147
4090,16,3057573,37148
214,72,3057645,37149
422,14,3057659,37150
134,50,3057709,37151
32,83,3057792,37152
371,15,3057807,37153
3334,97,3057904,37154
10,120,3058024,37155
151,53,3058077,37156
100,69,3058146,37157
3532,41,3058187,37158
149,27,3058214,37159
478,5,3058219,37160
82,193,3058412,37161
305,26,3058438,37162
127,19,3058457,37163
28,284,3058741,37164
282,4,3058745,37165
134,79,3058824,37166
12,149,3058973,37167
152,222,3059195,37168
17,220,3059415,37169
3145,7,3059422,37170
130,40,3059462,37171
619,46,3059508,37172
332,41,3059549,37173
375,31,3059580,37174
209,20,3059600,37175
168,147,3059747,37176
123,135,3059882,37177
229,128,3060010,37178
3197,226,3060236,37179
185,28,3060264,37180
3589,213,3060477,37181
206,60,3060537,37182
101,316,3060853,37183
353,4,3060857,37184
179,106,3060963,37185
135,21,3060984,37186
100,23,3061007,37187
2378,193,3061200,37188
242,53,3061253,37189
158,82,3061335,37190
107,13,3061348,37191
279,33,3061381,37192
4016,102,3061483,37193
175,104,3061587,37194
326,66,3061653,37195
1466,94,3061747,37196
294,49,3061796,37197
98,31,3061827,37198
436,57,3061884,37199
86,107,3061991,37200
96,3,3061994,37201
2934,96,3062090,37202
3651,116,3062206,37203
288,99,3062305,37204
1239,465,3062770,37205
354,139,3062909,37206
90,20,3062929,37207
151,117,3063046,37208
430,98,3063144,37209
247,107,3063251,37210
243,22,3063273,37211
515,165,3063438,37212
134,46,3063484,37213
117,1,3063485,37214
36,82,3063567,37215
179,437,3064004,37216
132,34,3064038,37217
327,81,3064119,37218
381,47,3064166,37219
455,83,3064249,37220
254,98,3064347,37221
2978,11,3064358,37222
175,73,3064431,37223
175,82,3064513,37224
3478,95,3064608,37225
131,45,3064653,37226
231,125,3064778,37227
436,21,3064799,37228
3856,15,3064814,37229
147,64,3064878,37230
328,124,3065002,37231
329,167,3065169,37232
332,484,3065653,37233
1873,115,3065768,37234
142,47,3065815,37235
121,150,3065965,37236
382,2,3065967,37237
305,337,3066304,37238
424,13,3066317,37239
176,103,3066420,37240
194,8,3066428,37241
2259,18,3066446,37242
58,3,3066449,37243
323,230,3066679,37244
45,27,3066706,37245
14,7,3066713,37246
173,5,3066718,37247
144,57,3066775,37248
187,7,3066782,37249
484,2,3066784,37250
12,200,3066984,37251
11,186,3067170,37252
2297,97,3067267,37253
111,30,3067297,37254
308,28,3067325,37255
152,289,3067614,37256
1963,88,3067702,37257
224,88,3067790,37258
2366,13,3067803,37259
12,33,3067836,37260
68,144,3067980,37261
23,224,3068204,37262
44,43,3068247,37263
2686,19,3068266,37264
3407,45,3068311,37265
14,35,3068346,37266
290,167,3068513,37267
148,116,3068629,37268
120,69,3068698,37269
3865,41,3068739,37270
2771,115,3068854,37271
166,304,3069158,37272
2172,32,3069190,37273
97,47,3069237,37274
602,141,3069378,37275
102,59,3069437,37276
12,48,3069485,37277
1140,64,3069549,37278
12,10,3069559,37279
262,68,3069627,37280
2927,20,3069647,37281
131,49,3069696,37282
468,410,3070106,37283
1041,71,3070177,37284
1572,50,3070227,37285
445,13,3070240,37286
129,115,3070355,37287
140,48,3070403,37288
14,69,3070472,37289
445,62,3070534,37290
1440,82,3070616,37291
3892,122,3070738,37292
13,33,3070771,37293
237,40,3070811,37294
391,134,3070945,37295
306,5,3070950,37296
146,25,3070975,37297
376,37,3071012,37298
1936,39,3071051,37299
79,355,3071406,37300
32,105,3071511,37301
327,30,3071541,37302
120,393,3071934,37303
3694,22,3071956,37304
13,25,3071981,37305
3331,17,3071998,37306
2036,100,3072098,37307
314,73,3072171,37308
3628,126,3072297,37309
207,35,3072332,37310
100,96,3072428,37311
450,90,3072518,37312
364,202,3072720,37313
388,294,3073014,37314
2260,140,3073154,37315
62,58,3073212,37316
354,71,3073283,37317
405,68,3073351,37318
298,212,3073563,37319
13,9,3073572,37320
23,227,3073799,37321
19,162,3073961,37322
145,18,3073979,37323
133,102,3074081,37324
170,91,3074172,37325
16,45,3074217,37326
284,3,3074220,37327
462,91,3074311,37328
714,94,3074405,37329
10,35,3074440,37330
487,55,3074495,37331
300,350,3074845,37332
574,107,3074952,37333
187,15,3074967,37334
518,140,3075107,37335
975,29,3075136,37336
2496,136,3075272,37337
485,159,3075431,37338
16,112,3075543,37339
311,305,3075848,37340
396,224,3076072,37341
286,72,3076144,37342
2076,159,3076303,37343
140,105,3076408,37344
172,318,3076726,37345
13,62,3076788,37346
138,114,3076902,37347
292,19,3076921,37348
194,13,3076934,37349
16,77,3077011,37350
129,15,3077026,37351
399,91,3077117,37352
320,31,3077148,37353
337,22,3077170,37354
431,290,3077460,37355
234,98,3077558,37356
185,35,3077593,37357
245,428,3078021,37358
111,160,3078181,37359
125,144,3078325,37360
424,44,3078369,37361
57,4,3078373,37362
1930,51,3078424,37363
36,17,3078441,37364
2762,32,3078473,37365
514,191,3078664,37366
9,207,3078871,37367
163,107,3078978,37368
761,36,3079014,37369
51,150,3079164,37370
126,64,3079228,37371
288,20,3079248,37372
2798,30,3079278,37373
68,61,3079339,37374
2776,35,3079374,37375
300,27,3079401,37376
3998,27,3079428,37377
295,70,3079498,37378
21,144,3079642,37379
311,34,3079676,37380
18,66,3079742,37381
114,4,3079746,37382
96,64,3079810,37383
216,314,3080124,37384
29,186,3080310,37385
723,4,3080314,37386
289,266,3080580,37387
156,264,3080844,37388
3053,3,3080847,37389
342,57,3080904,37390
1886,81,3080985,37391
326,73,3081058,37392
158,13,3081071,37393
150,80,3081151,37394
124,54,3081205,37395
77,46,3081251,37396
2276,1,3081252,37397
2908,137,3081389,37398
177,144,3081533,37399
349,82,3081615,37400
948,19,3081634,37401
411,104,3081738,37402
382,9,3081747,37403
231,280,3082027,37404
3306,35,3082062,37405
1460,50,3082112,37406
13,133,3082245,37407
228,148,3082393,37408
2935,14,3082407,37409
9,64,3082471,37410
193,129,3082600,37411
80,70,3082670,37412
670,148,3082818,37413
20,64,3082882,37414
125,64,3082946,37415
15,18,3082964,37416
357,45,3083009,37417
13,6,3083015,37418
87,117,3083132,37419
266,69,3083201,37420
25,10,3083211,37421
157,14,3083225,37422
851,22,3083247,37423
147,16,3083263,37424
382,3,3083266,37425
11,11,3083277,37426
2155,19,3083296,37427
758,21,3083317,37428
102,2,3083319,37429
1199,98,3083417,37430
469,49,3083466,37431
85,48,3083514,37432
160,67,3083581,37433
34,90,3083671,37434
134,54,3083725,37435
111,75,3083800,37436
130,92,3083892,37437
134,10,3083902,37438
225,37,3083939,37439
18,13,3083952,37440
308,297,3084249,37441
171,176,3084425,37442
3313,53,3084478,37443
99,102,3084580,37444
350,14,3084594,37445
178,42,3084636,37446
439,14,3084650,37447
281,79,3084729,37448
140,92,3084821,37449
207,10,3084831,37450
357,3,3084834,37451
10,266,3085100,37452
702,40,3085140,37453
48,81,3085221,37454
1414,88,3085309,37455
214,43,3085352,37456
4038,164,3085516,37457
1456,183,3085699,37458
848,44,3085743,37459
13,19,3085762,37460
338,19,3085781,37461
455,238,3086019,37462
316,38,3086057,37463
664,211,3086268,37464
3216,54,3086322,37465
3323,115,3086437,37466
440,105,3086542,37467
3349,96,3086638,37468
214,22,3086660,37469
2523,15,3086675,37470
125,82,3086757,37471
312,100,3086857,37472
150,100,3086957,37473
3225,387,3087344,37474
418,118,3087462,37475
203,202,3087664,37476
522,131,3087795,37477
263,120,3087915,37478
164,181,3088096,37479
308,62,3088158,37480
315,149,3088307,37481
351,9,3088316,37482
191,32,3088348,37483
379,32,3088380,37484
630,342,3088722,37485
536,68,3088790,37486
3513,94,3088884,37487
188,97,3088981,37488
1717,35,3089016,37489
103,23,3089039,37490
317,453,3089492,37491
1094,113,3089605,37492
299,11,3089616,37493
3965,82,3089698,37494
2535,55,3089753,37495
101,38,3089791,37496
173,44,3089835,37497
128,66,3089901,37498
2842,101,3090002,37499
271,19,3090021,37500
3002,11,3090032,37501
183,16,3090048,37502
157,153,3090201,37503
368,4,3090205,37504
172,31,3090236,37505
16,5,3090241,37506
2724,155,3090396,37507
3851,292,3090688,37508
110,51,3090739,37509
12,23,3090762,37510
719,20,3090782,37511
86,51,3090833,37512
2246,189,3091022,37513
310,61,3091083,37514
456,79,3091162,37515
34,15,3091177,37516
168,139,3091316,37517
151,22,3091338,37518
171,117,3091455,37519
358,18,3091473,37520
3918,98,3091571,37521
583,44,3091615,37522
26,21,3091636,37523
133,27,3091663,37524
2299,39,3091702,37525
107,54,3091756,37526
455,42,3091798,37527
156,27,3091825,37528
312,3,3091828,37529
480,83,3091911,37530
12,24,3091935,37531
14,74,3092009,37532
78,231,3092240,37533
311,147,3092387,37534
61,158,3092545,37535
169,118,3092663,37536
294,13,3092676,37537
622,163,3092839,37538
237,108,3092947,37539
523,66,3093013,37540
286,110,3093123,37541
342,8,3093131,37542
48,79,3093210,37543
459,214,3093424,37544
12,142,3093566,37545
211,384,3093950,37546
1672,17,3093967,37547
243,269,3094236,37548
2086,51,3094287,37549
318,47,3094334,37550
630,21,3094355,37551
1945,7,3094362,37552
121,23,3094385,37553
1983,88,3094473,37554
2993,11,3094484,37555
105,15,3094499,37556
403,54,3094553,37557
159,79,3094632,37558
176,251,3094883,37559
3651,285,3095168,37560
776,18,3095186,37561
291,25,3095211,37562
278,231,3095442,37563
3253,126,3095568,37564
44,181,3095749,37565
312,19,3095768,37566
373,22,3095790,37567
347,55,3095845,37568
81,16,3095861,37569
11,30,3095891,37570
656,103,3095994,37571
71,37,3096031,37572
159,97,3096128,37573
95,189,3096317,37574
600,13,3096330,37575
230,218,3096548,37576
28,21,3096569,37577
9,77,3096646,37578
273,62,3096708,37579
423,3,3096711,37580
422,29,3096740,37581
3084,8,3096748,37582
12,107,3096855,37583
18,32,3096887,37584
155,325,3097212,37585
67,284,3097496,37586
815,38,3097534,37587
152,4,3097538,37588
2086,117,3097655,37589
115,56,3097711,37590
295,88,3097799,37591
1801,43,3097842,37592
158,122,3097964,37593
128,2,3097966,37594
464,137,3098103,37595
191,50,3098153,37596
1796,40,3098193,37597
138,142,3098335,37598
49,51,3098386,37599
125,69,3098455,37600
340,2,3098457,37601
395,55,3098512,37602
11,105,3098617,37603
133,19,3098636,37604
151,15,3098651,37605
81,175,3098826,37606
10,45,3098871,37607
950,44,3098915,37608
2004,126,3099041,37609
1189,26,3099067,37610
1844,236,3099303,37611
315,102,3099405,37612
253,88,3099493,37613
128,76,3099569,37614
336,161,3099730,37615
874,45,3099775,37616
2664,91,3099866,37617
138,93,3099959,37618
237,91,3100050,37619
177,28,3100078,37620
453,62,3100140,37621
2808,28,3100168,37622
30,112,3100280,37623
418,134,3100414,37624
2701,35,3100449,37625
1027,37,3100486,37626
142,89,3100575,37627
13,169,3100744,37628
145,87,3100831,37629
384,35,3100866,37630
353,122,3100988,37631
2656,78,3101066,37632
309,44,3101110,37633
2431,57,3101167,37634
2772,77,3101244,37635
156,61,3101305,37636
117,184,3101489,37637
361,53,3101542,37638
90,13,3101555,37639
125,70,3101625,37640
199,5,3101630,37641
302,66,3101696,37642
141,184,3101880,37643
207,25,3101905,37644
93,35,3101940,37645
1992,47,3101987,37646
118,19,3102006,37647
3335,90,3102096,37648
126,191,3102287,37649
377,12,3102299,37650
4065,80,3102379,37651
151,41,3102420,37652
437,102,3102522,37653
60,57,3102579,37654
313,8,3102587,37655
140,8,3102595,37656
13,8,3102603,37657
243,133,3102736,37658
152,29,3102765,37659
356,93,3102858,37660
59,124,3102982,37661
317,4,3102986,37662
152,4,3102990,37663
283,290,3103280,37664
514,147,3103427,37665
786,49,3103476,37666
499,48,3103524,37667
179,157,3103681,37668
1961,85,3103766,37669
273,24,3103790,37670
585,263,3104053,37671
438,18,3104071,37672
160,72,3104143,37673
181,30,3104173,37674
305,27,3104200,37675
3624,59,3104259,37676
27,78,3104337,37677
64,30,3104367,37678
391,9,3104376,37679
588,45,3104421,37680
462,57,3104478,37681
3503,29,3104507,37682
99,148,3104655,37683
19,184,3104839,37684
2883,21,3104860,37685
415,2,3104862,37686
1243,13,3104875,37687
3004,42,3104917,37688
537,317,3105234,37689
4077,192,3105426,37690
442,60,3105486,37691
313,233,3105719,37692
292,45,3105764,37693
555,39,3105803,37694
3024,22,3105825,37695
1892,328,3106153,37696
1980,81,3106234,37697
348,226,3106460,37698
260,120,3106580,37699
286,108,3106688,37700
2291,41,3106729,37701
2888,200,3106929,37702
2531,32,3106961,37703
79,61,3107022,37704
375,75,3107097,37705
311,146,3107243,37706
9,225,3107468,37707
257,100,3107568,37708
398,22,3107590,37709
249,96,3107686,37710
77,60,3107746,37711
126,156,3107902,37712
3633,51,3107953,37713
573,82,3108035,37714
2291,87,3108122,37715
49,20,3108142,37716
321,61,3108203,37717
367,116,3108319,37718
1336,37,3108356,37719
443,85,3108441,37720
2251,236,3108677,37721
391,145,3108822,37722
137,12,3108834,37723
20,15,3108849,37724
1755,57,3108906,37725
499,127,3109033,37726
127,232,3109265,37727
50,4,3109269,37728
428,28,3109297,37729
817,71,3109368,37730
311,62,3109430,37731
123,47,3109477,37732
24,34,3109511,37733
475,297,3109808,37734
132,81,3109889,37735
536,210,3110099,37736
222,61,3110160,37737
2576,203,3110363,37738
30,111,3110474,37739
308,286,3110760,37740
127,121,3110881,37741
409,209,3111090,37742
22,36,3111126,37743
571,155,3111281,37744
2535,71,3111352,37745
140,35,3111387,37746
334,4,3111391,37747
301,10,3111401,37748
605,90,3111491,37749
14,77,3111568,37750
3705,8,3111576,37751
3477,20,3111596,37752
263,120,3111716,37753
36,67,3111783,37754
147,99,3111882,37755
2426,260,3112142,37756
374,134,3112276,37757
18,798,3113074,37758
621,81,3113155,37759
2421,113,3113268,37760
357,9,3113277,37761
348,25,3113302,37762
22,202,3113504,37763
260,26,3113530,37764
394,110,3113640,37765
18,62,3113702,37766
335,195,3113897,37767
343,49,3113946,37768
44,64,3114010,37769
180,62,3114072,37770
1389,137,3114209,37771
441,51,3114260,37772
85,211,3114471,37773
388,280,3114751,37774
3891,2,3114753,37775
221,160,3114913,37776
10,20,3114933,37777
96,180,3115113,37778
2353,64,3115177,37779
140,17,3115194,37780
249,18,3115212,37781
2726,58,3115270,37782
4092,38,3115308,37783
106,15,3115323,37784
149,10,3115333,37785
1859,44,3115377,37786
3700,97,3115474,37787
126,151,3115625,37788
738,24,3115649,37789
12,147,3115796,37790
77,36,3115832,37791
1020,32,3115864,37792
1914,60,3115924,37793
250,96,3116020,37794
401,143,3116163,37795
365,18,3116181,37796
143,68,3116249,37797
464,75,3116324,37798
2647,28,3116352,37799
340,147,3116499,37800
10,113,3116612,37801
1780,7,3116619,37802
34,190,3116809,37803
290,41,3116850,37804
101,22,3116872,37805
148,80,3116952,37806
225,80,3117032,37807
477,60,3117092,37808
2240,104,3117196,37809
298,43,3117239,37810
393,32,3117271,37811
185,16,3117287,37812
12,250,3117537,37813
1455,73,3117610,37814
67,19,3117629,37815
600,5,3117634,37816
403,111,3117745,37817
215,54,3117799,37818
33,55,3117854,37819
66,164,3118018,37820
314,163,3118181,37821
3541,44,3118225,37822
105,35,3118260,37823
454,157,3118417,37824
151,47,3118464,37825
1146,98,3118562,37826
328,73,3118635,37827
234,57,3118692,37828
257,69,3118761,37829
121,191,3118952,37830
3046,63,3119015,37831
3790,12,3119027,37832
13,51,3119078,37833
27,76,3119154,37834
316,158,3119312,37835
70,182,3119494,37836
387,85,3119579,37837
156,2,3119581,37838
460,44,3119625,37839
975,2,3119627,37840
2433,230,3119857,37841
322,49,3119906,37842
11,29,3119935,37843
3296,104,3120039,37844
12,41,3120080,37845
298,78,3120158,37846
74,114,3120272,37847
153,12,3120284,37848
283,35,3120319,37849
165,230,3120549,37850
124,15,3120564,37851
98,209,3120773,37852
271,83,3120856,37853
184,175,3121031,37854
71,211,3121242,37855
15,28,3121270,37856
1553,12,3121282,37857
2457,67,3121349,37858
35,146,3121495,37859
217,158,3121653,37860
11,65,3121718,37861
9,49,3121767,37862
58,7,3121774,37863
2137,104,3121878,37864
117,88,3121966,37865
117,48,3122014,37866
1070,34,3122048,37867
2467,154,3122202,37868
645,83,3122285,37869
11,34,3122319,37870
484,231,3122550,37871
330,4,3122554,37872
364,250,3122804,37873
2456,40,3122844,37874
143,117,3122961,37875
382,99,3123060,37876
511,210,3123270,37877
126,29,3123299,37878
3262,18,3123317,37879
304,3,3123320,37880
3534,1,3123321,37881
313,114,3123435,37882
189,34,3123469,37883
148,2,3123471,37884
519,91,3123562,37885
732,33,3123595,37886
279,67,3123662,37887
126,81,3123743,37888
107,94,3123837,37889
325,39,3123876,37890
392,132,3124008,37891
715,73,3124081,37892
410,57,3124138,37893
85,121,3124259,37894
148,87,3124346,37895
139,210,3124556,37896
126,266,3124822,37897
335,250,3125072,37898
91,26,3125098,37899
641,25,3125123,37900
273,98,3125221,37901
278,270,3125491,37902
209,9,3125500,37903
147,105,3125605,37904
3417,80,3125685,37905
180,114,3125799,37906
352,131,3125930,37907
198,186,3126116,37908
186,72,3126188,37909
404,92,3126280,37910
166,26,3126306,37911
1165,5,3126311,37912
176,89,3126400,37913
434,24,3126424,37914
128,9,3126433,37915
2268,56,3126489,37916
3780,51,3126540,37917
46,92,3126632,37918
17,20,3126652,37919
410,41,3126693,37920
117,189,3126882,37921
345,54,3126936,37922
1816,29,3126965,37923
627,92,3127057,37924
268,24,3127081,37925
355,216,3127297,37926
468,91,3127388,37927
136,117,3127505,37928
14,37,3127542,37929
404,158,3127700,37930
382,37,3127737,37931
15,24,3127761,37932
185,18,3127779,37933
186,147,3127926,37934
14,138,3128064,37935
263,140,3128204,37936
47,98,3128302,37937
121,262,3128564,37938
11,145,3128709,37939
149,4,3128713,37940
200,16,3128729,37941
824,130,3128859,37942
453,146,3129005,37943
399,80,3129085,37944
588,131,3129216,37945
271,118,3129334,37946
685,93,3129427,37947
3630,3,3129430,37948
236,36,3129466,37949
361,90,3129556,37950
482,114,3129670,37951
144,43,3129713,37952
11,24,3129737,37953
130,18,3129755,37954
1652,38,3129793,37955
2085,15,3129808,37956
103,75,3129883,37957
1845,11,3129894,37958
17,193,3130087,37959
10,22,3130109,37960
2640,22,3130131,37961
194,6,3130137,37962
12,42,3130179,37963
24,129,3130308,37964
468,27,3130335,37965
144,28,3130363,37966
302,116,3130479,37967
3867,18,3130497,37968
565,51,3130548,37969
263,60,3130608,37970
114,30,3130638,37971
141,15,3130653,37972
368,165,3130818,37973
110,148,3130966,37974
612,124,3131090,37975
157,165,3131255,37976
288,7,3131262,37977
49,260,3131522,37978
498,2,3131524,37979
101,54,3131578,37980
149,24,3131602,37981
81,152,3131754,37982
1763,21,3131775,37983
13,5,3131780,37984
339,112,3131892,37985
86,356,3132248,37986
379,12,3132260,37987
115,48,3132308,37988
25,97,3132405,37989
214,68,3132473,37990
576,17,3132490,37991
99,46,3132536,37992
13,49,3132585,37993
316,57,3132642,37994
207,18,3132660,37995
3374,166,3132826,37996
280,89,3132915,37997
148,167,3133082,37998
120,30,3133112,37999
128,326,3133438,38000
2521,120,3133558,38001
50,106,3133664,38002
14,178,3133842,38003
201,77,3133919,38004
455,144,3134063,38005
70,5,3134068,38006
505,6,3134074,38007
410,37,3134111,38008
274,9,3134120,38009
2304,33,3134153,38010
151,34,3134187,38011
256,51,3134238,38012
391,43,3134281,38013
3515,1,3134282,38014
366,3,3134285,38015
130,67,3134352,38016
120,4,3134356,38017
13,39,3134395,38018
44,48,3134443,38019
228,47,3134490,38020
635,20,3134510,38021
291,74,3134584,38022
206,89,3134673,38023
3666,107,3134780,38024
150,153,3134933,38025
23,126,3135059,38026
12,22,3135081,38027
410,148,3135229,38028
206,66,3135295,38029
59,8,3135303,38030
161,424,3135727,38031
294,2,3135729,38032
3652,56,3135785,38033
2451,129,3135914,38034
372,3,3135917,38035
126,5,3135922,38036
1822,156,3136078,38037
31,34,3136112,38038
14,92,3136204,38039
3205,81,3136285,38040
110,2,3136287,38041
21,12,3136299,38042
197,27,3136326,38043
59,107,3136433,38044
12,38,3136471,38045
279,65,3136536,38046
144,50,3136586,38047
54,131,3136717,38048
97,32,3136749,38049
1462,1,3136750,38050
289,3,3136753,38051
10,52,3136805,38052
242,71,3136876,38053
333,4,3136880,38054
17,44,3136924,38055
193,235,3137159,38056
53,8,3137167,38057
130,71,3137238,38058
217,99,3137337,38059
132,127,3137464,38060
442,195,3137659,38061
129,286,3137945,38062
853,137,3138082,38063
2418,139,3138221,38064
392,28,3138249,38065
499,23,3138272,38066
431,67,3138339,38067
453,183,3138522,38068
1103,41,3138563,38069
2871,31,3138594,38070
684,15,3138609,38071
15,52,3138661,38072
146,2,3138663,38073
1734,14,3138677,38074
317,115,3138792,38075
320,90,3138882,38076
134,39,3138921,38077
2672,28,3138949,38078
3606,30,3138979,38079
78,47,3139026,38080
40,280,3139306,38081
242,291,3139597,38082
3009,19,3139616,38083
10,84,3139700,38084
412,72,3139772,38085
1475,194,3139966,38086
2713,177,3140143,38087
607,8,3140151,38088
283,5,3140156,38089
2726,179,3140335,38090
12,343,3140678,38091
457,122,3140800,38092
337,211,3141011,38093
460,154,3141165,38094
168,23,3141188,38095
1449,146,3141334,38096
398,138,3141472,38097
3890,17,3141489,38098
860,19,3141508,38099
4048,64,3141572,38100
774,238,3141810,38101
401,34,3141844,38102
192,48,3141892,38103
444,60,3141952,38104
333,4,3141956,38105
2895,79,3142035,38106
295,140,3142175,38107
2366,7,3142182,38108
259,27,3142209,38109
3414,66,3142275,38110
4093,177,3142452,38111
180,195,3142647,38112
520,210,3142857,38113
2604,26,3142883,38114
558,21,3142904,38115
654,44,3142948,38116
13,59,3143007,38117
29,124,3143131,38118
639,96,3143227,38119
194,60,3143287,38120
4029,66,3143353,38121
2351,86,3143439,38122
386,20,3143459,38123
220,9,3143468,38124
126,7,3143475,38125
14,51,3143526,38126
2276,14,3143540,38127
15,68,3143608,38128
1086,73,3143681,38129
292,55,3143736,38130
121,58,3143794,38131
172,120,3143914,38132
27,11,3143925,38133
20,292,3144217,38134
102,183,3144400,38135
928,105,3144505,38136
133,28,3144533,38137
133,65,3144598,38138
36,155,3144753,38139
228,28,3144781,38140
148,53,3144834,38141
733,146,3144980,38142
822,2,3144982,38143
166,275,3145257,38144
438,23,3145280,38145
10,253,3145533,38146
95,17,3145550,38147
318,51,3145601,38148
34,209,3145810,38149
1829,31,3145841,38150
211,103,3145944,38151
272,228,3146172,38152
451,44,3146216,38153
3727,9,3146225,38154
178,119,3146344,38155
407,22,3146366,38156
20,41,3146407,38157
150,154,3146561,38158
191,6,3146567,38159
3376,48,3146615,38160
3071,129,3146744,38161
84,160,3146904,38162
1922,42,3146946,38163
1025,17,3146963,38164
69,85,3147048,38165
297,240,3147288,38166
120,26,3147314,38167
2128,17,3147331,38168
299,231,3147562,38169
396,38,3147600,38170
514,101,3147701,38171
844,82,3147783,38172
48,50,3147833,38173
176,199,3148032,38174
2867,15,3148047,38175
3602,64,3148111,38176
3850,3,3148114,38177
69,15,3148129,38178
3920,30,3148159,38179
206,84,3148243,38180
339,190,3148433,38181
249,212,3148645,38182
224,22,3148667,38183
301,41,3148708,38184
344,223,3148931,38185
24,95,3149026,38186
374,119,3149145,38187
2430,20,3149165,38188
246,42,3149207,38189
2621,72,3149279,38190
223,70,3149349,38191
354,64,3149413,38192
4058,38,3149451,38193
1089,15,3149466,38194
1934,140,3149606,38195
449,249,3149855,38196
345,61,3149916,38197
15,15,3149931,38198
20,72,3150003,38199
190,254,3150257,38200
161,53,3150310,38201
123,28,3150338,38202
63,40,3150378,38203
111,12,3150390,38204
234,47,3150437,38205
52,107,3150544,38206
426,20,3150564,38207
294,69,3150633,38208
181,136,3150769,38209
144,48,3150817,38210
9,182,3150999,38211
371,24,3151023,38212
391,96,3151119,38213
116,210,3151329,38214
326,34,3151363,38215
2354,19,3151382,38216
323,30,3151412,38217
416,141,3151553,38218
534,72,3151625,38219
134,318,3151943,38220
273,98,3152041,38221
338,38,3152079,38222
329,86,3152165,38223
199,10,3152175,38224
316,168,3152343,38225
1410,71,3152414,38226
3223,14,3152428,38227
340,64,3152492,38228
22,48,3152540,38229
1228,26,3152566,38230
81,19,3152585,38231
131,7,3152592,38232
160,99,3152691,38233
177,28,3152719,38234
246,181,3152900,38235
2778,164,3153064,38236
92,14,3153078,38237
128,47,3153125,38238
3992,52,3153177,38239
143,21,3153198,38240
629,24,3153222,38241
247,422,3153644,38242
534,10,3153654,38243
2843,156,3153810,38244
2289,61,3153871,38245
254,230,3154101,38246
3863,38,3154139,38247
257,19,3154158,38248
274,179,3154337,38249
876,68,3154405,38250
504,150,3154555,38251
2226,21,3154576,38252
91,34,3154610,38253
1263,24,3154634,38254
72,31,3154665,38255
305,24,3154689,38256
153,122,3154811,38257
432,6,3154817,38258
362,2,3154819,38259
104,49,3154868,38260
1755,33,3154901,38261
1662,4,3154905,38262
3448,253,3155158,38263
397,43,3155201,38264
349,74,3155275,38265
1338,185,3155460,38266
3511,75,3155535,38267
356,4,3155539,38268
13,41,3155580,38269
143,102,3155682,38270
2772,202,3155884,38271
184,161,3156045,38272
334,36,3156081,38273
462,21,3156102,38274
523,63,3156165,38275
258,173,3156338,38276
18,40,3156378,38277
360,258,3156636,38278
24,17,3156653,38279
2787,432,3157085,38280
116,85,3157170,38281
438,80,3157250,38282
475,177,3157427,38283
372,57,3157484,38284
34,96,3157580,38285
1547,81,3157661,38286
57,233,3157894,38287
1101,33,3157927,38288
1693,138,3158065,38289
276,96,3158161,38290
148,241,3158402,38291
479,53,3158455,38292
285,67,3158522,38293
157,120,3158642,38294
3396,56,3158698,38295
280,39,3158737,38296
408,34,3158771,38297
3875,118,3158889,38298
2393,14,3158903,38299
391,65,3158968,38300
4042,3,3158971,38301
870,281,3159252,38302
203,291,3159543,38303
662,17,3159560,38304
629,93,3159653,38305
78,154,3159807,38306
58,27,3159834,38307
3817,47,3159881,38308
115,75,3159956,38309
369,30,3159986,38310
22,171,3160157,38311
273,7,3160164,38312
214,5,3160169,38313
92,43,3160212,38314
339,5,3160217,38315
2927,14,3160231,38316
618,9,3160240,38317
446,49,3160289,38318
114,123,3160412,38319
1794,238,3160650,38320
114,122,3160772,38321
344,28,3160800,38322
500,57,3160857,38323
3604,61,3160918,38324
299,143,3161061,38325
1359,87,3161148,38326
1919,1,3161149,38327
819,95,3161244,38328
14,172,3161416,38329
124,365,3161781,38330
159,133,3161914,38331
2453,69,3161983,38332
223,402,3162385,38333
295,95,3162480,38334
495,28,3162508,38335
2011,60,3162568,38336
454,49,3162617,38337
9,35,3162652,38338
3057,72,3162724,38339
152,69,3162793,38340
124,18,3162811,38341
504,173,3162984,38342
1523,89,3163073,38343
3634,382,3163455,38344
3581,100,3163555,38345
460,2,3163557,38346
241,27,3163584,38347
175,103,3163687,38348
11,38,3163725,38349
480,78,3163803,38350
304,92,3163895,38351
147,35,3163930,38352
263,42,3163972,38353
1129,28,3164000,38354
2335,205,3164205,38355
422,10,3164215,38356
193,66,3164281,38357
124,15,3164296,38358
2158,83,3164379,38359
448,17,3164396,38360
313,34,3164430,38361
2943,245,3164675,38362
13,121,3164796,38363
1168,111,3164907,38364
427,233,3165140,38365
577,106,3165246,38366
498,136,3165382,38367
98,16,3165398,38368
3341,25,3165423,38369
2565,172,3165595,38370
575,23,3165618,38371
164,27,3165645,38372
118,159,3165804,38373
154,85,3165889,38374
1619,14,3165903,38375
298,83,3165986,38376
423,15,3166001,38377
180,79,3166080,38378
259,52,3166132,38379
3068,102,3166234,38380
175,111,3166345,38381
256,35,3166380,38382
161,30,3166410,38383
3962,165,3166575,38384
19,3,3166578,38385
46,78,3166656,38386
814,7,3166663,38387
638,76,3166739,38388
73,86,3166825,38389
217,51,3166876,38390
29,56,3166932,38391
13,1,3166933,38392
3109,26,3166959,38393
292,69,3167028,38394
527,346,3167374,38395
12,143,3167517,38396
111,121,3167638,38397
59,104,3167742,38398
149,45,3167787,38399
129,144,3167931,38400
77,79,3168010,38401
930,66,3168076,38402
464,4,3168080,38403
423,286,3168366,38404
1397,26,3168392,38405
3310,58,3168450,38406
1036,38,3168488,38407
275,17,3168505,38408
587,13,3168518,38409
133,91,3168609,38410
133,72,3168681,38411
724,25,3168706,38412
568,198,3168904,38413
409,2,3168906,38414
164,12,3168918,38415
314,67,3168985,38416
519,24,3169009,38417
351,91,3169100,38418
281,214,3169314,38419
144,46,3169360,38420
146,223,3169583,38421
1864,64,3169647,38422
379,21,3169668,38423
400,82,3169750,38424
763,117,3169867,38425
3275,48,3169915,38426
1111,82,3169997,38427
87,6,3170003,38428
578,298,3170301,38429
436,104,3170405,38430
442,88,3170493,38431
3619,93,3170586,38432
960,218,3170804,38433
180,24,3170828,38434
187,212,3171040,38435
271,82,3171122,38436
1356,208,3171330,38437
2666,102,3171432,38438
3824,54,3171486,38439
239,173,3171659,38440
131,28,3171687,38441
125,174,3171861,38442
127,91,3171952,38443
703,421,3172373,38444
213,30,3172403,38445
188,96,3172499,38446
3087,181,3172680,38447
83,69,3172749,38448
30,123,3172872,38449
124,53,3172925,38450
214,172,3173097,38451
110,14,3173111,38452
354,178,3173289,38453
102,1,3173290,38454
359,35,3173325,38455
136,185,3173510,38456
3631,376,3173886,38457
1396,13,3173899,38458
1571,20,3173919,38459
119,35,3173954,38460
282,52,3174006,38461
174,16,3174022,38462
126,87,3174109,38463
3246,1,3174110,38464
299,214,3174324,38465
456,47,3174371,38466
195,54,3174425,38467
404,1,3174426,38468
201,51,3174477,38469
268,80,3174557,38470
113,13,3174570,38471
46,66,3174636,38472
346,239,3174875,38473
2361,70,3174945,38474
271,133,3175078,38475
127,43,3175121,38476
202,33,3175154,38477
341,6,3175160,38478
233,7,3175167,38479
397,40,3175207,38480
1835,28,3175235,38481
139,34,3175269,38482
159,137,3175406,38483
272,86,3175492,38484
85,2,3175494,38485
3511,249,3175743,38486
567,31,3175774,38487
292,84,3175858,38488
217,109,3175967,38489
304,190,3176157,38490
819,4,3176161,38491
1533,34,3176195,38492
420,89,3176284,38493
273,45,3176329,38494
575,51,3176380,38495
456,22,3176402,38496
631,86,3176488,38497
416,2,3176490,38498
429,97,3176587,38499
3250,8,3176595,38500
165,65,3176660,38501
3660,16,3176676,38502
326,21,3176697,38503
14,209,3176906,38504
127,149,3177055,38505
92,351,3177406,38506
12,113,3177519,38507
513,1,3177520,38508
3464,104,3177624,38509
2189,59,3177683,38510
31,67,3177750,38511
39,18,3177768,38512
317,10,3177778,38513
3260,31,3177809,38514
336,104,3177913,38515
258,6,3177919,38516
1427,95,3178014,38517
185,61,3178075,38518
305,167,3178242,38519
42,218,3178460,38520
129,71,3178531,38521
127,167,3178698,38522
1105,78,3178776,38523
1943,40,3178816,38524
322,3,3178819,38525
255,15,3178834,38526
251,9,3178843,38527
504,260,3179103,38528
169,88,3179191,38529
1234,20,3179211,38530
33,37,3179248,38531
3282,368,3179616,38532
835,13,3179629,38533
1062,223,3179852,38534
175,60,3179912,38535
369,1,3179913,38536
347,175,3180088,38537
1131,12,3180100,38538
327,35,3180135,38539
138,72,3180207,38540
182,29,3180236,38541
137,86,3180322,38542
125,193,3180515,38543
153,59,3180574,38544
39,32,3180606,38545
1985,97,3180703,38546
467,18,3180721,38547
2142,7,3180728,38548
386,31,3180759,38549
381,127,3180886,38550
291,155,3181041,38551
896,110,3181151,38552
57,18,3181169,38553
74,39,3181208,38554
363,131,3181339,38555
117,29,3181368,38556
1215,351,3181719,38557
3457,101,3181820,38558
1808,60,3181880,38559
189,9,3181889,38560
23,200,3182089,38561
104,275,3182364,38562
408,134,3182498,38563
14,13,3182511,38564
223,85,3182596,38565
110,97,3182693,38566
306,24,3182717,38567
626,75,3182792,38568
444,35,3182827,38569
127,130,3182957,38570
78,161,3183118,38571
3758,31,3183149,38572
225,18,3183167,38573
96,14,3183181,38574
684,32,3183213,38575
145,12,3183225,38576
155,35,3183260,38577
164,30,3183290,38578
145,7,3183297,38579
239,41,3183338,38580
264,56,3183394,38581
3675,8,3183402,38582
534,42,3183444,38583
3077,158,3183602,38584
3406,93,3183695,38585
324,128,3183823,38586
143,55,3183878,38587
1828,161,3184039,38588
37,47,3184086,38589
85,26,3184112,38590
392,55,3184167,38591
111,3,3184170,38592
185,12,3184182,38593
230,88,3184270,38594
421,78,3184348,38595
815,46,3184394,38596
445,7,3184401,38597
92,128,3184529,38598
177,84,3184613,38599
289,38,3184651,38600
112,41,3184692,38601
169,24,3184716,38602
2808,21,3184737,38603
263,33,3184770,38604
247,102,3184872,38605
68,109,3184981,38606
4039,9,3184990,38607
362,37,3185027,38608
2025,53,3185080,38609
3854,32,3185112,38610
1133,44,3185156,38611
2896,41,3185197,38612
3744,2,3185199,38613
317,115,3185314,38614
24,37,3185351,38615
35,80,3185431,38616
1302,8,3185439,38617
1502,81,3185520,38618
1912,121,3185641,38619
278,104,3185745,38620
405,37,3185782,38621
109,57,3185839,38622
3842,353,3186192,38623
184,50,3186242,38624
171,43,3186285,38625
2243,44,3186329,38626
406,23,3186352,38627
489,250,3186602,38628
477,47,3186649,38629
172,210,3186859,38630
82,281,3187140,38631
385,24,3187164,38632
746,4,3187168,38633
3967,47,3187215,38634
1024,31,3187246,38635
244,164,3187410,38636
138,35,3187445,38637
77,327,3187772,38638
19,65,3187837,38639
575,161,3187998,38640
442,18,3188016,38641
588,2,3188018,38642
291,107,3188125,38643
172,72,3188197,38644
295,103,3188300,38645
3314,53,3188353,38646
496,19,3188372,38647
507,87,3188459,38648
16,96,3188555,38649
133,4,3188559,38650
84,62,3188621,38651
384,55,3188676,38652
1114,28,3188704,38653
393,44,3188748,38654
11,79,3188827,38655
15,69,3188896,38656
484,135,3189031,38657
158,15,3189046,38658
163,70,3189116,38659
23,12,3189128,38660
112,87,3189215,38661
584,191,3189406,38662
20,73,3189479,38663
4019,215,3189694,38664
420,63,3189757,38665
3352,61,3189818,38666
2070,8,3189826,38667
120,183,3190009,38668
64,128,3190137,38669
69,25,3190162,38670
189,57,3190219,38671
225,67,3190286,38672
392,50,3190336,38673
33,150,3190486,38674
3275,96,3190582,38675
461,15,3190597,38676
167,127,3190724,38677
573,28,3190752,38678
3392,2,3190754,38679
114,56,3190810,38680
22,48,3190858,38681
1494,84,3190942,38682
686,112,3191054,38683
181,85,3191139,38684
2262,35,3191174,38685
514,31,3191205,38686
18,14,3191219,38687
603,35,3191254,38688
258,96,3191350,38689
4038,2,3191352,38690
186,56,3191408,38691
606,93,3191501,38692
135,89,3191590,38693
753,4,3191594,38694
4061,75,3191669,38695
28,10,3191679,38696
332,3,3191682,38697
81,230,3191912,38698
307,50,3191962,38699
38,20,3191982,38700
147,72,3192054,38701
2882,18,3192072,38702
1344,213,3192285,38703
357,195,3192480,38704
455,99,3192579,38705
562,2,3192581,38706
211,24,3192605,38707
331,93,3192698,38708
199,195,3192893,38709
2993,254,3193147,38710
604,48,3193195,38711
1586,2,3193197,38712
122,398,3193595,38713
720,14,3193609,38714
3543,15,3193624,38715
145,92,3193716,38716
591,76,3193792,38717
3573,163,3193955,38718
18,21,3193976,38719
359,2,3193978,38720
95,47,3194025,38721
117,22,3194047,38722
3479,122,3194169,38723
1882,61,3194230,38724
295,29,3194259,38725
907,2,3194261,38726
28,160,3194421,38727
498,66,3194487,38728
118,101,3194588,38729
3623,100,3194688,38730
9,43,3194731,38731
62,149,3194880,38732
101,95,3194975,38733
278,3,3194978,38734
146,19,3194997,38735
326,16,3195013,38736
355,157,3195170,38737
263,213,3195383,38738
407,163,3195546,38739
293,77,3195623,38740
188,46,3195669,38741
302,22,3195691,38742
250,144,3195835,38743
18,62,3195897,38744
115,27,3195924,38745
121,52,3195976,38746
450,17,3195993,38747
385,29,3196022,38748
2737,27,3196049,38749
170,64,3196113,38750
466,49,3196162,38751
3093,29,3196191,38752
2890,123,3196314,38753
1852,154,3196468,38754
134,110,3196578,38755
147,50,3196628,38756
249,112,3196740,38757
209,12,3196752,38758
4006,159,3196911,38759
72,39,3196950,38760
156,114,3197064,38761
22,180,3197244,38762
117,44,3197288,38763
11,117,3197405,38764
1157,120,3197525,38765
15,32,3197557,38766
72,248,3197805,38767
346,35,3197840,38768
764,195,3198035,38769
334,64,3198099,38770
2585,88,3198187,38771
252,44,3198231,38772
299,8,3198239,38773
175,76,3198315,38774
638,130,3198445,38775
211,129,3198574,38776
652,24,3198598,38777
238,124,3198722,38778
101,55,3198777,38779
140,23,3198800,38780
1052,2,3198802,38781
3581,134,3198936,38782
377,49,3198985,38783
3981,286,3199271,38784
231,73,3199344,38785
138,70,3199414,38786
12,26,3199440,38787
316,126,3199566,38788
279,17,3199583,38789
122,329,3199912,38790
329,38,3199950,38791
1527,230,3200180,38792
2428,13,3200193,38793
104,82,3200275,38794
436,234,3200509,38795
1047,23,3200532,38796
269,90,3200622,38797
13,98,3200720,38798
2490,98,3200818,38799
51,71,3200889,38800
14,41,3200930,38801
556,112,3201042,38802
301,173,3201215,38803
383,30,3201245,38804
3328,3,3201248,38805
220,4,3201252,38806
395,5,3201257,38807
408,45,3201302,38808
1371,132,3201434,38809
200,87,3201521,38810
443,36,3201557,38811
82,116,3201673,38812
293,77,3201750,38813
2499,15,3201765,38814
451,16,3201781,38815
510,1,3201782,38816
254,147,3201929,38817
173,108,3202037,38818
122,47,3202084,38819
450,20,3202104,38820
86,196,3202300,38821
634,47,3202347,38822
336,18,3202365,38823
413,41,3202406,38824
94,35,3202441,38825
253,10,3202451,38826
298,11,3202462,38827
2690,11,3202473,38828
104,46,3202519,38829
266,41,3202560,38830
3565,23,3202583,38831
459,13,3202596,38832
409,8,3202604,38833
62,31,3202635,38834
274,74,3202709,38835
159,24,3202733,38836
181,206,3202939,38837
1969,41,3202980,38838
3466,108,3203088,38839
420,267,3203355,38840
407,29,3203384,38841
270,46,3203430,38842
154,97,3203527,38843
208,45,3203572,38844
183,67,3203639,38845
291,36,3203675,38846
1805,170,3203845,38847
169,175,3204020,38848
276,53,3204073,38849
88,93,3204166,38850
662,31,3204197,38851
138,64,3204261,38852
2189,113,3204374,38853
262,33,3204407,38854
230,7,3204414,38855
484,105,3204519,38856
253,18,3204537,38857
2509,12,3204549,38858
22,16,3204565,38859
158,105,3204670,38860
123,82,3204752,38861
1120,18,3204770,38862
73,3,3204773,38863
359,88,3204861,38864
120,57,3204918,38865
3012,174,3205092,38866
266,183,3205275,38867
26,208,3205483,38868
21,117,3205600,38869
123,53,3205653,38870
134,213,3205866,38871
150,25,3205891,38872
675,75,3205966,38873
241,272,3206238,38874
1530,126,3206364,38875
219,176,3206540,38876
2240,24,3206564,38877
423,32,3206596,38878
310,8,3206604,38879
498,97,3206701,38880
472,78,3206779,38881
135,15,3206794,38882
512,21,3206815,38883
132,203,3207018,38884
3114,20,3207038,38885
476,18,3207056,38886
501,31,3207087,38887
395,3,3207090,38888
403,178,3207268,38889
3408,79,3207347,38890
49,133,3207480,38891
200,63,3207543,38892
1093,74,3207617,38893
2080,107,3207724,38894
124,157,3207881,38895
182,114,3207995,38896
210,237,3208232,38897
11,24,3208256,38898
20,50,3208306,38899
115,121,3208427,38900
1615,169,3208596,38901
511,14,3208610,38902
438,138,3208748,38903
81,115,3208863,38904
126,7,3208870,38905
158,30,3208900,38906
80,250,3209150,38907
321,21,3209171,38908
91,1,3209172,38909
2006,25,3209197,38910
34,55,3209252,38911
259,36,3209288,38912
367,23,3209311,38913
122,214,3209525,38914
60,8,3209533,38915
319,69,3209602,38916
343,33,3209635,38917
2244,6,3209641,38918
3102,53,3209694,38919
2824,29,3209723,38920
313,25,3209748,38921
77,21,3209769,38922
1647,282,3210051,38923
778,24,3210075,38924
476,21,3210096,38925
133,771,3210867,38926
153,104,3210971,38927
402,11,3210982,38928
2712,64,3211046,38929
297,104,3211150,38930
262,27,3211177,38931
349,80,3211257,38932
356,60,3211317,38933
424,132,3211449,38934
9,12,3211461,38935
186,22,3211483,38936
2316,2,3211485,38937
57,71,3211556,38938
243,34,3211590,38939
169,14,3211604,38940
32,46,3211650,38941
841,159,3211809,38942
113,28,3211837,38943
654,75,3211912,38944
96,1,3211913,38945
403,8,3211921,38946
408,129,3212050,38947
10,68,3212118,38948
108,82,3212200,38949
121,34,3212234,38950
2897,31,3212265,38951
154,94,3212359,38952
442,116,3212475,38953
529,29,3212504,38954
213,42,3212546,38955
697,87,3212633,38956
118,107,3212740,38957
176,52,3212792,38958
157,48,3212840,38959
172,112,3212952,38960
1212,132,3213084,38961
2881,35,3213119,38962
1342,30,3213149,38963
325,89,3213238,38964
3092,70,3213308,38965
231,28,3213336,38966
126,272,3213608,38967
1205,92,3213700,38968
1546,193,3213893,38969
179,33,3213926,38970
135,1,3213927,38971
258,168,3214095,38972
144,29,3214124,38973
105,172,3214296,38974
383,2,3214298,38975
1880,127,3214425,38976
213,58,3214483,38977
162,135,3214618,38978
168,18,3214636,38979
2228,40,3214676,38980
347,22,3214698,38981
90,73,3214771,38982
118,102,3214873,38983
460,146,3215019,38984
109,65,3215084,38985
52,66,3215150,38986
2715,119,3215269,38987
99,46,3215315,38988
3979,110,3215425,38989
4088,135,3215560,38990
170,46,3215606,38991
622,127,3215733,38992
406,37,3215770,38993
333,70,3215840,38994
278,107,3215947,38995
144,61,3216008,38996
125,26,3216034,38997
347,90,3216124,38998
443,66,3216190,38999
1005,49,3216239,39000
11,72,3216311,39001
493,9,3216320,39002
144,40,3216360,39003
16,98,3216458,39004
346,67,3216525,39005
102,109,3216634,39006
366,214,3216848,39007
116,120,3216968,39008
1547,64,3217032,39009
1451,43,3217075,39010
3719,35,3217110,39011
87,3,3217113,39012
2685,77,3217190,39013
82,57,3217247,39014
4081,11,3217258,39015
147,68,3217326,39016
101,152,3217478,39017
2388,26,3217504,39018
28,43,3217547,39019
3006,47,3217594,39020
110,129,3217723,39021
449,20,3217743,39022
2162,74,3217817,39023
84,64,3217881,39024
178,122,3218003,39025
155,90,3218093,39026
138,133,3218226,39027
146,80,3218306,39028
785,89,3218395,39029
228,1,3218396,39030
25,83,3218479,39031
270,248,3218727,39032
654,87,3218814,39033
162,46,3218860,39034
160,92,3218952,39035
114,218,3219170,39036
13,40,3219210,39037
1427,23,3219233,39038
1517,1,3219234,39039
94,22,3219256,39040
63,58,3219314,39041
440,19,3219333,39042
530,52,3219385,39043
310,6,3219391,39044
2433,11,3219402,39045
284,51,3219453,39046
112,44,3219497,39047
2346,2,3219499,39048
326,172,3219671,39049
280,53,3219724,39050
10,25,3219749,39051
1944,318,3220067,39052
41,101,3220168,39053
129,14,3220182,39054
133,87,3220269,39055
372,83,3220352,39056
142,23,3220375,39057
263,186,3220561,39058
1742,30,3220591,39059
12,128,3220719,39060
204,39,3220758,39061
163,18,3220776,39062
150,15,3220791,39063
215,120,3220911,39064
196,188,3221099,39065
124,80,3221179,39066
11,6,3221185,39067
10,97,3221282,39068
3774,117,3221399,39069
162,72,3221471,39070
153,81,3221552,39071
211,2,3221554,39072
765,205,3221759,39073
308,72,3221831,39074
560,11,3221842,39075
285,152,3221994,39076
226,295,3222289,39077
148,1,3222290,39078
1058,32,3222322,39079
2268,69,3222391,39080
302,113,3222504,39081
93,38,3222542,39082
98,176,3222718,39083
159,31,3222749,39084
771,251,3223000,39085
2496,27,3223027,39086
287,226,3223253,39087
280,71,3223324,39088
11,66,3223390,39089
115,132,3223522,39090
157,78,3223600,39091
566,44,3223644,39092
307,90,3223734,39093
172,139,3223873,39094
11,1,3223874,39095
139,52,3223926,39096
390,68,3223994,39097
105,330,3224324,39098
108,26,3224350,39099
176,38,3224388,39100
194,34,3224422,39101
553,9,3224431,39102
329,1,3224432,39103
406,76,3224508,39104
261,120,3224628,39105
466,5,3224633,39106
3183,97,3224730,39107
136,273,3225003,39108
163,94,3225097,39109
374,30,3225127,39110
203,33,3225160,39111
171,196,3225356,39112
137,35,3225391,39113
1717,26,3225417,39114
21,189,3225606,39115
1779,156,3225762,39116
298,13,3225775,39117
174,166,3225941,39118
2622,199,3226140,39119
3900,6,3226146,39120
19,41,3226187,39121
197,224,3226411,39122
140,443,3226854,39123
121,11,3226865,39124
450,79,3226944,39125
1003,14,3226958,39126
3124,23,3226981,39127
83,145,3227126,39128
126,269,3227395,39129
286,39,3227434,39130
3330,18,3227452,39131
491,163,3227615,39132
145,32,3227647,39133
295,80,3227727,39134
378,44,3227771,39135
176,2,3227773,39136
280,70,3227843,39137
155,12,3227855,39138
537,7,3227862,39139
12,65,3227927,39140
3339,36,3227963,39141
469,220,3228183,39142
1281,6,3228189,39143
329,84,3228273,39144
341,142,3228415,39145
2426,5,3228420,39146
2543,190,3228610,39147
469,382,3228992,39148
263,13,3229005,39149
643,1,3229006,39150
1089,210,3229216,39151
230,6,3229222,39152
2823,125,3229347,39153
42,75,3229422,39154
302,8,3229430,39155
169,40,3229470,39156
1893,61,3229531,39157
244,314,3229845,39158
130,8,3229853,39159
584,7,3229860,39160
15,71,3229931,39161
2150,50,3229981,39162
180,111,3230092,39163
10,4,3230096,39164
85,15,3230111,39165
1753,28,3230139,39166
76,50,3230189,39167
2260,13,3230202,39168
268,138,3230340,39169
205,49,3230389,39170
51,89,3230478,39171
169,6,3230484,39172
1622,6,3230490,39173
12,24,3230514,39174
482,164,3230678,39175
303,60,3230738,39176
10,39,3230777,39177
549,217,3230994,39178
176,16,3231010,39179
1910,56,3231066,39180
475,125,3231191,39181
68,96,3231287,39182
339,11,3231298,39183
124,78,3231376,39184
1407,18,3231394,39185
13,101,3231495,39186
267,37,3231532,39187
3788,69,3231601,39188
313,44,3231645,39189
93,215,3231860,39190
1874,177,3232037,39191
184,85,3232122,39192
16,20,3232142,39193
271,42,3232184,39194
141,95,3232279,39195
100,82,3232361,39196
1689,99,3232460,39197
302,113,3232573,39198
202,124,3232697,39199
497,110,3232807,39200
544,203,3233010,39201
137,63,3233073,39202
321,96,3233169,39203
358,5,3233174,39204
198,16,3233190,39205
203,58,3233248,39206
422,165,3233413,39207
317,116,3233529,39208
173,50,3233579,39209
201,31,3233610,39210
23,84,3233694,39211
271,28,3233722,39212
2840,45,3233767,39213
324,44,3233811,39214
303,32,3233843,39215
3424,62,3233905,39216
418,13,3233918,39217
293,93,3234011,39218
1278,41,3234052,39219
331,55,3234107,39220
1847,334,3234441,39221
128,59,3234500,39222
2000,384,3234884,39223
418,7,3234891,39224
2340,160,3235051,39225
1284,121,3235172,39226
17,26,3235198,39227
105,14,3235212,39228
1114,8,3235220,39229
324,90,3235310,39230
3839,91,3235401,39231
317,71,3235472,39232
21,24,3235496,39233
285,35,3235531,39234
2206,48,3235579,39235
138,169,3235748,39236
38,43,3235791,39237
328,34,3235825,39238
472,53,3235878,39239
407,114,3235992,39240
1888,33,3236025,39241
23,227,3236252,39242
201,158,3236410,39243
136,190,3236600,39244
1881,226,3236826,39245
301,23,3236849,39246
144,51,3236900,39247
167,46,3236946,39248
18,65,3237011,39249
121,125,3237136,39250
9,116,3237252,39251
49,21,3237273,39252
3435,253,3237526,39253
414,5,3237531,39254
149,158,3237689,39255
144,27,3237716,39256
398,28,3237744,39257
3387,23,3237767,39258
291,109,3237876,39259
27,12,3237888,39260
117,126,3238014,39261
23,180,3238194,39262
120,16,3238210,39263
339,78,3238288,39264
287,45,3238333,39265
415,48,3238381,39266
15,73,3238454,39267
842,24,3238478,39268
202,100,3238578,39269
137,21,3238599,39270
200,50,3238649,39271
689,11,3238660,39272
57,69,3238729,39273
153,71,3238800,39274
287,304,3239104,39275
1748,54,3239158,39276
151,127,3239285,39277
323,297,3239582,39278
361,24,3239606,39279
204,214,3239820,39280
403,4,3239824,39281
381,92,3239916,39282
13,178,3240094,39283
799,45,3240139,39284
247,50,3240189,39285
183,14,3240203,39286
366,4,3240207,39287
188,171,3240378,39288
1531,20,3240398,39289
279,27,3240425,39290
510,265,3240690,39291
152,66,3240756,39292
271,2,3240758,39293
112,27,3240785,39294
3859,54,3240839,39295
309,253,3241092,39296
532,24,3241116,39297
1847,80,3241196,39298
2076,32,3241228,39299
324,78,3241306,39300
3918,158,3241464,39301
312,64,3241528,39302
300,65,3241593,39303
276,167,3241760,39304
1739,152,3241912,39305
2145,48,3241960,39306
325,58,3242018,39307
156,50,3242068,39308
2126,61,3242129,39309
53,68,3242197,39310
2863,43,3242240,39311
479,208,3242448,39312
147,41,3242489,39313
241,18,3242507,39314
1015,30,3242537,39315
2756,6,3242543,39316
57,63,3242606,39317
121,426,3243032,39318
121,28,3243060,39319
290,43,3243103,39320
243,119,3243222,39321
24,101,3243323,39322
114,349,3243672,39323
134,284,3243956,39324
2889,21,3243977,39325
363,141,3244118,39326
612,28,3244146,39327
856,33,3244179,39328
35,172,3244351,39329
1946,21,3244372,39330
104,79,3244451,39331
3084,55,3244506,39332
135,2,3244508,39333
92,15,3244523,39334
27,1,3244524,39335
169,30,3244554,39336
1421,80,3244634,39337
19,89,3244723,39338
1265,265,3244988,39339
328,134,3245122,39340
98,118,3245240,39341
136,81,3245321,39342
259,21,3245342,39343
2441,111,3245453,39344
158,111,3245564,39345
132,29,3245593,39346
16,58,3245651,39347
154,21,3245672,39348
3475,67,3245739,39349
282,115,3245854,39350
130,12,3245866,39351
104,13,3245879,39352
567,1,3245880,39353
323,40,3245920,39354
175,169,3246089,39355
126,112,3246201,39356
22,61,3246262,39357
148,47,3246309,39358
11,75,3246384,39359
132,34,3246418,39360
1886,2,3246420,39361
408,46,3246466,39362
140,183,3246649,39363
589,19,3246668,39364
488,60,3246728,39365
127,58,3246786,39366
1570,27,3246813,39367
181,205,3247018,39368
18,3,3247021,39369
719,113,3247134,39370
145,250,3247384,39371
146,72,3247456,39372
357,55,3247511,39373
20,216,3247727,39374
126,48,3247775,39375
121,28,3247803,39376
170,100,3247903,39377
448,244,3248147,39378
3138,118,3248265,39379
157,170,3248435,39380
304,155,3248590,39381
298,191,3248781,39382
53,68,3248849,39383
146,43,3248892,39384
469,5,3248897,39385
3190,98,3248995,39386
682,35,3249030,39387
337,70,3249100,39388
288,195,3249295,39389
428,20,3249315,39390
112,172,3249487,39391
210,9,3249496,39392
56,85,3249581,39393
1198,257,3249838,39394
279,81,3249919,39395
778,12,3249931,39396
101,65,3249996,39397
105,3,3249999,39398
126,77,3250076,39399
297,19,3250095,39400
89,54,3250149,39401
2077,24,3250173,39402
700,118,3250291,39403
98,1,3250292,39404
81,17,3250309,39405
362,107,3250416,39406
2524,109,3250525,39407
247,41,3250566,39408
747,12,3250578,39409
330,105,3250683,39410
3844,66,3250749,39411
332,179,3250928,39412
20,189,3251117,39413
2045,110,3251227,39414
394,141,3251368,39415
2157,1,3251369,39416
148,91,3251460,39417
175,96,3251556,39418
1224,84,3251640,39419
22,30,3251670,39420
153,22,3251692,39421
15,28,3251720,39422
3866,232,3251952,39423
3408,253,3252205,39424
112,4,3252209,39425
518,79,3252288,39426
108,11,3252299,39427
1977,171,3252470,39428
344,80,3252550,39429
2881,69,3252619,39430
1035,82,3252701,39431
3542,135,3252836,39432
138,60,3252896,39433
106,154,3253050,39434
119,60,3253110,39435
356,10,3253120,39436
423,33,3253153,39437
497,56,3253209,39438
2536,7,3253216,39439
3061,59,3253275,39440
176,35,3253310,39441
85,70,3253380,39442
206,120,3253500,39443
344,120,3253620,39444
68,14,3253634,39445
3066,41,3253675,39446
251,28,3253703,39447
211,285,3253988,39448
189,13,3254001,39449
116,139,3254140,39450
53,6,3254146,39451
199,14,3254160,39452
153,19,3254179,39453
160,53,3254232,39454
488,74,3254306,39455
16,21,3254327,39456
3118,37,3254364,39457
140,88,3254452,39458
25,106,3254558,39459
55,38,3254596,39460
352,74,3254670,39461
3773,27,3254697,39462
197,188,3254885,39463
340,132,3255017,39464
82,269,3255286,39465
1668,148,3255434,39466
3653,1,3255435,39467
959,151,3255586,39468
365,107,3255693,39469
117,11,3255704,39470
528,5,3255709,39471
457,253,3255962,39472
321,1,3255963,39473
641,82,3256045,39474
391,90,3256135,39475
310,28,3256163,39476
270,106,3256269,39477
620,3,3256272,39478
115,5,3256277,39479
2885,27,3256304,39480
121,310,3256614,39481
1138,19,3256633,39482
12,74,3256707,39483
1321,29,3256736,39484
375,4,3256740,39485
133,247,3256987,39486
163,16,3257003,39487
93,422,3257425,39488
16,90,3257515,39489
278,248,3257763,39490
69,91,3257854,39491
3384,6,3257860,39492
355,38,3257898,39493
11,18,3257916,39494
134,110,3258026,39495
314,2,3258028,39496
69,61,3258089,39497
368,209,3258298,39498
3190,18,3258316,39499
538,187,3258503,39500
355,173,3258676,39501
382,19,3258695,39502
146,24,3258719,39503
13,54,3258773,39504
3523,74,3258847,39505
487,90,3258937,39506
16,179,3259116,39507
15,53,3259169,39508
143,6,3259175,39509
417,65,3259240,39510
13,39,3259279,39511
172,41,3259320,39512
400,49,3259369,39513
18,126,3259495,39514
578,80,3259575,39515
12,6,3259581,39516
3006,1,3259582,39517
177,147,3259729,39518
2913,48,3259777,39519
3773,328,3260105,39520
142,118,3260223,39521
102,58,3260281,39522
14,10,3260291,39523
403,21,3260312,39524
25,15,3260327,39525
90,55,3260382,39526
99,48,3260430,39527
262,118,3260548,39528
33,24,3260572,39529
358,3,3260575,39530
276,2,3260577,39531
35,28,3260605,39532
1947,16,3260621,39533
213,12,3260633,39534
322,113,3260746,39535
3518,37,3260783,39536
3533,329,3261112,39537
91,107,3261219,39538
481,4,3261223,39539
308,337,3261560,39540
2133,102,3261662,39541
129,55,3261717,39542
134,114,3261831,39543
306,204,3262035,39544
379,37,3262072,39545
2681,7,3262079,39546
278,47,3262126,39547
344,23,3262149,39548
1854,42,3262191,39549
163,180,3262371,39550
12,26,3262397,39551
120,36,3262433,39552
175,171,3262604,39553
1981,25,3262629,39554
3788,29,3262658,39555
69,35,3262693,39556
11,8,3262701,39557
226,23,3262724,39558
2233,8,3262732,39559
345,37,3262769,39560
2338,64,3262833,39561
267,7,3262840,39562
132,2,3262842,39563
386,24,3262866,39564
515,98,3262964,39565
145,32,3262996,39566
100,5,3263001,39567
978,53,3263054,39568
120,59,3263113,39569
332,39,3263152,39570
18,198,3263350,39571
3638,174,3263524,39572
203,153,3263677,39573
3935,30,3263707,39574
361,7,3263714,39575
332,71,3263785,39576
151,26,3263811,39577
220,126,3263937,39578
425,70,3264007,39579
127,73,3264080,39580
265,109,3264189,39581
191,96,3264285,39582
3067,210,3264495,39583
163,101,3264596,39584
880,121,3264717,39585
1471,204,3264921,39586
424,86,3265007,39587
15,154,3265161,39588
310,11,3265172,39589
13,33,3265205,39590
647,229,3265434,39591
424,26,3265460,39592
466,3,3265463,39593
111,308,3265771,39594
120,122,3265893,39595
136,58,3265951,39596
204,23,3265974,39597
255,83,3266057,39598
1794,75,3266132,39599
376,42,3266174,39600
1934,82,3266256,39601
359,27,3266283,39602
113,35,3266318,39603
2535,46,3266364,39604
1745,1,3266365,39605
97,127,3266492,39606
3879,14,3266506,39607
143,23,3266529,39608
269,191,3266720,39609
9,5,3266725,39610
288,125,3266850,39611
220,3,3266853,39612
203,134,3266987,39613
2843,70,3267057,39614
527,90,3267147,39615
2770,30,3267177,39616
2349,12,3267189,39617
145,65,3267254,39618
17,180,3267434,39619
4025,58,3267492,39620
43,79,3267571,39621
38,24,3267595,39622
26,126,3267721,39623
1982,33,3267754,39624
273,138,3267892,39625
375,107,3267999,39626
3353,22,3268021,39627
239,228,3268249,39628
352,4,3268253,39629
95,75,3268328,39630
267,10,3268338,39631
501,42,3268380,39632
183,159,3268539,39633
244,22,3268561,39634
2673,80,3268641,39635
21,22,3268663,39636
241,48,3268711,39637
983,3,3268714,39638
457,215,3268929,39639
106,127,3269056,39640
2837,60,3269116,39641
16,21,3269137,39642
137,25,3269162,39643
2088,35,3269197,39644
2895,44,3269241,39645
104,38,3269279,39646
10,131,3269410,39647
322,6,3269416,39648
92,78,3269494,39649
1738,10,3269504,39650
159,127,3269631,39651
148,116,3269747,39652
372,3,3269750,39653
3919,64,3269814,39654
2748,35,3269849,39655
23,156,3270005,39656
128,24,3270029,39657
1416,55,3270084,39658
33,49,3270133,39659
126,31,3270164,39660
3354,29,3270193,39661
48,5,3270198,39662
604,73,3270271,39663
444,84,3270355,39664
94,89,3270444,39665
55,15,3270459,39666
1941,476,3270935,39667
327,194,3271129,39668
201,31,3271160,39669
188,46,3271206,39670
59,33,3271239,39671
3248,79,3271318,39672
273,14,3271332,39673
308,13,3271345,39674
2494,164,3271509,39675
144,208,3271717,39676
1959,37,3271754,39677
134,18,3271772,39678
160,126,3271898,39679
441,12,3271910,39680
75,6,3271916,39681
1722,154,3272070,39682
693,86,3272156,39683
681,11,3272167,39684
174,128,3272295,39685
258,55,3272350,39686
161,24,3272374,39687
3387,126,3272500,39688
330,55,3272555,39689
142,3,3272558,39690
594,116,3272674,39691
372,106,3272780,39692
306,34,3272814,39693
120,2,3272816,39694
1144,48,3272864,39695
275,4,3272868,39696
19,204,3273072,39697
258,102,3273174,39698
68,101,3273275,39699
309,243,3273518,39700
2459,44,3273562,39701
104,106,3273668,39702
155,195,3273863,39703
591,9,3273872,39704
736,10,3273882,39705
288,211,3274093,39706
127,1,3274094,39707
58,107,3274201,39708
37,115,3274316,39709
212,80,3274396,39710
92,6,3274402,39711
367,10,3274412,39712
119,67,3274479,39713
3696,109,3274588,39714
15,85,3274673,39715
105,110,3274783,39716
38,39,3274822,39717
173,11,3274833,39718
122,100,3274933,39719
3258,15,3274948,39720
250,28,3274976,39721
276,16,3274992,39722
134,1,3274993,39723
281,58,3275051,39724
810,278,3275329,39725
27,84,3275413,39726
302,25,3275438,39727
12,30,3275468,39728
461,26,3275494,39729
2504,4,3275498,39730
410,139,3275637,39731
188,174,3275811,39732
2365,31,3275842,39733
478,76,3275918,39734
423,69,3275987,39735
236,183,3276170,39736
149,219,3276389,39737
13,146,3276535,39738
423,19,3276554,39739
460,52,3276606,39740
340,27,3276633,39741
126,122,3276755,39742
307,39,3276794,39743
339,71,3276865,39744
2642,103,3276968,39745
349,22,3276990,39746
122,115,3277105,39747
265,45,3277150,39748
3240,70,3277220,39749
227,162,3277382,39750
947,90,3277472,39751
282,9,3277481,39752
1503,130,3277611,39753
338,39,3277650,39754
1441,39,3277689,39755
3144,191,3277880,39756
306,34,3277914,39757
130,62,3277976,39758
159,82,3278058,39759
141,202,3278260,39760
466,189,3278449,39761
153,38,3278487,39762
327,27,3278514,39763
80,69,3278583,39764
120,165,3278748,39765
237,221,3278969,39766
9,97,3279066,39767
228,38,3279104,39768
2682,34,3279138,39769
225,153,3279291,39770
3692,126,3279417,39771
40,141,3279558,39772
4070,66,3279624,39773
15,2,3279626,39774
165,29,3279655,39775
15,6,3279661,39776
174,91,3279752,39777
258,79,3279831,39778
2129,74,3279905,39779
179,101,3280006,39780
2348,104,3280110,39781
3325,76,3280186,39782
220,77,3280263,39783
383,2,3280265,39784
214,3,3280268,39785
3908,11,3280279,39786
1147,130,3280409,39787
2105,48,3280457,39788
117,35,3280492,39789
142,30,3280522,39790
362,39,3280561,39791
3580,168,3280729,39792
2285,74,3280803,39793
420,28,3280831,39794
2155,16,3280847,39795
275,219,3281066,39796
18,7,3281073,39797
273,61,3281134,39798
1463,1,3281135,39799
13,464,3281599,39800
563,25,3281624,39801
171,68,3281692,39802
287,45,3281737,39803
3858,82,3281819,39804
342,88,3281907,39805
4067,9,3281916,39806
348,205,3282121,39807
94,115,3282236,39808
3184,75,3282311,39809
218,100,3282411,39810
11,44,3282455,39811
136,69,3282524,39812
151,42,3282566,39813
240,20,3282586,39814
2097,68,3282654,39815
114,97,3282751,39816
417,2,3282753,39817
506,13,3282766,39818
421,25,3282791,39819
3678,38,3282829,39820
13,38,3282867,39821
2568,66,3282933,39822
157,136,3283069,39823
107,87,3283156,39824
145,133,3283289,39825
454,26,3283315,39826
2903,75,3283390,39827
171,56,3283446,39828
25,2,3283448,39829
829,36,3283484,39830
306,64,3283548,39831
832,40,3283588,39832
158,6,3283594,39833
1813,81,3283675,39834
280,14,3283689,39835
48,68,3283757,39836
3563,51,3283808,39837
3411,126,3283934,39838
138,129,3284063,39839
192,36,3284099,39840
20,105,3284204,39841
278,10,3284214,39842
413,25,3284239,39843
196,302,3284541,39844
144,25,3284566,39845
325,228,3284794,39846
3097,217,3285011,39847
131,150,3285161,39848
313,41,3285202,39849
304,72,3285274,39850
542,113,3285387,39851
251,4,3285391,39852
3998,106,3285497,39853
734,198,3285695,39854
407,51,3285746,39855
14,96,3285842,39856
254,35,3285877,39857
393,249,3286126,39858
473,37,3286163,39859
284,228,3286391,39860
391,73,3286464,39861
268,7,3286471,39862
153,50,3286521,39863
403,44,3286565,39864
261,85,3286650,39865
14,83,3286733,39866
3815,7,3286740,39867
22,68,3286808,39868
62,7,3286815,39869
118,125,3286940,39870
124,73,3287013,39871
3476,444,3287457,39872
61,43,3287500,39873
170,11,3287511,39874
3223,144,3287655,39875
145,37,3287692,39876
389,1,3287693,39877
140,23,3287716,39878
209,31,3287747,39879
148,120,3287867,39880
13,1,3287868,39881
45,23,3287891,39882
311,85,3287976,39883
331,104,3288080,39884
18,65,3288145,39885
2330,183,3288328,39886
822,70,3288398,39887
520,77,3288475,39888
415,96,3288571,39889
104,4,3288575,39890
227,95,3288670,39891
160,16,3288686,39892
365,24,3288710,39893
252,81,3288791,39894
826,65,3288856,39895
243,85,3288941,39896
1016,141,3289082,39897
132,36,3289118,39898
83,49,3289167,39899
3003,10,3289177,39900
119,36,3289213,39901
327,73,3289286,39902
117,2,3289288,39903
416,188,3289476,39904
123,153,3289629,39905
798,40,3289669,39906
626,28,3289697,39907
591,12,3289709,39908
213,88,3289797,39909
487,350,3290147,39910
3642,30,3290177,39911
1813,31,3290208,39912
3217,20,3290228,39913
15,24,3290252,39914
570,195,3290447,39915
39,234,3290681,39916
508,112,3290793,39917
326,24,3290817,39918
2292,18,3290835,39919
14,165,3291000,39920
19,14,3291014,39921
112,66,3291080,39922
149,71,3291151,39923
2401,83,3291234,39924
28,14,3291248,39925
255,86,3291334,39926
380,71,3291405,39927
99,233,3291638,39928
234,146,3291784,39929
50,154,3291938,39930
287,19,3291957,39931
357,18,3291975,39932
303,229,3292204,39933
321,166,3292370,39934
370,12,3292382,39935
114,64,3292446,39936
391,2,3292448,39937
177,94,3292542,39938
136,39,3292581,39939
2192,8,3292589,39940
1868,22,3292611,39941
384,41,3292652,39942
309,41,3292693,39943
1067,61,3292754,39944
106,20,3292774,39945
922,47,3292821,39946
3699,44,3292865,39947
129,76,3292941,39948
123,59,3293000,39949
196,28,3293028,39950
179,24,3293052,39951
50,153,3293205,39952
168,185,3293390,39953
267,19,3293409,39954
314,17,3293426,39955
340,58,3293484,39956
14,208,3293692,39957
147,52,3293744,39958
146,67,3293811,39959
498,19,3293830,39960
185,28,3293858,39961
193,82,3293940,39962
11,120,3294060,39963
14,16,3294076,39964
414,151,3294227,39965
334,7,3294234,39966
2891,27,3294261,39967
71,15,3294276,39968
16,49,3294325,39969
113,21,3294346,39970
3213,19,3294365,39971
89,12,3294377,39972
987,90,3294467,39973
342,7,3294474,39974
809,70,3294544,39975
145,98,3294642,39976
1461,175,3294817,39977
17,88,3294905,39978
136,22,3294927,39979
18,255,3295182,39980
765,89,3295271,39981
2817,15,3295286,39982
304,4,3295290,39983
296,81,3295371,39984
73,87,3295458,39985
16,1,3295459,39986
45,2,3295461,39987
101,56,3295517,39988
567,94,3295611,39989
336,264,3295875,39990
374,91,3295966,39991
104,10,3295976,39992
3807,68,3296044,39993
90,23,3296067,39994
2468,23,3296090,39995
28,136,3296226,39996
3348,343,3296569,39997
239,59,3296628,39998
308,52,3296680,39999
285,50,3296730,40000
306,3,3296733,40001
176,61,3296794,40002
273,19,3296813,40003
10,119,3296932,40004
2936,31,3296963,40005
3277,69,3297032,40006
247,110,3297142,40007
138,48,3297190,40008
440,30,3297220,40009
13,165,3297385,40010
122,109,3297494,40011
119,167,3297661,40012
14,151,3297812,40013
157,18,3297830,40014
1394,42,3297872,40015
1158,6,3297878,40016
252,60,3297938,40017
1489,84,3298022,40018
22,169,3298191,40019
222,22,3298213,40020
356,4,3298217,40021
26,76,3298293,40022
293,95,3298388,40023
429,33,3298421,40024
801,11,3298432,40025
263,100,3298532,40026
304,36,3298568,40027
57,32,3298600,40028
57,117,3298717,40029
287,4,3298721,40030
571,32,3298753,40031
324,17,3298770,40032
211,33,3298803,40033
389,31,3298834,40034
2686,101,3298935,40035
2172,260,3299195,40036
3387,62,3299257,40037
315,31,3299288,40038
76,354,3299642,40039
122,9,3299651,40040
289,74,3299725,40041
289,144,3299869,40042
123,117,3299986,40043
561,139,3300125,40044
70,229,3300354,40045
134,96,3300450,40046
304,152,3300602,40047
298,112,3300714,40048
191,124,3300838,40049
336,14,3300852,40050
2977,92,3300944,40051
155,25,3300969,40052
13,40,3301009,40053
2986,95,3301104,40054
179,15,3301119,40055
264,90,3301209,40056
297,27,3301236,40057
25,61,3301297,40058
309,209,3301506,40059
280,8,3301514,40060
203,88,3301602,40061
135,44,3301646,40062
249,31,3301677,40063
128,62,3301739,40064
334,66,3301805,40065
376,14,3301819,40066
357,392,3302211,40067
14,249,3302460,40068
251,315,3302775,40069
183,64,3302839,40070
317,186,3303025,40071
362,142,3303167,40072
156,26,3303193,40073
155,18,3303211,40074
3731,2,3303213,40075
966,9,3303222,40076
12,81,3303303,40077
202,124,3303427,40078
1090,19,3303446,40079
339,183,3303629,40080
175,59,3303688,40081
346,3,3303691,40082
3377,23,3303714,40083
4093,37,3303751,40084
162,27,3303778,40085
154,99,3303877,40086
590,134,3304011,40087
127,58,3304069,40088
761,52,3304121,40089
424,124,3304245,40090
330,99,3304344,40091
484,48,3304392,40092
432,204,3304596,40093
460,6,3304602,40094
3475,66,3304668,40095
3544,393,3305061,40096
160,11,3305072,40097
16,47,3305119,40098
142,100,3305219,40099
2855,110,3305329,40100
259,9,3305338,40101
439,8,3305346,40102
840,96,3305442,40103
265,46,3305488,40104
17,46,3305534,40105
209,26,3305560,40106
276,97,3305657,40107
10,12,3305669,40108
315,24,3305693,40109
521,205,3305898,40110
113,43,3305941,40111
14,13,3305954,40112
3570,17,3305971,40113
393,81,3306052,40114
427,26,3306078,40115
3789,5,3306083,40116
142,190,3306273,40117
235,17,3306290,40118
2709,68,3306358,40119
250,23,3306381,40120
157,5,3306386,40121
149,141,3306527,40122
1263,102,3306629,40123
124,67,3306696,40124
134,5,3306701,40125
145,160,3306861,40126
1423,80,3306941,40127
31,165,3307106,40128
25,79,3307185,40129
169,176,3307361,40130
746,89,3307450,40131
1939,105,3307555,40132
137,58,3307613,40133
74,114,3307727,40134
202,239,3307966,40135
126,21,3307987,40136
103,23,3308010,40137
345,80,3308090,40138
164,383,3308473,40139
76,21,3308494,40140
35,56,3308550,40141
2637,131,3308681,40142
250,146,3308827,40143
143,108,3308935,40144
3844,22,3308957,40145
3692,35,3308992,40146
128,142,3309134,40147
4043,2,3309136,40148
2228,32,3309168,40149
300,520,3309688,40150
54,23,3309711,40151
137,29,3309740,40152
252,1,3309741,40153
1575,64,3309805,40154
3684,98,3309903,40155
60,64,3309967,40156
130,37,3310004,40157
1580,134,3310138,40158
704,76,3310214,40159
528,71,3310285,40160
133,65,3310350,40161
146,27,3310377,40162
1076,151,3310528,40163
2799,60,3310588,40164
30,92,3310680,40165
121,10,3310690,40166
235,29,3310719,40167
248,66,3310785,40168
312,16,3310801,40169
265,78,3310879,40170
80,47,3310926,40171
442,108,3311034,40172
352,79,3311113,40173
582,14,3311127,40174
81,62,3311189,40175
90,310,3311499,40176
171,138,3311637,40177
535,55,3311692,40178
190,151,3311843,40179
166,6,3311849,40180
14,204,3312053,40181
3624,9,3312062,40182
137,12,3312074,40183
920,26,3312100,40184
957,16,3312116,40185
108,181,3312297,40186
29,385,3312682,40187
139,51,3312733,40188
1207,25,3312758,40189
104,91,3312849,40190
3675,6,3312855,40191
223,98,3312953,40192
70,134,3313087,40193
152,146,3313233,40194
351,10,3313243,40195
380,56,3313299,40196
178,40,3313339,40197
147,88,3313427,40198
1642,72,3313499,40199
92,158,3313657,40200
330,1,3313658,40201
1211,24,3313682,40202
185,130,3313812,40203
425,68,3313880,40204
1644,31,3313911,40205
124,31,3313942,40206
16,182,3314124,40207
232,7,3314131,40208
218,94,3314225,40209
1483,93,3314318,40210
20,82,3314400,40211
244,117,3314517,40212
10,23,3314540,40213
98,81,3314621,40214
167,14,3314635,40215
126,61,3314696,40216
17,149,3314845,40217
13,173,3315018,40218
112,120,3315138,40219
33,39,3315177,40220
424,30,3315207,40221
3358,176,3315383,40222
147,1,3315384,40223
3838,36,3315420,40224
92,103,3315523,40225
2403,116,3315639,40226
141,74,3315713,40227
309,3,3315716,40228
173,80,3315796,40229
576,20,3315816,40230
2026,64,3315880,40231
95,47,3315927,40232
1159,25,3315952,40233
342,60,3316012,40234
387,16,3316028,40235
23,68,3316096,40236
270,71,3316167,40237
718,32,3316199,40238
320,174,3316373,40239
493,50,3316423,40240
2606,157,3316580,40241
710,207,3316787,40242
2592,104,3316891,40243
151,31,3316922,40244
1007,130,3317052,40245
32,301,3317353,40246
3584,16,3317369,40247
282,48,3317417,40248
3965,56,3317473,40249
142,58,3317531,40250
115,14,3317545,40251
803,217,3317762,40252
471,6,3317768,40253
568,21,3317789,40254
116,260,3318049,40255
241,3,3318052,40256
442,262,3318314,40257
325,30,3318344,40258
132,113,3318457,40259
29,14,3318471,40260
1666,159,3318630,40261
302,20,3318650,40262
114,131,3318781,40263
69,10,3318791,40264
2197,27,3318818,40265
357,209,3319027,40266
65,44,3319071,40267
337,96,3319167,40268
67,34,3319201,40269
154,55,3319256,40270
337,4,3319260,40271
213,17,3319277,40272
3858,7,3319284,40273
190,79,3319363,40274
181,19,3319382,40275
2214,21,3319403,40276
164,282,3319685,40277
214,17,3319702,40278
3265,51,3319753,40279
3292,312,3320065,40280
3677,41,3320106,40281
2198,174,3320280,40282
265,2,3320282,40283
547,75,3320357,40284
432,63,3320420,40285
397,44,3320464,40286
265,39,3320503,40287
3942,49,3320552,40288
344,88,3320640,40289
234,75,3320715,40290
144,14,3320729,40291
295,74,3320803,40292
2633,86,3320889,40293
253,51,3320940,40294
168,47,3320987,40295
109,13,3321000,40296
118,49,3321049,40297
13,65,3321114,40298
47,57,3321171,40299
3036,53,3321224,40300
143,29,3321253,40301
2219,8,3321261,40302
58,155,3321416,40303
92,165,3321581,40304
1930,36,3321617,40305
203,92,3321709,40306
346,9,3321718,40307
1498,150,3321868,40308
502,121,3321989,40309
100,34,3322023,40310
494,80,3322103,40311
162,11,3322114,40312
276,127,3322241,40313
360,78,3322319,40314
153,61,3322380,40315
243,85,3322465,40316
303,12,3322477,40317
385,279,3322756,40318
813,82,3322838,40319
424,43,3322881,40320
22,25,3322906,40321
3413,20,3322926,40322
142,92,3323018,40323
408,25,3323043,40324
490,91,3323134,40325
554,81,3323215,40326
66,1,3323216,40327
3197,111,3323327,40328
31,73,3323400,40329
321,6,3323406,40330
1730,17,3323423,40331
138,5,3323428,40332
218,112,3323540,40333
348,7,3323547,40334
172,19,3323566,40335
2724,164,3323730,40336
189,202,3323932,40337
398,81,3324013,40338
67,158,3324171,40339
140,165,3324336,40340
321,3,3324339,40341
24,63,3324402,40342
18,47,3324449,40343
926,108,3324557,40344
105,1,3324558,40345
56,57,3324615,40346
200,4,3324619,40347
388,135,3324754,40348
348,43,3324797,40349
3689,24,3324821,40350
1579,109,3324930,40351
155,65,3324995,40352
149,136,3325131,40353
560,75,3325206,40354
474,7,3325213,40355
3095,78,3325291,40356
227,80,3325371,40357
155,2,3325373,40358
151,86,3325459,40359
400,26,3325485,40360
1355,13,3325498,40361
358,137,3325635,40362
164,78,3325713,40363
81,2,3325715,40364
3023,6,3325721,40365
164,74,3325795,40366
158,116,3325911,40367
231,8,3325919,40368
509,72,3325991,40369
498,24,3326015,40370
247,32,3326047,40371
15,46,3326093,40372
130,59,3326152,40373
145,21,3326173,40374
11,35,3326208,40375
2767,149,3326357,40376
333,51,3326408,40377
257,61,3326469,40378
2332,85,3326554,40379
126,72,3326626,40380
3849,81,3326707,40381
900,26,3326733,40382
368,98,3326831,40383
9,339,3327170,40384
406,134,3327304,40385
1294,60,3327364,40386
353,9,3327373,40387
403,31,3327404,40388
4072,117,3327521,40389
678,63,3327584,40390
1285,73,3327657,40391
18,79,3327736,40392
234,84,3327820,40393
135,17,3327837,40394
953,81,3327918,40395
365,40,3327958,40396
364,63,3328021,40397
37,73,3328094,40398
116,37,3328131,40399
279,14,3328145,40400
180,109,3328254,40401
123,55,3328309,40402
72,68,3328377,40403
554,151,3328528,40404
312,87,3328615,40405
279,103,3328718,40406
425,14,3328732,40407
256,5,3328737,40408
3678,152,3328889,40409
15,22,3328911,40410
11,13,3328924,40411
306,354,3329278,40412
89,41,3329319,40413
499,55,3329374,40414
41,96,3329470,40415
208,25,3329495,40416
2271,25,3329520,40417
636,71,3329591,40418
3876,8,3329599,40419
2503,4,3329603,40420
480,113,3329716,40421
113,23,3329739,40422
509,46,3329785,40423
375,55,3329840,40424
11,19,3329859,40425
164,65,3329924,40426
376,107,3330031,40427
9,24,3330055,40428
262,75,3330130,40429
146,49,3330179,40430
134,44,3330223,40431
167,86,3330309,40432
356,94,3330403,40433
1829,4,3330407,40434
54,1,3330408,40435
3943,18,3330426,40436
366,89,3330515,40437
156,150,3330665,40438
128,55,3330720,40439
223,75,3330795,40440
225,37,3330832,40441
230,135,3330967,40442
418,7,3330974,40443
13,15,3330989,40444
3964,53,3331042,40445
616,51,3331093,40446
60,171,3331264,40447
2787,73,3331337,40448
165,86,3331423,40449
779,364,3331787,40450
435,91,3331878,40451
216,137,3332015,40452
591,69,3332084,40453
3994,12,3332096,40454
10,57,3332153,40455
13,53,3332206,40456
3093,97,3332303,40457
109,18,3332321,40458
236,6,3332327,40459
453,51,3332378,40460
320,29,3332407,40461
568,41,3332448,40462
319,42,3332490,40463
441,136,3332626,40464
471,59,3332685,40465
310,67,3332752,40466
127,56,3332808,40467
258,90,3332898,40468
104,279,3333177,40469
245,47,3333224,40470
215,33,3333257,40471
3754,133,3333390,40472
717,22,3333412,40473
263,155,3333567,40474
2653,93,3333660,40475
13,66,3333726,40476
1566,150,3333876,40477
14,14,3333890,40478
380,20,3333910,40479
1253,17,3333927,40480
104,57,3333984,40481
2010,49,3334033,40482
135,12,3334045,40483
420,2,3334047,40484
9,3,3334050,40485
352,88,3334138,40486
1137,131,3334269,40487
3253,17,3334286,40488
373,27,3334313,40489
3751,6,3334319,40490
151,25,3334344,40491
260,100,3334444,40492
12,70,3334514,40493
15,87,3334601,40494
290,159,3334760,40495
158,29,3334789,40496
422,10,3334799,40497
14,7,3334806,40498
3766,37,3334843,40499
87,401,3335244,40500
474,104,3335348,40501
3877,3,3335351,40502
1468,27,3335378,40503
1976,64,3335442,40504
28,20,3335462,40505
426,5,3335467,40506
150,94,3335561,40507
49,171,3335732,40508
242,186,3335918,40509
565,103,3336021,40510
112,24,3336045,40511
92,72,3336117,40512
884,48,3336165,40513
471,83,3336248,40514
135,23,3336271,40515
1431,109,3336380,40516
2768,181,3336561,40517
120,151,3336712,40518
177,2,3336714,40519
272,199,3336913,40520
304,76,3336989,40521
3871,208,3337197,40522
150,26,3337223,40523
4036,251,3337474,40524
680,1,3337475,40525
119,23,3337498,40526
320,49,3337547,40527
249,100,3337647,40528
3012,34,3337681,40529
381,217,3337898,40530
196,36,3337934,40531
153,74,3338008,40532
200,12,3338020,40533
1670,199,3338219,40534
221,163,3338382,40535
540,41,3338423,40536
109,149,3338572,40537
141,312,3338884,40538
240,6,3338890,40539
803,193,3339083,40540
283,89,3339172,40541
62,6,3339178,40542
3665,40,3339218,40543
635,168,3339386,40544
448,202,3339588,40545
155,287,3339875,40546
153,275,3340150,40547
249,8,3340158,40548
2722,86,3340244,40549
688,9,3340253,40550
424,21,3340274,40551
318,74,3340348,40552
214,478,3340826,40553
2657,64,3340890,40554
121,39,3340929,40555
404,24,3340953,40556
100,220,3341173,40557
34,37,3341210,40558
338,273,3341483,40559
11,22,3341505,40560
24,202,3341707,40561
210,283,3341990,40562
267,11,3342001,40563
152,92,3342093,40564
600,307,3342400,40565
133,15,3342415,40566
348,83,3342498,40567
447,203,3342701,40568
3176,88,3342789,40569
2217,28,3342817,40570
116,90,3342907,40571
103,57,3342964,40572
260,158,3343122,40573
232,179,3343301,40574
1032,47,3343348,40575
117,17,3343365,40576
312,47,3343412,40577
1447,102,3343514,40578
2206,152,3343666,40579
367,57,3343723,40580
2768,28,3343751,40581
49,18,3343769,40582
21,34,3343803,40583
136,83,3343886,40584
11,8,3343894,40585
47,12,3343906,40586
3844,62,3343968,40587
3831,33,3344001,40588
15,124,3344125,40589
411,91,3344216,40590
3498,49,3344265,40591
161,72,3344337,40592
508,17,3344354,40593
210,92,3344446,40594
158,154,3344600,40595
1094,18,3344618,40596
48,38,3344656,40597
62,159,3344815,40598
287,107,3344922,40599
3475,57,3344979,40600
2278,107,3345086,40601
2636,160,3345246,40602
2098,84,3345330,40603
2596,124,3345454,40604
773,108,3345562,40605
63,23,3345585,40606
261,62,3345647,40607
370,113,3345760,40608
196,18,3345778,40609
342,9,3345787,40610
92,13,3345800,40611
389,69,3345869,40612
433,174,3346043,40613
290,3,3346046,40614
433,12,3346058,40615
1360,192,3346250,40616
342,58,3346308,40617
3395,8,3346316,40618
16,80,3346396,40619
1094,428,3346824,40620
162,27,3346851,40621
1108,21,3346872,40622
314,28,3346900,40623
49,48,3346948,40624
104,251,3347199,40625
286,91,3347290,40626
4031,4,3347294,40627
116,10,3347304,40628
1474,53,3347357,40629
107,181,3347538,40630
11,227,3347765,40631
126,18,3347783,40632
100,65,3347848,40633
302,83,3347931,40634
196,65,3347996,40635
3903,35,3348031,40636
212,26,3348057,40637
3328,60,3348117,40638
106,33,3348150,40639
3548,114,3348264,40640
3142,92,3348356,40641
475,116,3348472,40642
61,60,3348532,40643
114,12,3348544,40644
166,26,3348570,40645
417,76,3348646,40646
147,134,3348780,40647
435,122,3348902,40648
325,194,3349096,40649
130,198,3349294,40650
442,107,3349401,40651
2864,103,3349504,40652
351,59,3349563,40653
225,4,3349567,40654
657,5,3349572,40655
3301,77,3349649,40656
36,42,3349691,40657
1853,36,3349727,40658
2678,246,3349973,40659
115,18,3349991,40660
316,57,3350048,40661
181,174,3350222,40662
472,14,3350236,40663
717,38,3350274,40664
12,31,3350305,40665
191,82,3350387,40666
339,9,3350396,40667
284,57,3350453,40668
48,1,3350454,40669
3200,82,3350536,40670
2802,9,3350545,40671
612,64,3350609,40672
383,9,3350618,40673
1615,63,3350681,40674
313,54,3350735,40675
14,103,3350838,40676
11,52,3350890,40677
1405,15,3350905,40678
1166,174,3351079,40679
883,12,3351091,40680
231,46,3351137,40681
396,89,3351226,40682
452,100,3351326,40683
3187,78,3351404,40684
2723,129,3351533,40685
2476,206,3351739,40686
1580,200,3351939,40687
393,15,3351954,40688
112,251,3352205,40689
110,252,3352457,40690
197,78,3352535,40691
47,53,3352588,40692
3923,10,3352598,40693
41,192,3352790,40694
1068,12,3352802,40695
69,12,3352814,40696
131,18,3352832,40697
3059,205,3353037,40698
21,104,3353141,40699
82,58,3353199,40700
156,193,3353392,40701
274,92,3353484,40702
13,38,3353522,40703
60,15,3353537,40704
549,51,3353588,40705
136,37,3353625,40706
3128,16,3353641,40707
316,42,3353683,40708
361,217,3353900,40709
2744,195,3354095,40710
148,85,3354180,40711
11,101,3354281,40712
134,71,3354352,40713
3345,76,3354428,40714
218,11,3354439,40715
12,171,3354610,40716
259,97,3354707,40717
538,16,3354723,40718
121,1,3354724,40719
238,51,3354775,40720
338,46,3354821,40721
1305,110,3354931,40722
1128,91,3355022,40723
238,70,3355092,40724
485,33,3355125,40725
450,10,3355135,40726
172,63,3355198,40727
169,92,3355290,40728
12,28,3355318,40729
2472,71,3355389,40730
15,140,3355529,40731
73,8,3355537,40732
127,72,3355609,40733
15,22,3355631,40734
233,27,3355658,40735
267,10,3355668,40736
1682,197,3355865,40737
848,45,3355910,40738
337,29,3355939,40739
480,19,3355958,40740
78,56,3356014,40741
279,138,3356152,40742
2925,24,3356176,40743
155,137,3356313,40744
379,22,3356335,40745
3180,37,3356372,40746
175,43,3356415,40747
55,66,3356481,40748
242,33,3356514,40749
323,30,3356544,40750
487,117,3356661,40751
144,147,3356808,40752
116,1,3356809,40753
313,39,3356848,40754
202,17,3356865,40755
520,13,3356878,40756
334,16,3356894,40757
446,166,3357060,40758
333,58,3357118,40759
257,23,3357141,40760
485,43,3357184,40761
2535,117,3357301,40762
70,182,3357483,40763
228,60,3357543,40764
262,114,3357657,40765
4012,163,3357820,40766
3537,32,3357852,40767
493,25,3357877,40768
145,14,3357891,40769
133,47,3357938,40770
98,29,3357967,40771
17,63,3358030,40772
555,10,3358040,40773
3487,29,3358069,40774
55,6,3358075,40775
97,189,3358264,40776
228,7,3358271,40777
135,20,3358291,40778
148,38,3358329,40779
1979,23,3358352,40780
206,16,3358368,40781
125,14,3358382,40782
4019,58,3358440,40783
12,24,3358464,40784
22,56,3358520,40785
519,2,3358522,40786
177,33,3358555,40787
115,92,3358647,40788
604,74,3358721,40789
19,101,3358822,40790
281,120,3358942,40791
11,33,3358975,40792
995,103,3359078,40793
233,16,3359094,40794
307,57,3359151,40795
711,2,3359153,40796
16,89,3359242,40797
145,106,3359348,40798
249,49,3359397,40799
231,45,3359442,40800
92,104,3359546,40801
70,5,3359551,40802
324,109,3359660,40803
202,22,3359682,40804
10,19,3359701,40805
260,19,3359720,40806
168,47,3359767,40807
15,8,3359775,40808
279,38,3359813,40809
576,16,3359829,40810
342,102,3359931,40811
199,88,3360019,40812
171,107,3360126,40813
506,22,3360148,40814
682,91,3360239,40815
3376,112,3360351,40816
9,42,3360393,40817
394,42,3360435,40818
511,50,3360485,40819
547,181,3360666,40820
366,62,3360728,40821
418,43,3360771,40822
3514,25,3360796,40823
146,59,3360855,40824
350,144,3360999,40825
312,71,3361070,40826
118,95,3361165,40827
141,20,3361185,40828
47,27,3361212,40829
3565,6,3361218,40830
12,208,3361426,40831
130,46,3361472,40832
678,74,3361546,40833
1062,10,3361556,40834
223,19,3361575,40835
619,34,3361609,40836
2132,39,3361648,40837
370,45,3361693,40838
97,58,3361751,40839
151,123,3361874,40840
1324,102,3361976,40841
155,110,3362086,40842
279,4,3362090,40843
337,301,3362391,40844
292,97,3362488,40845
1501,7,3362495,40846
202,11,3362506,40847
86,30,3362536,40848
467,88,3362624,40849
159,64,3362688,40850
474,143,3362831,40851
1094,87,3362918,40852
2150,13,3362931,40853
731,177,3363108,40854
3843,55,3363163,40855
464,329,3363492,40856
431,20,3363512,40857
280,85,3363597,40858
29,316,3363913,40859
279,87,3364000,40860
13,181,3364181,40861
119,24,3364205,40862
178,60,3364265,40863
962,382,3364647,40864
42,202,3364849,40865
1865,26,3364875,40866
100,86,3364961,40867
269,1,3364962,40868
70,60,3365022,40869
3064,263,3365285,40870
396,50,3365335,40871
291,125,3365460,40872
214,25,3365485,40873
302,38,3365523,40874
127,45,3365568,40875
360,53,3365621,40876
1928,35,3365656,40877
20,39,3365695,40878
54,68,3365763,40879
967,7,3365770,40880
338,30,3365800,40881
119,36,3365836,40882
535,71,3365907,40883
780,72,3365979,40884
271,424,3366403,40885
317,84,3366487,40886
302,53,3366540,40887
159,70,3366610,40888
4027,114,3366724,40889
371,251,3366975,40890
139,13,3366988,40891
272,90,3367078,40892
391,48,3367126,40893
123,25,3367151,40894
292,37,3367188,40895
178,31,3367219,40896
1737,165,3367384,40897
214,50,3367434,40898
333,77,3367511,40899
75,104,3367615,40900
137,15,3367630,40901
225,7,3367637,40902
434,113,3367750,40903
10,42,3367792,40904
23,125,3367917,40905
112,6,3367923,40906
244,13,3367936,40907
141,199,3368135,40908
168,90,3368225,40909
24,85,3368310,40910
321,237,3368547,40911
2334,15,3368562,40912
495,48,3368610,40913
352,50,3368660,40914
291,41,3368701,40915
756,110,3368811,40916
291,110,3368921,40917
9,84,3369005,40918
136,85,3369090,40919
162,27,3369117,40920
10,45,3369162,40921
159,13,3369175,40922
690,87,3369262,40923
138,48,3369310,40924
138,23,3369333,40925
142,4,3369337,40926
200,89,3369426,40927
3304,134,3369560,40928
412,117,3369677,40929
193,20,3369697,40930
148,37,3369734,40931
18,7,3369741,40932
275,61,3369802,40933
170,92,3369894,40934
158,57,3369951,40935
132,97,3370048,40936
2830,47,3370095,40937
2600,178,3370273,40938
428,63,3370336,40939
811,27,3370363,40940
413,167,3370530,40941
160,7,3370537,40942
354,53,3370590,40943
250,20,3370610,40944
1206,27,3370637,40945
550,23,3370660,40946
12,196,3370856,40947
206,52,3370908,40948
18,78,3370986,40949
1113,22,3371008,40950
1470,103,3371111,40951
395,30,3371141,40952
1793,4,3371145,40953
341,38,3371183,40954
1914,259,3371442,40955
449,87,3371529,40956
381,210,3371739,40957
130,113,3371852,40958
131,34,3371886,40959
443,25,3371911,40960
224,10,3371921,40961
14,469,3372390,40962
430,52,3372442,40963
390,21,3372463,40964
3390,36,3372499,40965
207,45,3372544,40966
337,124,3372668,40967
134,50,3372718,40968
880,34,3372752,40969
68,16,3372768,40970
4001,106,3372874,40971
94,48,3372922,40972
2020,149,3373071,40973
2056,34,3373105,40974
260,4,3373109,40975
12,87,3373196,40976
1308,7,3373203,40977
98,37,3373240,40978
145,8,3373248,40979
2170,32,3373280,40980
140,14,3373294,40981
272,394,3373688,40982
271,101,3373789,40983
2064,116,3373905,40984
643,7,3373912,40985
335,53,3373965,40986
131,2,3373967,40987
17,201,3374168,40988
20,96,3374264,40989
282,122,3374386,40990
124,4,3374390,40991
311,37,3374427,40992
398,90,3374517,40993
119,28,3374545,40994
160,79,3374624,40995
10,2,3374626,40996
208,3,3374629,40997
196,97,3374726,40998
345,34,3374760,40999
2554,5,3374765,41000
363,8,3374773,41001
10,36,3374809,41002
220,33,3374842,41003
54,29,3374871,41004
149,33,3374904,41005
181,71,3374975,41006
154,33,3375008,41007
162,24,3375032,41008
301,59,3375091,41009
32,73,3375164,41010
2990,12,3375176,41011
2373,103,3375279,41012
1083,14,3375293,41013
379,104,3375397,41014
350,137,3375534,41015
188,86,3375620,41016
197,46,3375666,41017
289,81,3375747,41018
13,175,3375922,41019
311,95,3376017,41020
193,157,3376174,41021
20,49,3376223,41022
2433,61,3376284,41023
134,117,3376401,41024
427,27,3376428,41025
77,43,3376471,41026
4091,18,3376489,41027
487,198,3376687,41028
103,118,3376805,41029
116,23,3376828,41030
376,130,3376958,41031
70,58,3377016,41032
390,45,3377061,41033
150,182,3377243,41034
386,291,3377534,41035
137,99,3377633,41036
138,61,3377694,41037
3414,45,3377739,41038
287,68,3377807,41039
282,98,3377905,41040
141,145,3378050,41041
311,200,3378250,41042
164,41,3378291,41043
307,25,3378316,41044
409,14,3378330,41045
166,25,3378355,41046
1118,64,3378419,41047
4012,91,3378510,41048
844,18,3378528,41049
3949,65,3378593,41050
301,133,3378726,41051
2091,32,3378758,41052
12,62,3378820,41053
100,253,3379073,41054
476,99,3379172,41055
111,42,3379214,41056
1127,37,3379251,41057
319,11,3379262,41058
308,26,3379288,41059
615,27,3379315,41060
139,128,3379443,41061
60,11,3379454,41062
93,72,3379526,41063
1618,117,3379643,41064
117,67,3379710,41065
627,149,3379859,41066
59,39,3379898,41067
2426,98,3379996,41068
1789,77,3380073,41069
502,67,3380140,41070
131,73,3380213,41071
158,229,3380442,41072
144,56,3380498,41073
2906,184,3380682,41074
156,1,3380683,41075
10,32,3380715,41076
10,22,3380737,41077
309,23,3380760,41078
299,68,3380828,41079
1102,66,3380894,41080
147,18,3380912,41081
314,92,3381004,41082
256,123,3381127,41083
398,70,3381197,41084
12,253,3381450,41085
3794,3,3381453,41086
292,240,3381693,41087
3954,109,3381802,41088
157,25,3381827,41089
354,144,3381971,41090
101,100,3382071,41091
139,107,3382178,41092
439,80,3382258,41093
316,13,3382271,41094
150,40,3382311,41095
982,52,3382363,41096
155,73,3382436,41097
22,7,3382443,41098
2347,31,3382474,41099
146,270,3382744,41100
93,43,3382787,41101
138,363,3383150,41102
174,13,3383163,41103
309,11,3383174,41104
12,86,3383260,41105
242,22,3383282,41106
4057,17,3383299,41107
1207,18,3383317,41108
124,63,3383380,41109
83,13,3383393,41110
334,79,3383472,41111
418,38,3383510,41112
129,18,3383528,41113
317,33,3383561,41114
141,44,3383605,41115
119,405,3384010,41116
822,231,3384241,41117
111,21,3384262,41118
98,95,3384357,41119
297,118,3384475,41120
327,13,3384488,41121
603,27,3384515,41122
2714,74,3384589,41123
1481,10,3384599,41124
353,61,3384660,41125
33,55,3384715,41126
189,13,3384728,41127
545,2,3384730,41128
1087,221,3384951,41129
3243,43,3384994,41130
164,30,3385024,41131
336,17,3385041,41132
353,26,3385067,41133
94,68,3385135,41134
2096,125,3385260,41135
139,46,3385306,41136
253,1,3385307,41137
469,54,3385361,41138
123,137,3385498,41139
196,170,3385668,41140
135,209,3385877,41141
867,67,3385944,41142
401,20,3385964,41143
499,44,3386008,41144
188,134,3386142,41145
199,96,3386238,41146
1894,37,3386275,41147
184,27,3386302,41148
140,64,3386366,41149
33,54,3386420,41150
633,7,3386427,41151
59,99,3386526,41152
392,172,3386698,41153
396,31,3386729,41154
326,248,3386977,41155
1259,62,3387039,41156
75,115,3387154,41157
415,56,3387210,41158
130,1,3387211,41159
333,6,3387217,41160
365,245,3387462,41161
2494,23,3387485,41162
3954,80,3387565,41163
3577,68,3387633,41164
489,11,3387644,41165
396,39,3387683,41166
22,66,3387749,41167
343,83,3387832,41168
2903,32,3387864,41169
3987,9,3387873,41170
149,52,3387925,41171
261,181,3388106,41172
1543,208,3388314,41173
1941,58,3388372,41174
1536,45,3388417,41175
162,114,3388531,41176
209,34,3388565,41177
468,249,3388814,41178
310,48,3388862,41179
2170,2,3388864,41180
268,73,3388937,41181
1821,66,3389003,41182
151,250,3389253,41183
306,32,3389285,41184
70,43,3389328,41185
191,17,3389345,41186
181,26,3389371,41187
490,51,3389422,41188
381,70,3389492,41189
440,99,3389591,41190
167,61,3389652,41191
235,94,3389746,41192
1762,15,3389761,41193
2020,16,3389777,41194
278,119,3389896,41195
76,167,3390063,41196
273,23,3390086,41197
960,7,3390093,41198
90,703,3390796,41199
17,20,3390816,41200
1207,74,3390890,41201
27,242,3391132,41202
414,130,3391262,41203
311,101,3391363,41204
12,24,3391387,41205
367,255,3391642,41206
574,18,3391660,41207
508,64,3391724,41208
272,12,3391736,41209
424,288,3392024,41210
11,12,3392036,41211
79,32,3392068,41212
98,252,3392320,41213
335,30,3392350,41214
72,2,3392352,41215
72,82,3392434,41216
2620,25,3392459,41217
466,107,3392566,41218
3656,28,3392594,41219
341,46,3392640,41220
275,4,3392644,41221
430,37,3392681,41222
136,43,3392724,41223
475,17,3392741,41224
1135,64,3392805,41225
212,5,3392810,41226
461,104,3392914,41227
249,24,3392938,41228
201,102,3393040,41229
919,40,3393080,41230
158,62,3393142,41231
210,118,3393260,41232
1928,14,3393274,41233
17,28,3393302,41234
510,73,3393375,41235
389,55,3393430,41236
471,16,3393446,41237
160,76,3393522,41238
3691,127,3393649,41239
108,49,3393698,41240
1837,29,3393727,41241
3123,20,3393747,41242
18,25,3393772,41243
181,83,3393855,41244
380,96,3393951,41245
295,67,3394018,41246
268,16,3394034,41247
20,92,3394126,41248
456,113,3394239,41249
399,14,3394253,41250
345,74,3394327,41251
571,99,3394426,41252
133,114,3394540,41253
714,8,3394548,41254
689,76,3394624,41255
347,224,3394848,41256
537,110,3394958,41257
3626,27,3394985,41258
1741,30,3395015,41259
510,85,3395100,41260
36,20,3395120,41261
174,77,3395197,41262
438,114,3395311,41263
264,286,3395597,41264
118,208,3395805,41265
463,473,3396278,41266
9,51,3396329,41267
129,190,3396519,41268
16,100,3396619,41269
123,37,3396656,41270
175,66,3396722,41271
139,224,3396946,41272
317,31,3396977,41273
30,139,3397116,41274
179,8,3397124,41275
297,22,3397146,41276
405,127,3397273,41277
171,116,3397389,41278
16,25,3397414,41279
300,151,3397565,41280
175,100,3397665,41281
66,9,3397674,41282
10,2,3397676,41283
2328,43,3397719,41284
70,68,3397787,41285
142,314,3398101,41286
276,98,3398199,41287
262,43,3398242,41288
430,1,3398243,41289
765,1,3398244,41290
150,64,3398308,41291
99,10,3398318,41292
333,29,3398347,41293
188,28,3398375,41294
281,50,3398425,41295
626,17,3398442,41296
13,5,3398447,41297
509,51,3398498,41298
114,8,3398506,41299
1027,63,3398569,41300
2968,19,3398588,41301
2496,3,3398591,41302
220,132,3398723,41303
68,3,3398726,41304
218,20,3398746,41305
1182,2,3398748,41306
327,81,3398829,41307
2578,72,3398901,41308
438,169,3399070,41309
131,12,3399082,41310
2866,151,3399233,41311
3018,99,3399332,41312
547,9,3399341,41313
14,55,3399396,41314
131,207,3399603,41315
336,160,3399763,41316
561,6,3399769,41317
1694,83,3399852,41318
132,1,3399853,41319
1818,139,3399992,41320
13,6,3399998,41321
165,19,3400017,41322
378,356,3400373,41323
111,183,3400556,41324
249,7,3400563,41325
149,44,3400607,41326
2611,129,3400736,41327
705,35,3400771,41328
2343,31,3400802,41329
148,52,3400854,41330
132,101,3400955,41331
285,19,3400974,41332
123,72,3401046,41333
207,27,3401073,41334
593,319,3401392,41335
23,31,3401423,41336
149,109,3401532,41337
178,89,3401621,41338
3280,62,3401683,41339
211,31,3401714,41340
92,61,3401775,41341
2735,67,3401842,41342
330,7,3401849,41343
374,110,3401959,41344
183,197,3402156,41345
270,4,3402160,41346
285,292,3402452,41347
166,1,3402453,41348
149,21,3402474,41349
137,57,3402531,41350
366,41,3402572,41351
315,45,3402617,41352
272,185,3402802,41353
1521,51,3402853,41354
318,8,3402861,41355
2307,441,3403302,41356
151,87,3403389,41357
103,65,3403454,41358
2847,2,3403456,41359
15,41,3403497,41360
1220,186,3403683,41361
2497,44,3403727,41362
372,14,3403741,41363
12,64,3403805,41364
327,29,3403834,41365
8,110,3403944,41366
566,21,3403965,41367
437,25,3403990,41368
196,166,3404156,41369
367,54,3404210,41370
330,236,3404446,41371
3859,148,3404594,41372
1863,55,3404649,41373
461,174,3404823,41374
1532,147,3404970,41375
501,241,3405211,41376
346,199,3405410,41377
634,41,3405451,41378
725,65,3405516,41379
132,20,3405536,41380
3975,40,3405576,41381
503,28,3405604,41382
142,40,3405644,41383
310,21,3405665,41384
397,186,3405851,41385
390,123,3405974,41386
119,13,3405987,41387
118,7,3405994,41388
287,94,3406088,41389
2525,14,3406102,41390
2537,81,3406183,41391
50,170,3406353,41392
442,243,3406596,41393
97,219,3406815,41394
1637,84,3406899,41395
1527,131,3407030,41396
3115,259,3407289,41397
3268,10,3407299,41398
423,9,3407308,41399
25,16,3407324,41400
166,46,3407370,41401
1383,165,3407535,41402
195,89,3407624,41403
131,5,3407629,41404
395,32,3407661,41405
3171,96,3407757,41406
701,139,3407896,41407
291,72,3407968,41408
209,18,3407986,41409
203,8,3407994,41410
1299,126,3408120,41411
104,22,3408142,41412
304,101,3408243,41413
403,118,3408361,41414
76,173,3408534,41415
120,98,3408632,41416
178,79,3408711,41417
248,48,3408759,41418
81,150,3408909,41419
456,60,3408969,41420
17,115,3409084,41421
24,66,3409150,41422
569,71,3409221,41423
1944,109,3409330,41424
3473,33,3409363,41425
179,110,3409473,41426
13,28,3409501,41427
226,35,3409536,41428
1411,74,3409610,41429
776,79,3409689,41430
135,233,3409922,41431
3508,168,3410090,41432
11,56,3410146,41433
141,134,3410280,41434
226,41,3410321,41435
60,44,3410365,41436
125,128,3410493,41437
429,13,3410506,41438
161,475,3410981,41439
104,30,3411011,41440
2047,54,3411065,41441
718,72,3411137,41442
3354,142,3411279,41443
2473,3,3411282,41444
15,224,3411506,41445
58,343,3411849,41446
391,54,3411903,41447
179,79,3411982,41448
118,4,3411986,41449
93,56,3412042,41450
628,138,3412180,41451
176,85,3412265,41452
12,74,3412339,41453
20,30,3412369,41454
162,156,3412525,41455
1582,56,3412581,41456
101,18,3412599,41457
219,58,3412657,41458
239,8,3412665,41459
464,71,3412736,41460
26,5,3412741,41461
277,9,3412750,41462
178,231,3412981,41463
2165,1,3412982,41464
2569,17,3412999,41465
67,99,3413098,41466
127,80,3413178,41467
27,9,3413187,41468
401,156,3413343,41469
397,74,3413417,41470
122,62,3413479,41471
16,3,3413482,41472
4077,2,3413484,41473
118,26,3413510,41474
98,117,3413627,41475
382,70,3413697,41476
293,28,3413725,41477
219,285,3414010,41478
426,25,3414035,41479
145,67,3414102,41480
292,102,3414204,41481
313,22,3414226,41482
343,210,3414436,41483
199,106,3414542,41484
328,75,3414617,41485
2992,26,3414643,41486
302,178,3414821,41487
316,23,3414844,41488
3728,128,3414972,41489
286,32,3415004,41490
3452,13,3415017,41491
2399,18,3415035,41492
2602,64,3415099,41493
30,33,3415132,41494
135,132,3415264,41495
115,79,3415343,41496
1449,39,3415382,41497
85,105,3415487,41498
288,37,3415524,41499
81,86,3415610,41500
308,270,3415880,41501
113,222,3416102,41502
159,245,3416347,41503
324,6,3416353,41504
27,76,3416429,41505
113,17,3416446,41506
255,40,3416486,41507
358,3,3416489,41508
560,29,3416518,41509
214,60,3416578,41510
333,76,3416654,41511
59,84,3416738,41512
337,14,3416752,41513
131,22,3416774,41514
113,8,3416782,41515
34,59,3416841,41516
799,84,3416925,41517
15,454,3417379,41518
49,63,3417442,41519
324,92,3417534,41520
427,45,3417579,41521
76,24,3417603,41522
329,48,3417651,41523
68,15,3417666,41524
12,78,3417744,41525
1179,37,3417781,41526
380,31,3417812,41527
13,272,3418084,41528
172,69,3418153,41529
163,138,3418291,41530
67,85,3418376,41531
100,122,3418498,41532
138,45,3418543,41533
174,85,3418628,41534
20,108,3418736,41535
1667,181,3418917,41536
3721,261,3419178,41537
159,109,3419287,41538
193,55,3419342,41539
500,32,3419374,41540
1875,21,3419395,41541
106,203,3419598,41542
319,41,3419639,41543
600,156,3419795,41544
122,57,3419852,41545
71,79,3419931,41546
291,89,3420020,41547
237,17,3420037,41548
180,255,3420292,41549
144,37,3420329,41550
401,185,3420514,41551
314,49,3420563,41552
3276,24,3420587,41553
3113,17,3420604,41554
355,193,3420797,41555
4010,349,3421146,41556
1029,130,3421276,41557
133,234,3421510,41558
527,111,3421621,41559
283,84,3421705,41560
263,35,3421740,41561
10,35,3421775,41562
40,58,3421833,41563
241,22,3421855,41564
147,46,3421901,41565
319,5,3421906,41566
32,129,3422035,41567
554,112,3422147,41568
12,15,3422162,41569
1059,196,3422358,41570
35,38,3422396,41571
115,13,3422409,41572
177,198,3422607,41573
111,224,3422831,41574
269,275,3423106,41575
100,76,3423182,41576
330,50,3423232,41577
562,85,3423317,41578
237,3,3423320,41579
273,80,3423400,41580
111,23,3423423,41581
868,23,3423446,41582
171,247,3423693,41583
95,112,3423805,41584
63,93,3423898,41585
3005,519,3424417,41586
102,49,3424466,41587
15,133,3424599,41588
24,14,3424613,41589
3068,11,3424624,41590
735,12,3424636,41591
84,67,3424703,41592
380,17,3424720,41593
923,213,3424933,41594
143,211,3425144,41595
299,83,3425227,41596
122,495,3425722,41597
755,9,3425731,41598
462,76,3425807,41599
587,95,3425902,41600
287,1,3425903,41601
2997,52,3425955,41602
96,15,3425970,41603
310,93,3426063,41604
368,121,3426184,41605
153,124,3426308,41606
272,67,3426375,41607
512,91,3426466,41608
4024,85,3426551,41609
427,131,3426682,41610
120,153,3426835,41611
196,118,3426953,41612
495,184,3427137,41613
17,20,3427157,41614
37,60,3427217,41615
136,95,3427312,41616
113,49,3427361,41617
338,17,3427378,41618
204,25,3427403,41619
126,45,3427448,41620
136,87,3427535,41621
158,68,3427603,41622
1903,72,3427675,41623
10,13,3427688,41624
347,191,3427879,41625
84,70,3427949,41626
3577,9,3427958,41627
3428,2,3427960,41628
299,7,3427967,41629
194,30,3427997,41630
11,151,3428148,41631
779,233,3428381,41632
1673,70,3428451,41633
429,17,3428468,41634
3474,69,3428537,41635
67,7,3428544,41636
162,169,3428713,41637
343,23,3428736,41638
161,11,3428747,41639
3138,120,3428867,41640
3998,127,3428994,41641
133,274,3429268,41642
126,65,3429333,41643
3684,47,3429380,41644
354,42,3429422,41645
128,2,3429424,41646
3193,134,3429558,41647
379,82,3429640,41648
23,94,3429734,41649
415,290,3430024,41650
272,22,3430046,41651
12,131,3430177,41652
1404,37,3430214,41653
53,117,3430331,41654
830,18,3430349,41655
167,40,3430389,41656
359,32,3430421,41657
436,100,3430521,41658
341,21,3430542,41659
446,344,3430886,41660
696,55,3430941,41661
116,22,3430963,41662
200,136,3431099,41663
271,117,3431216,41664
135,87,3431303,41665
994,46,3431349,41666
741,38,3431387,41667
160,29,3431416,41668
623,90,3431506,41669
288,70,3431576,41670
349,76,3431652,41671
11,84,3431736,41672
346,111,3431847,41673
482,54,3431901,41674
152,118,3432019,41675
3196,21,3432040,41676
1556,36,3432076,41677
69,130,3432206,41678
33,152,3432358,41679
389,38,3432396,41680
153,110,3432506,41681
2370,19,3432525,41682
352,137,3432662,41683
3781,30,3432692,41684
3707,116,3432808,41685
314,97,3432905,41686
82,23,3432928,41687
292,32,3432960,41688
120,95,3433055,41689
318,239,3433294,41690
2648,67,3433361,41691
1311,129,3433490,41692
2701,69,3433559,41693
20,22,3433581,41694
3038,117,3433698,41695
84,149,3433847,41696
384,163,3434010,41697
2069,58,3434068,41698
411,29,3434097,41699
514,167,3434264,41700
242,181,3434445,41701
10,69,3434514,41702
373,44,3434558,41703
3943,37,3434595,41704
1753,85,3434680,41705
2800,14,3434694,41706
86,2,3434696,41707
738,17,3434713,41708
130,88,3434801,41709
350,55,3434856,41710
117,14,3434870,41711
447,80,3434950,41712
1645,105,3435055,41713
289,168,3435223,41714
2972,120,3435343,41715
464,151,3435494,41716
1941,137,3435631,41717
4031,64,3435695,41718
664,151,3435846,41719
277,148,3435994,41720
2407,84,3436078,41721
307,33,3436111,41722
427,119,3436230,41723
2849,15,3436245,41724
2361,86,3436331,41725
268,91,3436422,41726
171,433,3436855,41727
268,6,3436861,41728
348,64,3436925,41729
2896,47,3436972,41730
77,6,3436978,41731
126,19,3436997,41732
1943,25,3437022,41733
264,16,3437038,41734
142,227,3437265,41735
1366,122,3437387,41736
317,29,3437416,41737
3874,244,3437660,41738
260,8,3437668,41739
648,22,3437690,41740
137,75,3437765,41741
351,21,3437786,41742
1340,5,3437791,41743
13,257,3438048,41744
703,8,3438056,41745
782,10,3438066,41746
483,53,3438119,41747
259,464,3438583,41748
121,144,3438727,41749
327,37,3438764,41750
47,147,3438911,41751
259,106,3439017,41752
280,3,3439020,41753
734,25,3439045,41754
358,184,3439229,41755
242,125,3439354,41756
3321,100,3439454,41757
1733,5,3439459,41758
91,7,3439466,41759
3465,133,3439599,41760
481,48,3439647,41761
74,1,3439648,41762
129,107,3439755,41763
98,102,3439857,41764
1856,63,3439920,41765
670,132,3440052,41766
380,24,3440076,41767
41,98,3440174,41768
83,155,3440329,41769
178,19,3440348,41770
165,206,3440554,41771
114,126,3440680,41772
3083,16,3440696,41773
954,193,3440889,41774
52,38,3440927,41775
249,74,3441001,41776
20,323,3441324,41777
59,171,3441495,41778
113,339,3441834,41779
15,172,3442006,41780
343,100,3442106,41781
1788,76,3442182,41782
3514,591,3442773,41783
304,33,3442806,41784
264,92,3442898,41785
913,8,3442906,41786
14,95,3443001,41787
306,206,3443207,41788
1058,8,3443215,41789
153,2,3443217,41790
2919,39,3443256,41791
3363,76,3443332,41792
2638,223,3443555,41793
2438,64,3443619,41794
563,199,3443818,41795
158,2,3443820,41796
136,144,3443964,41797
268,12,3443976,41798
140,111,3444087,41799
12,75,3444162,41800
271,7,3444169,41801
166,66,3444235,41802
383,162,3444397,41803
85,153,3444550,41804
3883,10,3444560,41805
208,185,3444745,41806
479,58,3444803,41807
977,47,3444850,41808
397,73,3444923,41809
606,276,3445199,41810
2144,43,3445242,41811
15,86,3445328,41812
164,2,3445330,41813
69,14,3445344,41814
133,18,3445362,41815
181,93,3445455,41816
297,78,3445533,41817
122,37,3445570,41818
286,14,3445584,41819
128,3,3445587,41820
83,47,3445634,41821
193,51,3445685,41822
128,57,3445742,41823
295,98,3445840,41824
328,17,3445857,41825
117,4,3445861,41826
2616,237,3446098,41827
9,32,3446130,41828
2259,124,3446254,41829
14,91,3446345,41830
85,42,3446387,41831
14,56,3446443,41832
120,14,3446457,41833
381,146,3446603,41834
285,15,3446618,41835
393,171,3446789,41836
412,15,3446804,41837
321,43,3446847,41838
41,150,3446997,41839
104,18,3447015,41840
164,49,3447064,41841
2177,214,3447278,41842
59,1,3447279,41843
123,215,3447494,41844
245,257,3447751,41845
333,17,3447768,41846
351,9,3447777,41847
659,13,3447790,41848
2268,103,3447893,41849
3244,145,3448038,41850
232,200,3448238,41851
2529,43,3448281,41852
16,55,3448336,41853
579,265,3448601,41854
110,101,3448702,41855
1068,33,3448735,41856
256,21,3448756,41857
469,115,3448871,41858
476,80,3448951,41859
135,38,3448989,41860
128,90,3449079,41861
135,58,3449137,41862
346,34,3449171,41863
478,386,3449557,41864
96,149,3449706,41865
113,145,3449851,41866
139,90,3449941,41867
241,40,3449981,41868
88,96,3450077,41869
521,126,3450203,41870
54,191,3450394,41871
13,139,3450533,41872
139,96,3450629,41873
3201,136,3450765,41874
384,312,3451077,41875
117,134,3451211,41876
287,42,3451253,41877
155,116,3451369,41878
485,39,3451408,41879
98,155,3451563,41880
1381,65,3451628,41881
263,5,3451633,41882
2495,5,3451638,41883
243,225,3451863,41884
84,40,3451903,41885
592,68,3451971,41886
285,32,3452003,41887
3390,155,3452158,41888
349,69,3452227,41889
425,116,3452343,41890
2575,3,3452346,41891
1004,63,3452409,41892
297,49,3452458,41893
221,101,3452559,41894
2679,154,3452713,41895
373,13,3452726,41896
295,177,3452903,41897
111,1,3452904,41898
3595,10,3452914,41899
838,202,3453116,41900
3970,66,3453182,41901
1134,45,3453227,41902
18,7,3453234,41903
84,17,3453251,41904
336,11,3453262,41905
292,82,3453344,41906
304,73,3453417,41907
272,208,3453625,41908
459,12,3453637,41909
398,115,3453752,41910
123,65,3453817,41911
460,365,3454182,41912
249,110,3454292,41913
12,38,3454330,41914
156,126,3454456,41915
34,31,3454487,41916
85,9,3454496,41917
3637,278,3454774,41918
101,97,3454871,41919
14,126,3454997,41920
137,82,3455079,41921
181,339,3455418,41922
2324,170,3455588,41923
1752,71,3455659,41924
139,107,3455766,41925
844,7,3455773,41926
307,79,3455852,41927
385,61,3455913,41928
206,72,3455985,41929
250,8,3455993,41930
54,131,3456124,41931
8,11,3456135,41932
3584,10,3456145,41933
336,82,3456227,41934
462,1,3456228,41935
268,1,3456229,41936
379,160,3456389,41937
3631,18,3456407,41938
3602,45,3456452,41939
309,333,3456785,41940
314,9,3456794,41941
361,106,3456900,41942
3993,136,3457036,41943
881,262,3457298,41944
134,13,3457311,41945
115,3,3457314,41946
344,314,3457628,41947
166,122,3457750,41948
210,4,3457754,41949
278,10,3457764,41950
280,124,3457888,41951
1159,55,3457943,41952
424,127,3458070,41953
2948,64,3458134,41954
1112,55,3458189,41955
234,21,3458210,41956
3356,163,3458373,41957
120,68,3458441,41958
300,140,3458581,41959
436,39,3458620,41960
13,197,3458817,41961
326,365,3459182,41962
267,126,3459308,41963
360,262,3459570,41964
2495,189,3459759,41965
111,7,3459766,41966
3016,123,3459889,41967
88,109,3459998,41968
59,94,3460092,41969
134,200,3460292,41970
134,114,3460406,41971
2692,141,3460547,41972
15,26,3460573,41973
140,101,3460674,41974
353,15,3460689,41975
22,107,3460796,41976
2692,40,3460836,41977
527,79,3460915,41978
1129,135,3461050,41979
163,5,3461055,41980
55,76,3461131,41981
187,18,3461149,41982
2569,101,3461250,41983
253,181,3461431,41984
213,90,3461521,41985
219,27,3461548,41986
3210,112,3461660,41987
142,143,3461803,41988
676,29,3461832,41989
963,23,3461855,41990
195,11,3461866,41991
10,64,3461930,41992
1463,4,3461934,41993
163,277,3462211,41994
288,78,3462289,41995
3568,139,3462428,41996
3462,107,3462535,41997
834,104,3462639,41998
11,33,3462672,41999
3711,37,3462709,42000
608,105,3462814,42001
908,55,3462869,42002
309,23,3462892,42003
1136,45,3462937,42004
22,2,3462939,42005
1283,350,3463289,42006
2672,21,3463310,42007
335,20,3463330,42008
150,141,3463471,42009
61,92,3463563,42010
152,127,3463690,42011
154,66,3463756,42012
36,38,3463794,42013
137,26,3463820,42014
169,11,3463831,42015
166,61,3463892,42016
923,2,3463894,42017
42,342,3464236,42018
4060,28,3464264,42019
319,65,3464329,42020
85,5,3464334,42021
13,14,3464348,42022
202,15,3464363,42023
199,85,3464448,42024
463,11,3464459,42025
374,77,3464536,42026
968,89,3464625,42027
59,116,3464741,42028
115,110,3464851,42029
40,5,3464856,42030
367,104,3464960,42031
132,428,3465388,42032
212,122,3465510,42033
331,159,3465669,42034
334,73,3465742,42035
136,51,3465793,42036
131,70,3465863,42037
2489,115,3465978,42038
306,52,3466030,42039
86,46,3466076,42040
178,176,3466252,42041
146,205,3466457,42042
181,57,3466514,42043
273,72,3466586,42044
2354,62,3466648,42045
328,57,3466705,42046
1159,95,3466800,42047
34,15,3466815,42048
2970,10,3466825,42049
140,66,3466891,42050
923,63,3466954,42051
181,18,3466972,42052
13,231,3467203,42053
1636,78,3467281,42054
1399,74,3467355,42055
60,68,3467423,42056
150,105,3467528,42057
39,129,3467657,42058
281,49,3467706,42059
146,371,3468077,42060
1432,69,3468146,42061
19,240,3468386,42062
3728,101,3468487,42063
306,2,3468489,42064
221,202,3468691,42065
356,19,3468710,42066
109,92,3468802,42067
114,101,3468903,42068
852,4,3468907,42069
481,43,3468950,42070
331,91,3469041,42071
418,130,3469171,42072
333,88,3469259,42073
12,16,3469275,42074
562,57,3469332,42075
404,48,3469380,42076
272,226,3469606,42077
334,3,3469609,42078
2975,2,3469611,42079
121,33,3469644,42080
2141,73,3469717,42081
117,8,3469725,42082
352,113,3469838,42083
251,49,3469887,42084
14,91,3469978,42085
141,29,3470007,42086
470,168,3470175,42087
77,103,3470278,42088
246,133,3470411,42089
1981,37,3470448,42090
375,41,3470489,42091
14,143,3470632,42092
245,40,3470672,42093
15,77,3470749,42094
13,54,3470803,42095
2823,78,3470881,42096
2030,27,3470908,42097
109,13,3470921,42098
280,119,3471040,42099
312,79,3471119,42100
381,48,3471167,42101
349,112,3471279,42102
297,28,3471307,42103
146,196,3471503,42104
166,100,3471603,42105
16,143,3471746,42106
338,11,3471757,42107
2030,191,3471948,42108
228,61,3472009,42109
123,50,3472059,42110
498,158,3472217,42111
1508,48,3472265,42112
22,153,3472418,42113
113,38,3472456,42114
3674,22,3472478,42115
12,64,3472542,42116
366,59,3472601,42117
141,92,3472693,42118
415,81,3472774,42119
142,93,3472867,42120
182,47,3472914,42121
9,17,3472931,42122
48,8,3472939,42123
1300,359,3473298,42124
188,81,3473379,42125
9,99,3473478,42126
261,20,3473498,42127
104,99,3473597,42128
235,161,3473758,42129
292,481,3474239,42130
2663,19,3474258,42131
1602,101,3474359,42132
306,11,3474370,42133
99,54,3474424,42134
240,86,3474510,42135
13,125,3474635,42136
131,44,3474679,42137
1912,55,3474734,42138
285,64,3474798,42139
219,12,3474810,42140
131,108,3474918,42141
293,21,3474939,42142
309,262,3475201,42143
354,26,3475227,42144
594,28,3475255,42145
1707,3,3475258,42146
2626,47,3475305,42147
135,11,3475316,42148
284,1,3475317,42149
16,18,3475335,42150
3591,82,3475417,42151
650,25,3475442,42152
119,98,3475540,42153
11,100,3475640,42154
10,33,3475673,42155
15,315,3475988,42156
1563,100,3476088,42157
503,26,3476114,42158
913,27,3476141,42159
3224,9,3476150,42160
3999,43,3476193,42161
152,23,3476216,42162
2203,109,3476325,42163
369,153,3476478,42164
204,60,3476538,42165
343,54,3476592,42166
285,11,3476603,42167
143,21,3476624,42168
773,70,3476694,42169
46,200,3476894,42170
335,18,3476912,42171
10,2,3476914,42172
150,13,3476927,42173
260,81,3477008,42174
3584,232,3477240,42175
328,121,3477361,42176
127,49,3477410,42177
23,31,3477441,42178
188,59,3477500,42179
11,24,3477524,42180
334,40,3477564,42181
25,41,3477605,42182
217,4,3477609,42183
264,29,3477638,42184
473,18,3477656,42185
534,141,3477797,42186
129,10,3477807,42187
280,165,3477972,42188
51,22,3477994,42189
126,61,3478055,42190
140,43,3478098,42191
1070,27,3478125,42192
124,163,3478288,42193
615,73,3478361,42194
562,7,3478368,42195
323,109,3478477,42196
111,90,3478567,42197
157,226,3478793,42198
325,34,3478827,42199
1047,15,3478842,42200
200,216,3479058,42201
214,250,3479308,42202
1263,98,3479406,42203
184,7,3479413,42204
240,54,3479467,42205
438,202,3479669,42206
2354,69,3479738,42207
481,37,3479775,42208
120,127,3479902,42209
12,28,3479930,42210
1284,125,3480055,42211
181,54,3480109,42212
107,68,3480177,42213
197,205,3480382,42214
4048,39,3480421,42215
21,2,3480423,42216
3731,59,3480482,42217
9,90,3480572,42218
2282,103,3480675,42219
2441,174,3480849,42220
526,80,3480929,42221
267,35,3480964,42222
346,37,3481001,42223
241,49,3481050,42224
3184,74,3481124,42225
3026,25,3481149,42226
85,22,3481171,42227
204,58,3481229,42228
370,99,3481328,42229
113,119,3481447,42230
124,20,3481467,42231
36,68,3481535,42232
101,121,3481656,42233
1712,27,3481683,42234
202,30,3481713,42235
204,18,3481731,42236
9,16,3481747,42237
110,40,3481787,42238
43,164,3481951,42239
355,24,3481975,42240
3362,103,3482078,42241
280,48,3482126,42242
1457,104,3482230,42243
518,285,3482515,42244
54,40,3482555,42245
99,304,3482859,42246
237,62,3482921,42247
309,141,3483062,42248
175,178,3483240,42249
420,65,3483305,42250
263,15,3483320,42251
114,32,3483352,42252
396,187,3483539,42253
272,218,3483757,42254
119,7,3483764,42255
266,76,3483840,42256
653,5,3483845,42257
334,16,3483861,42258
193,122,3483983,42259
297,25,3484008,42260
172,54,3484062,42261
276,16,3484078,42262
100,28,3484106,42263
502,46,3484152,42264
106,3,3484155,42265
113,53,3484208,42266
17,85,3484293,42267
458,19,3484312,42268
2840,65,3484377,42269
1065,60,3484437,42270
129,118,3484555,42271
214,111,3484666,42272
3546,41,3484707,42273
722,36,3484743,42274
19,212,3484955,42275
214,47,3485002,42276
2468,285,3485287,42277
629,22,3485309,42278
160,113,3485422,42279
138,63,3485485,42280
250,17,3485502,42281
2277,63,3485565,42282
3695,18,3485583,42283
300,100,3485683,42284
3065,68,3485751,42285
1798,24,3485775,42286
17,21,3485796,42287
462,1,3485797,42288
10,16,3485813,42289
159,121,3485934,42290
1539,194,3486128,42291
1785,6,3486134,42292
148,10,3486144,42293
2436,20,3486164,42294
170,52,3486216,42295
59,98,3486314,42296
49,200,3486514,42297
443,17,3486531,42298
39,243,3486774,42299
3320,87,3486861,42300
45,5,3486866,42301
431,25,3486891,42302
597,25,3486916,42303
3425,78,3486994,42304
2739,86,3487080,42305
2379,285,3487365,42306
190,15,3487380,42307
32,196,3487576,42308
440,58,3487634,42309
168,109,3487743,42310
370,18,3487761,42311
314,29,3487790,42312
16,18,3487808,42313
1084,60,3487868,42314
378,215,3488083,42315
395,230,3488313,42316
131,75,3488388,42317
995,39,3488427,42318
118,32,3488459,42319
242,70,3488529,42320
149,127,3488656,42321
3816,101,3488757,42322
474,18,3488775,42323
2156,109,3488884,42324
149,23,3488907,42325
427,86,3488993,42326
287,6,3488999,42327
353,20,3489019,42328
124,33,3489052,42329
50,37,3489089,42330
102,74,3489163,42331
384,4,3489167,42332
1238,11,3489178,42333
1936,64,3489242,42334
1822,223,3489465,42335
237,135,3489600,42336
521,47,3489647,42337
3321,19,3489666,42338
435,52,3489718,42339
1741,153,3489871,42340
129,82,3489953,42341
12,31,3489984,42342
353,17,3490001,42343
1623,37,3490038,42344
275,98,3490136,42345
3606,19,3490155,42346
163,28,3490183,42347
13,139,3490322,42348
2924,4,3490326,42349
582,45,3490371,42350
324,59,3490430,42351
323,55,3490485,42352
345,29,3490514,42353
256,19,3490533,42354
3087,142,3490675,42355
1986,167,3490842,42356
129,19,3490861,42357
514,76,3490937,42358
237,2,3490939,42359
38,4,3490943,42360
322,68,3491011,42361
56,53,3491064,42362
14,32,3491096,42363
117,18,3491114,42364
126,170,3491284,42365
1277,68,3491352,42366
561,13,3491365,42367
323,65,3491430,42368
364,65,3491495,42369
156,26,3491521,42370
15,62,3491583,42371
1204,9,3491592,42372
189,175,3491767,42373
2434,15,3491782,42374
182,15,3491797,42375
150,166,3491963,42376
2998,134,3492097,42377
312,118,3492215,42378
218,21,3492236,42379
332,94,3492330,42380
133,7,3492337,42381
320,61,3492398,42382
167,156,3492554,42383
1665,195,3492749,42384
285,79,3492828,42385
232,2,3492830,42386
3564,213,3493043,42387
17,87,3493130,42388
9,161,3493291,42389
356,26,3493317,42390
2800,37,3493354,42391
14,13,3493367,42392
235,28,3493395,42393
145,70,3493465,42394
290,154,3493619,42395
1977,34,3493653,42396
13,46,3493699,42397
27,57,3493756,42398
155,239,3493995,42399
167,86,3494081,42400
106,100,3494181,42401
384,22,3494203,42402
83,38,3494241,42403
424,117,3494358,42404
1973,50,3494408,42405
1665,19,3494427,42406
140,18,3494445,42407
3070,18,3494463,42408
350,120,3494583,42409
461,122,3494705,42410
325,96,3494801,42411
1502,78,3494879,42412
3969,122,3495001,42413
130,27,3495028,42414
468,161,3495189,42415
111,14,3495203,42416
37,198,3495401,42417
316,37,3495438,42418
116,200,3495638,42419
1079,2,3495640,42420
127,21,3495661,42421
292,15,3495676,42422
207,146,3495822,42423
288,439,3496261,42424
952,82,3496343,42425
372,131,3496474,42426
414,218,3496692,42427
3335,5,3496697,42428
141,1,3496698,42429
83,39,3496737,42430
117,136,3496873,42431
3224,244,3497117,42432
69,53,3497170,42433
2030,34,3497204,42434
87,93,3497297,42435
4082,70,3497367,42436
131,31,3497398,42437
3561,9,3497407,42438
41,179,3497586,42439
379,10,3497596,42440
57,121,3497717,42441
140,49,3497766,42442
350,120,3497886,42443
2682,108,3497994,42444
3327,178,3498172,42445
118,203,3498375,42446
400,63,3498438,42447
1673,22,3498460,42448
9,311,3498771,42449
128,426,3499197,42450
1934,16,3499213,42451
118,43,3499256,42452
155,8,3499264,42453
122,64,3499328,42454
301,36,3499364,42455
2159,123,3499487,42456
305,27,3499514,42457
99,427,3499941,42458
78,73,3500014,42459
133,22,3500036,42460
225,39,3500075,42461
17,25,3500100,42462
193,3,3500103,42463
336,149,3500252,42464
459,109,3500361,42465
12,5,3500366,42466
232,41,3500407,42467
41,400,3500807,42468
3198,3,3500810,42469
114,108,3500918,42470
103,12,3500930,42471
657,189,3501119,42472
804,66,3501185,42473
1809,20,3501205,42474
529,71,3501276,42475
3952,81,3501357,42476
353,33,3501390,42477
123,59,3501449,42478
758,234,3501683,42479
320,132,3501815,42480
261,21,3501836,42481
3583,35,3501871,42482
368,166,3502037,42483
353,119,3502156,42484
2207,88,3502244,42485
775,79,3502323,42486
63,196,3502519,42487
402,161,3502680,42488
31,134,3502814,42489
406,59,3502873,42490
369,21,3502894,42491
2675,16,3502910,42492
569,13,3502923,42493
13,107,3503030,42494
650,96,3503126,42495
356,8,3503134,42496
356,54,3503188,42497
3591,10,3503198,42498
663,8,3503206,42499
3506,96,3503302,42500
116,8,3503310,42501
4029,202,3503512,42502
303,24,3503536,42503
142,23,3503559,42504
690,13,3503572,42505
21,140,3503712,42506
1723,12,3503724,42507
2348,7,3503731,42508
136,5,3503736,42509
315,338,3504074,42510
316,125,3504199,42511
17,53,3504252,42512
443,7,3504259,42513
428,1,3504260,42514
181,26,3504286,42515
3112,25,3504311,42516
148,157,3504468,42517
265,133,3504601,42518
474,142,3504743,42519
330,60,3504803,42520
3957,28,3504831,42521
314,121,3504952,42522
1086,27,3504979,42523
159,19,3504998,42524
111,45,3505043,42525
497,59,3505102,42526
322,26,3505128,42527
1539,141,3505269,42528
145,29,3505298,42529
335,45,3505343,42530
390,94,3505437,42531
3169,28,3505465,42532
156,104,3505569,42533
386,10,3505579,42534
452,27,3505606,42535
1073,35,3505641,42536
153,33,3505674,42537
260,25,3505699,42538
80,60,3505759,42539
141,167,3505926,42540
2048,326,3506252,42541
51,5,3506257,42542
53,23,3506280,42543
101,54,3506334,42544
126,188,3506522,42545
32,82,3506604,42546
2082,88,3506692,42547
290,28,3506720,42548
208,2,3506722,42549
315,177,3506899,42550
108,43,3506942,42551
147,148,3507090,42552
65,143,3507233,42553
3646,354,3507587,42554
212,75,3507662,42555
118,16,3507678,42556
138,81,3507759,42557
170,117,3507876,42558
1494,26,3507902,42559
313,251,3508153,42560
300,132,3508285,42561
1851,35,3508320,42562
139,6,3508326,42563
1122,67,3508393,42564
555,104,3508497,42565
3815,38,3508535,42566
135,26,3508561,42567
686,169,3508730,42568
29,22,3508752,42569
3199,61,3508813,42570
3191,72,3508885,42571
336,125,3509010,42572
249,39,3509049,42573
18,95,3509144,42574
393,147,3509291,42575
263,6,3509297,42576
11,13,3509310,42577
118,244,3509554,42578
782,35,3509589,42579
39,417,3510006,42580
2867,241,3510247,42581
1291,65,3510312,42582
4081,8,3510320,42583
203,6,3510326,42584
409,24,3510350,42585
292,7,3510357,42586
3306,127,3510484,42587
3467,69,3510553,42588
38,38,3510591,42589
587,48,3510639,42590
1882,5,3510644,42591
518,58,3510702,42592
134,24,3510726,42593
10,41,3510767,42594
612,63,3510830,42595
220,126,3510956,42596
3265,98,3511054,42597
13,120,3511174,42598
2293,20,3511194,42599
3409,137,3511331,42600
352,49,3511380,42601
13,24,3511404,42602
338,135,3511539,42603
160,55,3511594,42604
410,68,3511662,42605
476,196,3511858,42606
326,30,3511888,42607
1452,284,3512172,42608
3519,41,3512213,42609
1555,52,3512265,42610
3764,25,3512290,42611
306,260,3512550,42612
282,121,3512671,42613
265,7,3512678,42614
175,87,3512765,42615
72,8,3512773,42616
306,107,3512880,42617
125,34,3512914,42618
39,52,3512966,42619
270,164,3513130,42620
258,53,3513183,42621
134,23,3513206,42622
200,168,3513374,42623
156,70,3513444,42624
945,22,3513466,42625
969,27,3513493,42626
61,20,3513513,42627
2254,12,3513525,42628
50,131,3513656,42629
172,181,3513837,42630
2680,78,3513915,42631
168,225,3514140,42632
1020,49,3514189,42633
2538,68,3514257,42634
193,130,3514387,42635
241,93,3514480,42636
143,391,3514871,42637
3738,19,3514890,42638
201,37,3514927,42639
574,194,3515121,42640
141,51,3515172,42641
320,112,3515284,42642
547,142,3515426,42643
1931,161,3515587,42644
155,206,3515793,42645
324,51,3515844,42646
621,197,3516041,42647
166,16,3516057,42648
25,45,3516102,42649
742,205,3516307,42650
304,66,3516373,42651
495,180,3516553,42652
145,42,3516595,42653
2057,45,3516640,42654
154,24,3516664,42655
133,196,3516860,42656
45,112,3516972,42657
205,3,3516975,42658
199,88,3517063,42659
368,12,3517075,42660
110,73,3517148,42661
88,72,3517220,42662
13,47,3517267,42663
93,115,3517382,42664
154,136,3517518,42665
95,44,3517562,42666
209,69,3517631,42667
31,74,3517705,42668
312,13,3517718,42669
180,69,3517787,42670
283,16,3517803,42671
3258,122,3517925,42672
3740,93,3518018,42673
191,169,3518187,42674
115,46,3518233,42675
14,3,3518236,42676
248,169,3518405,42677
188,198,3518603,42678
2919,31,3518634,42679
161,110,3518744,42680
387,40,3518784,42681
2514,16,3518800,42682
413,38,3518838,42683
120,32,3518870,42684
115,18,3518888,42685
320,69,3518957,42686
14,30,3518987,42687
450,36,3519023,42688
120,104,3519127,42689
1872,208,3519335,42690
87,131,3519466,42691
2692,32,3519498,42692
328,97,3519595,42693
12,110,3519705,42694
290,155,3519860,42695
373,52,3519912,42696
463,121,3520033,42697
219,45,3520078,42698
175,19,3520097,42699
132,44,3520141,42700
126,9,3520150,42701
135,193,3520343,42702
186,14,3520357,42703
227,5,3520362,42704
120,161,3520523,42705
27,78,3520601,42706
278,98,3520699,42707
427,317,3521016,42708
20,194,3521210,42709
829,224,3521434,42710
12,34,3521468,42711
905,10,3521478,42712
107,257,3521735,42713
1659,104,3521839,42714
131,187,3522026,42715
132,237,3522263,42716
4031,117,3522380,42717
2004,47,3522427,42718
386,23,3522450,42719
258,137,3522587,42720
171,31,3522618,42721
274,35,3522653,42722
115,100,3522753,42723
144,182,3522935,42724
1088,48,3522983,42725
13,220,3523203,42726
598,20,3523223,42727
270,7,3523230,42728
16,7,3523237,42729
743,7,3523244,42730
316,69,3523313,42731
1791,161,3523474,42732
78,68,3523542,42733
3442,191,3523733,42734
188,13,3523746,42735
62,10,3523756,42736
52,150,3523906,42737
286,26,3523932,42738
196,2,3523934,42739
1727,83,3524017,42740
193,9,3524026,42741
12,2,3524028,42742
169,40,3524068,42743
134,15,3524083,42744
122,41,3524124,42745
389,177,3524301,42746
569,142,3524443,42747
498,48,3524491,42748
377,52,3524543,42749
106,79,3524622,42750
1738,2,3524624,42751
16,69,3524693,42752
32,21,3524714,42753
75,29,3524743,42754
36,68,3524811,42755
187,6,3524817,42756
64,54,3524871,42757
37,242,3525113,42758
586,87,3525200,42759
129,84,3525284,42760
2801,129,3525413,42761
2623,58,3525471,42762
283,57,3525528,42763
409,26,3525554,42764
101,95,3525649,42765
149,58,3525707,42766
604,149,3525856,42767
1824,149,3526005,42768
242,12,3526017,42769
260,30,3526047,42770
166,84,3526131,42771
384,126,3526257,42772
329,234,3526491,42773
171,34,3526525,42774
565,53,3526578,42775
290,90,3526668,42776
126,186,3526854,42777
277,35,3526889,42778
3193,124,3527013,42779
104,180,3527193,42780
166,84,3527277,42781
67,49,3527326,42782
3676,34,3527360,42783
298,182,3527542,42784
326,43,3527585,42785
233,178,3527763,42786
166,104,3527867,42787
265,42,3527909,42788
17,98,3528007,42789
272,112,3528119,42790
157,62,3528181,42791
282,25,3528206,42792
251,79,3528285,42793
134,139,3528424,42794
354,15,3528439,42795
1443,35,3528474,42796
532,23,3528497,42797
87,35,3528532,42798
778,51,3528583,42799
369,6,3528589,42800
145,101,3528690,42801
123,68,3528758,42802
148,2,3528760,42803
348,35,3528795,42804
3025,1,3528796,42805
10,47,3528843,42806
216,51,3528894,42807
147,22,3528916,42808
10,133,3529049,42809
815,126,3529175,42810
2808,398,3529573,42811
447,28,3529601,42812
232,34,3529635,42813
2798,162,3529797,42814
137,31,3529828,42815
14,34,3529862,42816
1472,37,3529899,42817
3202,85,3529984,42818
2087,85,3530069,42819
167,335,3530404,42820
344,68,3530472,42821
1871,194,3530666,42822
102,38,3530704,42823
117,105,3530809,42824
85,17,3530826,42825
35,105,3530931,42826
415,61,3530992,42827
2138,114,3531106,42828
142,84,3531190,42829
110,105,3531295,42830
36,37,3531332,42831
952,19,3531351,42832
152,122,3531473,42833
134,9,3531482,42834
59,274,3531756,42835
793,42,3531798,42836
162,183,3531981,42837
2345,158,3532139,42838
221,80,3532219,42839
166,92,3532311,42840
3486,104,3532415,42841
3477,68,3532483,42842
196,21,3532504,42843
141,15,3532519,42844
306,3,3532522,42845
124,206,3532728,42846
14,14,3532742,42847
3501,2,3532744,42848
958,113,3532857,42849
183,105,3532962,42850
152,27,3532989,42851
3129,126,3533115,42852
4065,35,3533150,42853
287,79,3533229,42854
35,136,3533365,42855
335,260,3533625,42856
2124,170,3533795,42857
143,17,3533812,42858
148,73,3533885,42859
186,29,3533914,42860
247,16,3533930,42861
484,50,3533980,42862
290,39,3534019,42863
18,104,3534123,42864
848,27,3534150,42865
1125,44,3534194,42866
129,98,3534292,42867
10,23,3534315,42868
225,121,3534436,42869
1863,107,3534543,42870
68,6,3534549,42871
109,23,3534572,42872
14,144,3534716,42873
28,15,3534731,42874
21,19,3534750,42875
61,182,3534932,42876
124,77,3535009,42877
83,1,3535010,42878
382,54,3535064,42879
215,7,3535071,42880
3337,43,3535114,42881
974,70,3535184,42882
603,82,3535266,42883
66,227,3535493,42884
147,18,3535511,42885
421,9,3535520,42886
1232,23,3535543,42887
436,22,3535565,42888
621,3,3535568,42889
306,234,3535802,42890
61,2,3535804,42891
111,115,3535919,42892
587,202,3536121,42893
149,74,3536195,42894
3217,36,3536231,42895
99,14,3536245,42896
310,19,3536264,42897
41,42,3536306,42898
156,88,3536394,42899
354,10,3536404,42900
442,38,3536442,42901
342,29,3536471,42902
124,47,3536518,42903
348,229,3536747,42904
828,78,3536825,42905
215,22,3536847,42906
207,147,3536994,42907
1214,160,3537154,42908
102,46,3537200,42909
3571,47,3537247,42910
326,60,3537307,42911
560,31,3537338,42912
157,73,3537411,42913
12,46,3537457,42914
237,21,3537478,42915
123,43,3537521,42916
270,8,3537529,42917
165,20,3537549,42918
134,15,3537564,42919
193,25,3537589,42920
181,149,3537738,42921
235,2,3537740,42922
57,64,3537804,42923
1818,52,3537856,42924
164,11,3537867,42925
350,67,3537934,42926
2652,125,3538059,42927
434,109,3538168,42928
107,36,3538204,42929
3671,151,3538355,42930
169,244,3538599,42931
150,6,3538605,42932
1756,68,3538673,42933
463,143,3538816,42934
313,109,3538925,42935
166,9,3538934,42936
10,78,3539012,42937
141,37,3539049,42938
136,144,3539193,42939
297,266,3539459,42940
326,87,3539546,42941
17,71,3539617,42942
3105,84,3539701,42943
2820,361,3540062,42944
502,9,3540071,42945
1752,19,3540090,42946
3195,12,3540102,42947
143,61,3540163,42948
275,11,3540174,42949
27,106,3540280,42950
54,39,3540319,42951
147,56,3540375,42952
164,51,3540426,42953
158,20,3540446,42954
221,21,3540467,42955
70,11,3540478,42956
2205,24,3540502,42957
194,3,3540505,42958
2841,20,3540525,42959
140,89,3540614,42960
559,25,3540639,42961
43,57,3540696,42962
532,16,3540712,42963
370,1,3540713,42964
249,262,3540975,42965
163,134,3541109,42966
2012,209,3541318,42967
2178,1,3541319,42968
3772,6,3541325,42969
68,198,3541523,42970
169,190,3541713,42971
202,60,3541773,42972
308,132,3541905,42973
302,9,3541914,42974
315,147,3542061,42975
188,112,3542173,42976
120,15,3542188,42977
122,27,3542215,42978
260,13,3542228,42979
279,33,3542261,42980
69,145,3542406,42981
11,233,3542639,42982
2348,24,3542663,42983
411,7,3542670,42984
98,29,3542699,42985
28,39,3542738,42986
127,10,3542748,42987
14,53,3542801,42988
273,23,3542824,42989
118,430,3543254,42990
3337,17,3543271,42991
32,6,3543277,42992
505,74,3543351,42993
319,31,3543382,42994
2907,21,3543403,42995
112,75,3543478,42996
526,56,3543534,42997
733,156,3543690,42998
326,11,3543701,42999
415,28,3543729,43000
192,154,3543883,43001
509,365,3544248,43002
482,60,3544308,43003
210,202,3544510,43004
89,50,3544560,43005
95,247,3544807,43006
112,114,3544921,43007
4000,99,3545020,43008
455,274,3545294,43009
256,24,3545318,43010
192,58,3545376,43011
951,210,3545586,43012
131,154,3545740,43013
2082,83,3545823,43014
1039,130,3545953,43015
485,130,3546083,43016
89,73,3546156,43017
3878,199,3546355,43018
19,56,3546411,43019
128,190,3546601,43020
305,25,3546626,43021
19,29,3546655,43022
54,32,3546687,43023
127,125,3546812,43024
255,6,3546818,43025
277,202,3547020,43026
2592,61,3547081,43027
40,236,3547317,43028
110,8,3547325,43029
374,209,3547534,43030
181,10,3547544,43031
43,190,3547734,43032
2820,27,3547761,43033
70,118,3547879,43034
362,75,3547954,43035
1068,96,3548050,43036
119,120,3548170,43037
147,3,3548173,43038
3272,41,3548214,43039
3080,31,3548245,43040
158,8,3548253,43041
34,40,3548293,43042
110,70,3548363,43043
262,27,3548390,43044
280,17,3548407,43045
2500,37,3548444,43046
140,17,3548461,43047
398,234,3548695,43048
128,14,3548709,43049
129,37,3548746,43050
119,252,3548998,43051
477,531,3549529,43052
1870,82,3549611,43053
138,163,3549774,43054
352,10,3549784,43055
415,126,3549910,43056
2585,114,3550024,43057
21,2,3550026,43058
111,1,3550027,43059
418,37,3550064,43060
12,87,3550151,43061
156,10,3550161,43062
565,146,3550307,43063
163,32,3550339,43064
20,316,3550655,43065
236,62,3550717,43066
265,109,3550826,43067
79,88,3550914,43068
171,103,3551017,43069
334,35,3551052,43070
3565,33,3551085,43071
297,50,3551135,43072
249,172,3551307,43073
468,70,3551377,43074
447,40,3551417,43075
130,27,3551444,43076
83,14,3551458,43077
178,127,3551585,43078
319,73,3551658,43079
134,7,3551665,43080
401,33,3551698,43081
223,43,3551741,43082
2544,76,3551817,43083
3449,199,3552016,43084
2101,35,3552051,43085
139,47,3552098,43086
132,406,3552504,43087
334,153,3552657,43088
127,93,3552750,43089
2617,127,3552877,43090
2024,34,3552911,43091
25,141,3553052,43092
459,24,3553076,43093
1190,76,3553152,43094
1396,14,3553166,43095
18,127,3553293,43096
298,64,3553357,43097
1873,53,3553410,43098
295,177,3553587,43099
541,26,3553613,43100
4050,10,3553623,43101
182,18,3553641,43102
348,36,3553677,43103
386,102,3553779,43104
479,329,3554108,43105
528,158,3554266,43106
1223,56,3554322,43107
3370,22,3554344,43108
13,26,3554370,43109
150,114,3554484,43110
69,35,3554519,43111
325,64,3554583,43112
3138,2,3554585,43113
12,73,3554658,43114
199,92,3554750,43115
156,13,3554763,43116
299,44,3554807,43117
158,108,3554915,43118
143,47,3554962,43119
299,165,3555127,43120
985,31,3555158,43121
435,24,3555182,43122
237,44,3555226,43123
351,69,3555295,43124
40,18,3555313,43125
1381,148,3555461,43126
82,1,3555462,43127
429,76,3555538,43128
52,33,3555571,43129
133,101,3555672,43130
91,68,3555740,43131
338,40,3555780,43132
135,29,3555809,43133
192,51,3555860,43134
3889,41,3555901,43135
580,39,3555940,43136
473,15,3555955,43137
60,42,3555997,43138
1134,71,3556068,43139
388,90,3556158,43140
159,127,3556285,43141
189,93,3556378,43142
147,51,3556429,43143
328,65,3556494,43144
111,130,3556624,43145
180,10,3556634,43146
400,32,3556666,43147
38,51,3556717,43148
45,19,3556736,43149
156,134,3556870,43150
160,15,3556885,43151
1463,47,3556932,43152
563,122,3557054,43153
477,66,3557120,43154
3878,64,3557184,43155
75,411,3557595,43156
2522,165,3557760,43157
884,43,3557803,43158
167,49,3557852,43159
27,29,3557881,43160
59,113,3557994,43161
411,200,3558194,43162
29,26,3558220,43163
20,39,3558259,43164
1076,30,3558289,43165
94,24,3558313,43166
122,2,3558315,43167
244,29,3558344,43168
2646,74,3558418,43169
339,94,3558512,43170
3761,25,3558537,43171
194,162,3558699,43172
2959,72,3558771,43173
86,108,3558879,43174
213,31,3558910,43175
163,30,3558940,43176
193,112,3559052,43177
63,7,3559059,43178
245,81,3559140,43179
141,12,3559152,43180
2419,161,3559313,43181
46,75,3559388,43182
108,189,3559577,43183
121,143,3559720,43184
440,21,3559741,43185
202,143,3559884,43186
126,75,3559959,43187
122,274,3560233,43188
1597,28,3560261,43189
123,37,3560298,43190
819,176,3560474,43191
296,36,3560510,43192
303,40,3560550,43193
592,142,3560692,43194
209,12,3560704,43195
103,169,3560873,43196
21,24,3560897,43197
324,232,3561129,43198
306,53,3561182,43199
491,35,3561217,43200
501,11,3561228,43201
97,70,3561298,43202
424,29,3561327,43203
241,77,3561404,43204
2750,274,3561678,43205
155,2,3561680,43206
198,204,3561884,43207
1704,153,3562037,43208
311,163,3562200,43209
124,274,3562474,43210
546,3,3562477,43211
239,97,3562574,43212
709,98,3562672,43213
123,202,3562874,43214
53,56,3562930,43215
44,54,3562984,43216
1627,61,3563045,43217
261,91,3563136,43218
146,141,3563277,43219
50,64,3563341,43220
137,53,3563394,43221
1122,134,3563528,43222
229,155,3563683,43223
164,46,3563729,43224
274,109,3563838,43225
352,11,3563849,43226
23,52,3563901,43227
359,35,3563936,43228
318,4,3563940,43229
194,54,3563994,43230
125,70,3564064,43231
2742,128,3564192,43232
308,35,3564227,43233
256,121,3564348,43234
2443,6,3564354,43235
260,196,3564550,43236
488,20,3564570,43237
209,140,3564710,43238
3818,1,3564711,43239
343,5,3564716,43240
193,21,3564737,43241
361,77,3564814,43242
533,1,3564815,43243
385,62,3564877,43244
137,124,3565001,43245
179,264,3565265,43246
257,31,3565296,43247
13,81,3565377,43248
393,35,3565412,43249
264,2,3565414,43250
3733,70,3565484,43251
10,75,3565559,43252
209,21,3565580,43253
206,133,3565713,43254
374,38,3565751,43255
361,131,3565882,43256
500,208,3566090,43257
396,11,3566101,43258
655,58,3566159,43259
1937,10,3566169,43260
3064,5,3566174,43261
186,84,3566258,43262
281,47,3566305,43263
120,103,3566408,43264
137,65,3566473,43265
187,112,3566585,43266
106,156,3566741,43267
2211,226,3566967,43268
326,22,3566989,43269
458,64,3567053,43270
12,58,3567111,43271
138,11,3567122,43272
154,9,3567131,43273
74,29,3567160,43274
428,58,3567218,43275
675,44,3567262,43276
3284,67,3567329,43277
450,45,3567374,43278
250,6,3567380,43279
2365,44,3567424,43280
426,196,3567620,43281
230,54,3567674,43282
177,80,3567754,43283
755,202,3567956,43284
129,21,3567977,43285
321,127,3568104,43286
500,52,3568156,43287
1070,79,3568235,43288
237,198,3568433,43289
262,19,3568452,43290
96,125,3568577,43291
299,91,3568668,43292
53,68,3568736,43293
3981,105,3568841,43294
3071,66,3568907,43295
944,17,3568924,43296
358,129,3569053,43297
3651,19,3569072,43298
10,2,3569074,43299
317,41,3569115,43300
2199,75,3569190,43301
227,109,3569299,43302
2407,85,3569384,43303
247,178,3569562,43304
1012,89,3569651,43305
1461,100,3569751,43306
16,72,3569823,43307
228,35,3569858,43308
27,69,3569927,43309
190,18,3569945,43310
154,1,3569946,43311
184,8,3569954,43312
1836,196,3570150,43313
277,33,3570183,43314
198,111,3570294,43315
290,108,3570402,43316
108,19,3570421,43317
1534,253,3570674,43318
969,399,3571073,43319
55,6,3571079,43320
242,256,3571335,43321
81,184,3571519,43322
222,200,3571719,43323
159,117,3571836,43324
128,48,3571884,43325
247,2,3571886,43326
137,29,3571915,43327
2308,12,3571927,43328
771,26,3571953,43329
467,63,3572016,43330
274,104,3572120,43331
503,21,3572141,43332
389,76,3572217,43333
112,38,3572255,43334
2836,35,3572290,43335
139,49,3572339,43336
151,25,3572364,43337
218,93,3572457,43338
2486,8,3572465,43339
12,185,3572650,43340
411,191,3572841,43341
15,213,3573054,43342
3641,39,3573093,43343
258,35,3573128,43344
130,62,3573190,43345
431,5,3573195,43346
3997,42,3573237,43347
136,137,3573374,43348
162,81,3573455,43349
2217,16,3573471,43350
120,36,3573507,43351
45,40,3573547,43352
241,44,3573591,43353
258,492,3574083,43354
301,120,3574203,43355
237,46,3574249,43356
3556,10,3574259,43357
1121,27,3574286,43358
616,76,3574362,43359
314,60,3574422,43360
862,59,3574481,43361
385,102,3574583,43362
131,9,3574592,43363
227,2,3574594,43364
134,15,3574609,43365
3187,53,3574662,43366
73,35,3574697,43367
298,14,3574711,43368
150,161,3574872,43369
13,167,3575039,43370
3732,30,3575069,43371
475,55,3575124,43372
2259,44,3575168,43373
585,35,3575203,43374
1411,158,3575361,43375
16,86,3575447,43376
440,148,3575595,43377
1802,58,3575653,43378
222,24,3575677,43379
132,455,3576132,43380
2942,53,3576185,43381
324,27,3576212,43382
10,31,3576243,43383
16,103,3576346,43384
202,119,3576465,43385
3896,92,3576557,43386
115,228,3576785,43387
90,11,3576796,43388
362,164,3576960,43389
12,31,3576991,43390
1826,10,3577001,43391
261,33,3577034,43392
3439,357,3577391,43393
110,89,3577480,43394
125,26,3577506,43395
109,26,3577532,43396
510,31,3577563,43397
375,140,3577703,43398
473,26,3577729,43399
2609,100,3577829,43400
2073,10,3577839,43401
4086,102,3577941,43402
314,5,3577946,43403
246,104,3578050,43404
453,83,3578133,43405
46,1,3578134,43406
274,87,3578221,43407
160,120,3578341,43408
3677,30,3578371,43409
215,1,3578372,43410
227,33,3578405,43411
226,10,3578415,43412
194,83,3578498,43413
375,267,3578765,43414
624,8,3578773,43415
253,28,3578801,43416
1860,95,3578896,43417
160,113,3579009,43418
22,243,3579252,43419
570,8,3579260,43420
451,41,3579301,43421
148,36,3579337,43422
265,92,3579429,43423
37,15,3579444,43424
217,70,3579514,43425
891,55,3579569,43426
102,44,3579613,43427
165,33,3579646,43428
147,16,3579662,43429
159,65,3579727,43430
117,19,3579746,43431
825,1,3579747,43432
4031,7,3579754,43433
477,199,3579953,43434
291,2,3579955,43435
135,15,3579970,43436
99,81,3580051,43437
2192,28,3580079,43438
4057,43,3580122,43439
252,79,3580201,43440
125,63,3580264,43441
57,167,3580431,43442
10,32,3580463,43443
133,76,3580539,43444
531,2,3580541,43445
3300,2,3580543,43446
114,65,3580608,43447
192,71,3580679,43448
152,64,3580743,43449
230,24,3580767,43450
161,256,3581023,43451
92,40,3581063,43452
318,11,3581074,43453
635,149,3581223,43454
2581,45,3581268,43455
345,74,3581342,43456
66,224,3581566,43457
377,281,3581847,43458
181,136,3581983,43459
30,49,3582032,43460
229,106,3582138,43461
40,15,3582153,43462
78,170,3582323,43463
46,81,3582404,43464
317,134,3582538,43465
297,5,3582543,43466
128,47,3582590,43467
333,25,3582615,43468
127,19,3582634,43469
2630,70,3582704,43470
3737,171,3582875,43471
222,129,3583004,43472
3043,69,3583073,43473
4029,4,3583077,43474
25,56,3583133,43475
247,66,3583199,43476
395,119,3583318,43477
221,111,3583429,43478
13,121,3583550,43479
16,316,3583866,43480
158,89,3583955,43481
169,16,3583971,43482
3541,20,3583991,43483
38,13,3584004,43484
228,5,3584009,43485
1016,60,3584069,43486
678,196,3584265,43487
330,113,3584378,43488
461,115,3584493,43489
167,11,3584504,43490
121,114,3584618,43491
503,139,3584757,43492
861,45,3584802,43493
3353,30,3584832,43494
13,100,3584932,43495
11,39,3584971,43496
364,5,3584976,43497
367,124,3585100,43498
1423,81,3585181,43499
12,80,3585261,43500
332,91,3585352,43501
193,34,3585386,43502
268,163,3585549,43503
150,10,3585559,43504
1881,43,3585602,43505
3042,76,3585678,43506
432,24,3585702,43507
761,97,3585799,43508
1681,101,3585900,43509
188,5,3585905,43510
10,77,3585982,43511
173,15,3585997,43512
611,7,3586004,43513
262,173,3586177,43514
419,45,3586222,43515
154,205,3586427,43516
564,86,3586513,43517
39,97,3586610,43518
174,13,3586623,43519
13,25,3586648,43520
306,95,3586743,43521
2494,28,3586771,43522
309,16,3586787,43523
118,40,3586827,43524
4074,132,3586959,43525
350,24,3586983,43526
35,85,3587068,43527
2113,16,3587084,43528
333,121,3587205,43529
275,21,3587226,43530
2562,165,3587391,43531
11,118,3587509,43532
3052,4,3587513,43533
1120,164,3587677,43534
262,5,3587682,43535
1261,41,3587723,43536
10,42,3587765,43537
129,10,3587775,43538
134,92,3587867,43539
3081,92,3587959,43540
113,16,3587975,43541
404,138,3588113,43542
545,72,3588185,43543
101,47,3588232,43544
186,250,3588482,43545
119,295,3588777,43546
278,7,3588784,43547
3942,27,3588811,43548
1991,5,3588816,43549
2422,125,3588941,43550
2346,88,3589029,43551
649,26,3589055,43552
176,219,3589274,43553
378,224,3589498,43554
3931,113,3589611,43555
450,16,3589627,43556
135,3,3589630,43557
273,34,3589664,43558
99,23,3589687,43559
422,8,3589695,43560
2933,71,3589766,43561
434,166,3589932,43562
654,9,3589941,43563
540,282,3590223,43564
199,36,3590259,43565
10,18,3590277,43566
335,25,3590302,43567
514,375,3590677,43568
105,146,3590823,43569
356,128,3590951,43570
105,33,3590984,43571
228,20,3591004,43572
202,39,3591043,43573
2520,52,3591095,43574
1200,68,3591163,43575
2063,118,3591281,43576
4082,6,3591287,43577
554,62,3591349,43578
121,364,3591713,43579
265,135,3591848,43580
457,71,3591919,43581
1773,125,3592044,43582
11,17,3592061,43583
3706,217,3592278,43584
2198,85,3592363,43585
131,124,3592487,43586
330,23,3592510,43587
364,133,3592643,43588
252,319,3592962,43589
333,163,3593125,43590
231,252,3593377,43591
105,7,3593384,43592
336,8,3593392,43593
1985,49,3593441,43594
53,17,3593458,43595
320,305,3593763,43596
14,4,3593767,43597
144,110,3593877,43598
196,16,3593893,43599
172,110,3594003,43600
489,45,3594048,43601
3454,33,3594081,43602
736,40,3594121,43603
2451,16,3594137,43604
15,34,3594171,43605
9,244,3594415,43606
349,17,3594432,43607
2799,20,3594452,43608
2842,408,3594860,43609
407,51,3594911,43610
9,108,3595019,43611
437,21,3595040,43612
501,137,3595177,43613
16,36,3595213,43614
1789,96,3595309,43615
566,32,3595341,43616
81,37,3595378,43617
106,7,3595385,43618
386,30,3595415,43619
269,238,3595653,43620
2283,38,3595691,43621
62,65,3595756,43622
315,117,3595873,43623
358,28,3595901,43624
54,170,3596071,43625
412,7,3596078,43626
16,4,3596082,43627
307,176,3596258,43628
1171,203,3596461,43629
230,5,3596466,43630
1682,5,3596471,43631
114,22,3596493,43632
268,27,3596520,43633
43,377,3596897,43634
210,151,3597048,43635
535,158,3597206,43636
3743,64,3597270,43637
10,338,3597608,43638
10,58,3597666,43639
13,37,3597703,43640
77,108,3597811,43641
149,119,3597930,43642
26,51,3597981,43643
194,61,3598042,43644
116,64,3598106,43645
144,8,3598114,43646
21,1,3598115,43647
3515,70,3598185,43648
104,52,3598237,43649
1503,374,3598611,43650
140,21,3598632,43651
285,34,3598666,43652
157,39,3598705,43653
160,170,3598875,43654
1809,28,3598903,43655
925,125,3599028,43656
160,110,3599138,43657
3085,2,3599140,43658
288,10,3599150,43659
581,149,3599299,43660
132,149,3599448,43661
157,114,3599562,43662
1444,24,3599586,43663
309,48,3599634,43664
122,62,3599696,43665
402,147,3599843,43666
30,70,3599913,43667
324,24,3599937,43668
1192,109,3600046,43669
212,57,3600103,43670
492,22,3600125,43671
2364,126,3600251,43672
1832,133,3600384,43673
1390,54,3600438,43674
30,43,3600481,43675
317,304,3600785,43676
899,51,3600836,43677
331,80,3600916,43678
462,19,3600935,43679
147,5,3600940,43680
54,261,3601201,43681
385,100,3601301,43682
2359,109,3601410,43683
3826,6,3601416,43684
1539,2,3601418,43685
629,46,3601464,43686
127,126,3601590,43687
298,49,3601639,43688
56,14,3601653,43689
211,61,3601714,43690
2781,3,3601717,43691
1075,33,3601750,43692
317,45,3601795,43693
64,94,3601889,43694
45,95,3601984,43695
119,182,3602166,43696
294,121,3602287,43697
508,244,3602531,43698
455,11,3602542,43699
168,116,3602658,43700
651,6,3602664,43701
136,201,3602865,43702
2935,15,3602880,43703
211,9,3602889,43704
339,43,3602932,43705
411,119,3603051,43706
637,10,3603061,43707
14,89,3603150,43708
24,15,3603165,43709
156,20,3603185,43710
233,131,3603316,43711
60,148,3603464,43712
112,55,3603519,43713
214,26,3603545,43714
413,17,3603562,43715
3574,60,3603622,43716
3168,107,3603729,43717
31,118,3603847,43718
177,90,3603937,43719
743,173,3604110,43720
243,33,3604143,43721
202,98,3604241,43722
121,73,3604314,43723
3191,93,3604407,43724
176,77,3604484,43725
472,25,3604509,43726
25,109,3604618,43727
150,16,3604634,43728
121,22,3604656,43729
304,122,3604778,43730
110,176,3604954,43731
3589,135,3605089,43732
11,59,3605148,43733
3899,10,3605158,43734
3864,186,3605344,43735
135,211,3605555,43736
163,21,3605576,43737
703,88,3605664,43738
369,53,3605717,43739
11,13,3605730,43740
128,21,3605751,43741
24,10,3605761,43742
1345,26,3605787,43743
436,129,3605916,43744
3472,93,3606009,43745
19,291,3606300,43746
101,19,3606319,43747
283,46,3606365,43748
3680,23,3606388,43749
3522,298,3606686,43750
207,76,3606762,43751
11,234,3606996,43752
413,22,3607018,43753
64,81,3607099,43754
126,109,3607208,43755
233,162,3607370,43756
357,25,3607395,43757
1758,149,3607544,43758
12,188,3607732,43759
3859,92,3607824,43760
63,178,3608002,43761
116,3,3608005,43762
61,41,3608046,43763
229,1,3608047,43764
377,27,3608074,43765
148,267,3608341,43766
154,104,3608445,43767
350,202,3608647,43768
980,158,3608805,43769
73,147,3608952,43770
451,68,3609020,43771
80,23,3609043,43772
505,114,3609157,43773
147,311,3609468,43774
3184,9,3609477,43775
2237,330,3609807,43776
156,97,3609904,43777
249,42,3609946,43778
243,66,3610012,43779
392,36,3610048,43780
93,5,3610053,43781
13,20,3610073,43782
1093,1,3610074,43783
1717,1,3610075,43784
683,61,3610136,43785
360,102,3610238,43786
1151,7,3610245,43787
3624,27,3610272,43788
691,2,3610274,43789
1466,113,3610387,43790
83,11,3610398,43791
139,139,3610537,43792
960,51,3610588,43793
242,28,3610616,43794
125,7,3610623,43795
156,12,3610635,43796
165,109,3610744,43797
54,303,3611047,43798
233,3,3611050,43799
204,20,3611070,43800
320,115,3611185,43801
500,50,3611235,43802
420,192,3611427,43803
262,43,3611470,43804
519,95,3611565,43805
143,41,3611606,43806
541,13,3611619,43807
461,17,3611636,43808
11,4,3611640,43809
363,24,3611664,43810
37,60,3611724,43811
485,112,3611836,43812
199,45,3611881,43813
511,14,3611895,43814
183,77,3611972,43815
4060,11,3611983,43816
317,37,3612020,43817
134,124,3612144,43818
2337,10,3612154,43819
2218,20,3612174,43820
231,159,3612333,43821
335,5,3612338,43822
365,53,3612391,43823
1474,44,3612435,43824
116,68,3612503,43825
1850,23,3612526,43826
116,71,3612597,43827
299,31,3612628,43828
307,114,3612742,43829
46,95,3612837,43830
214,66,3612903,43831
1275,44,3612947,43832
168,148,3613095,43833
302,10,3613105,43834
1786,16,3613121,43835
3635,10,3613131,43836
2784,111,3613242,43837
166,112,3613354,43838
133,69,3613423,43839
407,100,3613523,43840
308,24,3613547,43841
10,3,3613550,43842
1495,53,3613603,43843
212,101,3613704,43844
156,35,3613739,43845
15,37,3613776,43846
170,21,3613797,43847
128,7,3613804,43848
398,69,3613873,43849
365,17,3613890,43850
409,3,3613893,43851
888,2,3613895,43852
187,1,3613896,43853
502,29,3613925,43854
341,165,3614090,43855
294,73,3614163,43856
492,23,3614186,43857
1422,81,3614267,43858
370,236,3614503,43859
109,2,3614505,43860
101,95,3614600,43861
587,119,3614719,43862
539,104,3614823,43863
129,50,3614873,43864
58,84,3614957,43865
136,332,3615289,43866
133,5,3615294,43867
383,73,3615367,43868
1639,82,3615449,43869
254,20,3615469,43870
425,125,3615594,43871
141,331,3615925,43872
199,3,3615928,43873
330,44,3615972,43874
33,40,3616012,43875
2259,94,3616106,43876
167,150,3616256,43877
2604,2,3616258,43878
80,234,3616492,43879
139,68,3616560,43880
132,1,3616561,43881
3292,259,3616820,43882
366,213,3617033,43883
124,13,3617046,43884
257,103,3617149,43885
181,13,3617162,43886
180,14,3617176,43887
343,223,3617399,43888
120,114,3617513,43889
99,14,3617527,43890
2445,126,3617653,43891
1238,13,3617666,43892
550,51,3617717,43893
175,110,3617827,43894
128,20,3617847,43895
489,377,3618224,43896
23,2,3618226,43897
178,130,3618356,43898
144,80,3618436,43899
14,102,3618538,43900
332,11,3618549,43901
93,12,3618561,43902
160,68,3618629,43903
410,13,3618642,43904
187,27,3618669,43905
29,113,3618782,43906
444,68,3618850,43907
241,32,3618882,43908
110,15,3618897,43909
804,283,3619180,43910
18,90,3619270,43911
34,70,3619340,43912
158,49,3619389,43913
236,60,3619449,43914
156,164,3619613,43915
2600,14,3619627,43916
295,42,3619669,43917
1304,122,3619791,43918
2664,28,3619819,43919
213,112,3619931,43920
197,103,3620034,43921
141,268,3620302,43922
12,182,3620484,43923
775,70,3620554,43924
131,1,3620555,43925
2912,67,3620622,43926
2647,179,3620801,43927
12,10,3620811,43928
277,20,3620831,43929
925,66,3620897,43930
715,189,3621086,43931
286,143,3621229,43932
101,102,3621331,43933
91,25,3621356,43934
82,16,3621372,43935
854,37,3621409,43936
798,121,3621530,43937
209,65,3621595,43938
345,33,3621628,43939
11,83,3621711,43940
17,115,3621826,43941
93,83,3621909,43942
252,122,3622031,43943
64,148,3622179,43944
368,86,3622265,43945
349,378,3622643,43946
392,43,3622686,43947
398,33,3622719,43948
65,22,3622741,43949
54,19,3622760,43950
477,26,3622786,43951
275,33,3622819,43952
131,148,3622967,43953
204,47,3623014,43954
1188,45,3623059,43955
496,142,3623201,43956
2747,190,3623391,43957
823,43,3623434,43958
280,42,3623476,43959
303,29,3623505,43960
3280,15,3623520,43961
167,7,3623527,43962
105,35,3623562,43963
1841,17,3623579,43964
104,128,3623707,43965
337,12,3623719,43966
139,22,3623741,43967
112,68,3623809,43968
193,41,3623850,43969
3478,68,3623918,43970
3829,12,3623930,43971
115,93,3624023,43972
166,66,3624089,43973
1015,14,3624103,43974
375,79,3624182,43975
73,86,3624268,43976
185,68,3624336,43977
304,90,3624426,43978
151,174,3624600,43979
231,153,3624753,43980
459,38,3624791,43981
314,145,3624936,43982
769,82,3625018,43983
1640,3,3625021,43984
129,30,3625051,43985
1699,91,3625142,43986
156,246,3625388,43987
632,198,3625586,43988
331,35,3625621,43989
385,140,3625761,43990
209,37,3625798,43991
62,13,3625811,43992
104,21,3625832,43993
136,19,3625851,43994
315,119,3625970,43995
20,19,3625989,43996
1751,107,3626096,43997
319,18,3626114,43998
16,91,3626205,43999
304,61,3626266,44000
24,4,3626270,44001
426,97,3626367,44002
675,3,3626370,44003
410,44,3626414,44004
2695,145,3626559,44005
382,116,3626675,44006
65,8,3626683,44007
801,98,3626781,44008
107,52,3626833,44009
3345,187,3627020,44010
530,105,3627125,44011
13,22,3627147,44012
267,41,3627188,44013
318,29,3627217,44014
3034,100,3627317,44015
2338,60,3627377,44016
151,35,3627412,44017
289,222,3627634,44018
274,60,3627694,44019
857,128,3627822,44020
71,2,3627824,44021
29,56,3627880,44022
383,3,3627883,44023
275,232,3628115,44024
3102,102,3628217,44025
190,5,3628222,44026
121,151,3628373,44027
3635,130,3628503,44028
301,145,3628648,44029
124,325,3628973,44030
138,3,3628976,44031
2545,195,3629171,44032
141,116,3629287,44033
374,111,3629398,44034
553,17,3629415,44035
465,130,3629545,44036
225,49,3629594,44037
147,104,3629698,44038
126,171,3629869,44039
774,48,3629917,44040
614,26,3629943,44041
134,31,3629974,44042
11,28,3630002,44043
259,64,3630066,44044
301,23,3630089,44045
322,90,3630179,44046
2001,7,3630186,44047
298,45,3630231,44048
34,43,3630274,44049
341,342,3630616,44050
122,92,3630708,44051
375,132,3630840,44052
121,30,3630870,44053
578,4,3630874,44054
207,153,3631027,44055
151,117,3631144,44056
192,136,3631280,44057
3412,39,3631319,44058
304,5,3631324,44059
48,34,3631358,44060
305,32,3631390,44061
1005,132,3631522,44062
916,27,3631549,44063
38,90,3631639,44064
2059,9,3631648,44065
3148,192,3631840,44066
58,84,3631924,44067
2792,21,3631945,44068
337,156,3632101,44069
320,4,3632105,44070
2115,45,3632150,44071
680,46,3632196,44072
391,27,3632223,44073
468,134,3632357,44074
1276,317,3632674,44075
445,48,3632722,44076
111,27,3632749,44077
552,11,3632760,44078
162,52,3632812,44079
306,23,3632835,44080
472,179,3633014,44081
591,28,3633042,44082
470,342,3633384,44083
149,47,3633431,44084
150,153,3633584,44085
121,2,3633586,44086
171,20,3633606,44087
562,34,3633640,44088
557,5,3633645,44089
1227,84,3633729,44090
533,41,3633770,44091
2244,190,3633960,44092
1742,45,3634005,44093
202,76,3634081,44094
16,92,3634173,44095
247,80,3634253,44096
1142,167,3634420,44097
3312,391,3634811,44098
321,114,3634925,44099
158,98,3635023,44100
13,5,3635028,44101
16,250,3635278,44102
157,203,3635481,44103
157,48,3635529,44104
531,26,3635555,44105
29,290,3635845,44106
3589,19,3635864,44107
27,87,3635951,44108
271,36,3635987,44109
235,19,3636006,44110
301,9,3636015,44111
4034,189,3636204,44112
285,16,3636220,44113
11,223,3636443,44114
163,196,3636639,44115
395,52,3636691,44116
198,62,3636753,44117
29,63,3636816,44118
452,59,3636875,44119
243,360,3637235,44120
3555,66,3637301,44121
11,15,3637316,44122
350,3,3637319,44123
326,10,3637329,44124
148,23,3637352,44125
22,3,3637355,44126
331,240,3637595,44127
323,109,3637704,44128
299,21,3637725,44129
41,6,3637731,44130
119,45,3637776,44131
179,61,3637837,44132
146,98,3637935,44133
346,170,3638105,44134
1502,295,3638400,44135
2388,21,3638421,44136
299,109,3638530,44137
192,9,3638539,44138
127,54,3638593,44139
12,118,3638711,44140
1883,132,3638843,44141
14,7,3638850,44142
21,24,3638874,44143
500,148,3639022,44144
13,74,3639096,44145
212,20,3639116,44146
310,123,3639239,44147
250,9,3639248,44148
305,15,3639263,44149
173,8,3639271,44150
718,35,3639306,44151
196,6,3639312,44152
375,122,3639434,44153
3008,295,3639729,44154
138,2,3639731,44155
358,230,3639961,44156
34,159,3640120,44157
2417,201,3640321,44158
257,147,3640468,44159
72,38,3640506,44160
1773,22,3640528,44161
162,44,3640572,44162
1672,76,3640648,44163
102,32,3640680,44164
284,58,3640738,44165
1801,126,3640864,44166
13,68,3640932,44167
380,19,3640951,44168
4009,67,3641018,44169
23,60,3641078,44170
71,129,3641207,44171
2726,24,3641231,44172
3922,90,3641321,44173
123,96,3641417,44174
24,275,3641692,44175
42,46,3641738,44176
187,134,3641872,44177
333,38,3641910,44178
124,11,3641921,44179
363,58,3641979,44180
103,407,3642386,44181
301,489,3642875,44182
318,27,3642902,44183
423,400,3643302,44184
14,39,3643341,44185
348,121,3643462,44186
33,121,3643583,44187
333,140,3643723,44188
1116,101,3643824,44189
288,216,3644040,44190
332,50,3644090,44191
254,23,3644113,44192
107,65,3644178,44193
232,54,3644232,44194
72,6,3644238,44195
105,33,3644271,44196
369,216,3644487,44197
412,39,3644526,44198
213,218,3644744,44199
142,34,3644778,44200
2658,542,3645320,44201
2793,6,3645326,44202
3076,1,3645327,44203
410,80,3645407,44204
185,45,3645452,44205
48,27,3645479,44206
3950,109,3645588,44207
3951,7,3645595,44208
276,73,3645668,44209
187,304,3645972,44210
130,70,3646042,44211
422,134,3646176,44212
179,36,3646212,44213
288,171,3646383,44214
235,201,3646584,44215
299,110,3646694,44216
3143,19,3646713,44217
241,48,3646761,44218
386,10,3646771,44219
653,45,3646816,44220
390,3,3646819,44221
532,65,3646884,44222
403,160,3647044,44223
1799,54,3647098,44224
551,172,3647270,44225
2547,12,3647282,44226
876,245,3647527,44227
232,76,3647603,44228
302,78,3647681,44229
2592,64,3647745,44230
294,143,3647888,44231
245,34,3647922,44232
305,25,3647947,44233
467,74,3648021,44234
219,151,3648172,44235
1610,23,3648195,44236
313,141,3648336,44237
416,82,3648418,44238
14,256,3648674,44239
2955,43,3648717,44240
320,60,3648777,44241
60,215,3648992,44242
934,5,3648997,44243
182,61,3649058,44244
2154,27,3649085,44245
160,38,3649123,44246
114,10,3649133,44247
2614,46,3649179,44248
1315,11,3649190,44249
294,53,3649243,44250
253,33,3649276,44251
15,52,3649328,44252
200,37,3649365,44253
181,9,3649374,44254
2289,29,3649403,44255
1689,111,3649514,44256
128,87,3649601,44257
189,21,3649622,44258
432,83,3649705,44259
258,5,3649710,44260
3228,47,3649757,44261
315,37,3649794,44262
155,31,3649825,44263
106,31,3649856,44264
53,65,3649921,44265
28,32,3649953,44266
92,14,3649967,44267
664,5,3649972,44268
98,2,3649974,44269
204,16,3649990,44270
266,68,3650058,44271
97,6,3650064,44272
312,189,3650253,44273
212,28,3650281,44274
186,36,3650317,44275
10,32,3650349,44276
345,139,3650488,44277
1287,217,3650705,44278
109,79,3650784,44279
16,200,3650984,44280
3450,79,3651063,44281
404,22,3651085,44282
522,9,3651094,44283
190,106,3651200,44284
632,114,3651314,44285
3113,22,3651336,44286
206,39,3651375,44287
1036,134,3651509,44288
72,172,3651681,44289
1590,38,3651719,44290
205,224,3651943,44291
294,12,3651955,44292
2898,16,3651971,44293
119,36,3652007,44294
145,234,3652241,44295
301,274,3652515,44296
2177,28,3652543,44297
3707,86,3652629,44298
22,254,3652883,44299
2935,12,3652895,44300
16,160,3653055,44301
4044,49,3653104,44302
52,67,3653171,44303
1429,17,3653188,44304
332,25,3653213,44305
373,77,3653290,44306
281,3,3653293,44307
325,29,3653322,44308
417,79,3653401,44309
225,137,3653538,44310
365,284,3653822,44311
315,50,3653872,44312
312,9,3653881,44313
100,259,3654140,44314
538,192,3654332,44315
273,39,3654371,44316
65,33,3654404,44317
150,12,3654416,44318
2730,72,3654488,44319
1513,233,3654721,44320
324,239,3654960,44321
344,29,3654989,44322
143,33,3655022,44323
143,223,3655245,44324
13,74,3655319,44325
124,70,3655389,44326
3103,21,3655410,44327
397,101,3655511,44328
446,219,3655730,44329
370,104,3655834,44330
50,44,3655878,44331
85,27,3655905,44332
3287,239,3656144,44333
2481,15,3656159,44334
11,42,3656201,44335
110,76,3656277,44336
370,40,3656317,44337
3328,62,3656379,44338
176,2,3656381,44339
155,278,3656659,44340
58,128,3656787,44341
15,107,3656894,44342
143,58,3656952,44343
150,29,3656981,44344
554,15,3656996,44345
3619,75,3657071,44346
28,59,3657130,44347
1491,103,3657233,44348
184,86,3657319,44349
175,28,3657347,44350
363,118,3657465,44351
13,262,3657727,44352
3578,86,3657813,44353
2839,115,3657928,44354
159,378,3658306,44355
85,85,3658391,44356
432,64,3658455,44357
354,61,3658516,44358
2732,107,3658623,44359
129,3,3658626,44360
80,148,3658774,44361
297,5,3658779,44362
144,80,3658859,44363
179,155,3659014,44364
355,15,3659029,44365
353,64,3659093,44366
55,45,3659138,44367
409,34,3659172,44368
555,52,3659224,44369
3371,49,3659273,44370
4039,207,3659480,44371
3267,185,3659665,44372
296,26,3659691,44373
130,53,3659744,44374
210,106,3659850,44375
172,291,3660141,44376
10,91,3660232,44377
507,8,3660240,44378
271,11,3660251,44379
311,73,3660324,44380
92,184,3660508,44381
801,82,3660590,44382
192,32,3660622,44383
142,264,3660886,44384
1575,45,3660931,44385
443,74,3661005,44386
13,24,3661029,44387
89,39,3661068,44388
646,79,3661147,44389
11,30,3661177,44390
128,48,3661225,44391
514,29,3661254,44392
317,53,3661307,44393
3649,128,3661435,44394
297,43,3661478,44395
354,26,3661504,44396
159,1,3661505,44397
387,52,3661557,44398
19,35,3661592,44399
3183,132,3661724,44400
130,98,3661822,44401
71,104,3661926,44402
302,122,3662048,44403
166,4,3662052,44404
139,91,3662143,44405
570,40,3662183,44406
9,67,3662250,44407
366,217,3662467,44408
1643,63,3662530,44409
177,47,3662577,44410
330,5,3662582,44411
653,36,3662618,44412
387,25,3662643,44413
3000,153,3662796,44414
11,303,3663099,44415
177,71,3663170,44416
305,13,3663183,44417
2341,112,3663295,44418
150,169,3663464,44419
155,155,3663619,44420
17,247,3663866,44421
169,10,3663876,44422
37,8,3663884,44423
100,81,3663965,44424
141,30,3663995,44425
272,16,3664011,44426
189,21,3664032,44427
9,88,3664120,44428
907,2,3664122,44429
190,12,3664134,44430
403,28,3664162,44431
2922,138,3664300,44432
284,116,3664416,44433
342,52,3664468,44434
147,14,3664482,44435
305,42,3664524,44436
65,324,3664848,44437
57,1,3664849,44438
1516,31,3664880,44439
199,41,3664921,44440
274,158,3665079,44441
3630,24,3665103,44442
562,6,3665109,44443
151,16,3665125,44444
101,176,3665301,44445
219,17,3665318,44446
195,35,3665353,44447
383,256,3665609,44448
454,82,3665691,44449
220,82,3665773,44450
3722,12,3665785,44451
155,242,3666027,44452
2915,44,3666071,44453
13,5,3666076,44454
328,57,3666133,44455
48,60,3666193,44456
113,25,3666218,44457
145,159,3666377,44458
2903,17,3666394,44459
14,49,3666443,44460
2454,5,3666448,44461
147,4,3666452,44462
631,79,3666531,44463
87,31,3666562,44464
328,120,3666682,44465
12,11,3666693,44466
174,135,3666828,44467
411,165,3666993,44468
45,29,3667022,44469
185,23,3667045,44470
3942,10,3667055,44471
30,22,3667077,44472
349,12,3667089,44473
226,19,3667108,44474
101,51,3667159,44475
328,20,3667179,44476
385,59,3667238,44477
388,24,3667262,44478
182,68,3667330,44479
119,47,3667377,44480
44,73,3667450,44481
128,10,3667460,44482
314,7,3667467,44483
121,35,3667502,44484
474,149,3667651,44485
304,187,3667838,44486
327,31,3667869,44487
390,99,3667968,44488
15,137,3668105,44489
351,191,3668296,44490
217,96,3668392,44491
12,4,3668396,44492
83,92,3668488,44493
184,2,3668490,44494
1761,26,3668516,44495
290,67,3668583,44496
258,56,3668639,44497
209,40,3668679,44498
282,1,3668680,44499
372,149,3668829,44500
96,7,3668836,44501
126,385,3669221,44502
476,26,3669247,44503
498,198,3669445,44504
152,49,3669494,44505
190,101,3669595,44506
2873,74,3669669,44507
170,9,3669678,44508
38,86,3669764,44509
415,38,3669802,44510
3291,133,3669935,44511
3666,91,3670026,44512
273,96,3670122,44513
256,8,3670130,44514
30,427,3670557,44515
138,45,3670602,44516
169,241,3670843,44517
108,345,3671188,44518
139,77,3671265,44519
269,48,3671313,44520
694,44,3671357,44521
3009,36,3671393,44522
3803,68,3671461,44523
494,178,3671639,44524
399,164,3671803,44525
1040,49,3671852,44526
3177,8,3671860,44527
263,44,3671904,44528
135,110,3672014,44529
741,42,3672056,44530
518,26,3672082,44531
307,36,3672118,44532
314,192,3672310,44533
230,21,3672331,44534
127,29,3672360,44535
2204,160,3672520,44536
493,71,3672591,44537
158,48,3672639,44538
264,108,3672747,44539
109,38,3672785,44540
1634,23,3672808,44541
153,108,3672916,44542
467,120,3673036,44543
398,165,3673201,44544
540,32,3673233,44545
719,83,3673316,44546
77,110,3673426,44547
364,32,3673458,44548
115,11,3673469,44549
2614,97,3673566,44550
502,60,3673626,44551
38,13,3673639,44552
392,26,3673665,44553
270,31,3673696,44554
423,10,3673706,44555
282,19,3673725,44556
112,67,3673792,44557
150,13,3673805,44558
338,174,3673979,44559
322,71,3674050,44560
296,12,3674062,44561
176,262,3674324,44562
303,363,3674687,44563
868,28,3674715,44564
172,210,3674925,44565
282,84,3675009,44566
150,69,3675078,44567
3869,33,3675111,44568
1848,81,3675192,44569
245,10,3675202,44570
243,97,3675299,44571
598,105,3675404,44572
417,53,3675457,44573
222,47,3675504,44574
511,51,3675555,44575
389,35,3675590,44576
412,37,3675627,44577
1823,95,3675722,44578
303,315,3676037,44579
62,56,3676093,44580
2425,82,3676175,44581
145,12,3676187,44582
112,23,3676210,44583
21,231,3676441,44584
403,16,3676457,44585
91,7,3676464,44586
1158,14,3676478,44587
2308,80,3676558,44588
1939,195,3676753,44589
41,54,3676807,44590
353,38,3676845,44591
548,27,3676872,44592
115,52,3676924,44593
24,26,3676950,44594
188,17,3676967,44595
1696,36,3677003,44596
1780,109,3677112,44597
470,134,3677246,44598
60,83,3677329,44599
361,46,3677375,44600
149,155,3677530,44601
524,113,3677643,44602
738,125,3677768,44603
169,16,3677784,44604
786,88,3677872,44605
1333,60,3677932,44606
324,53,3677985,44607
1570,24,3678009,44608
3838,23,3678032,44609
3683,50,3678082,44610
320,49,3678131,44611
3158,3,3678134,44612
277,66,3678200,44613
354,213,3678413,44614
1998,8,3678421,44615
348,21,3678442,44616
1508,318,3678760,44617
142,204,3678964,44618
77,43,3679007,44619
2050,225,3679232,44620
195,15,3679247,44621
293,7,3679254,44622
355,63,3679317,44623
9,185,3679502,44624
105,70,3679572,44625
698,41,3679613,44626
561,8,3679621,44627
128,1,3679622,44628
633,19,3679641,44629
2348,5,3679646,44630
308,42,3679688,44631
2421,79,3679767,44632
79,31,3679798,44633
364,85,3679883,44634
26,113,3679996,44635
89,104,3680100,44636
252,161,3680261,44637
16,103,3680364,44638
1460,45,3680409,44639
962,125,3680534,44640
479,6,3680540,44641
264,4,3680544,44642
2412,36,3680580,44643
123,74,3680654,44644
3882,22,3680676,44645
3526,48,3680724,44646
3370,376,3681100,44647
288,65,3681165,44648
955,40,3681205,44649
82,3,3681208,44650
110,24,3681232,44651
132,41,3681273,44652
395,32,3681305,44653
3971,84,3681389,44654
282,96,3681485,44655
56,64,3681549,44656
138,78,3681627,44657
150,66,3681693,44658
2816,304,3681997,44659
125,130,3682127,44660
3211,80,3682207,44661
21,190,3682397,44662
689,15,3682412,44663
2991,94,3682506,44664
2173,317,3682823,44665
58,2,3682825,44666
1958,96,3682921,44667
569,103,3683024,44668
136,142,3683166,44669
352,77,3683243,44670
78,17,3683260,44671
763,12,3683272,44672
464,47,3683319,44673
20,34,3683353,44674
617,43,3683396,44675
292,373,3683769,44676
141,191,3683960,44677
262,128,3684088,44678
229,12,3684100,44679
95,116,3684216,44680
107,32,3684248,44681
1772,105,3684353,44682
179,160,3684513,44683
1033,25,3684538,44684
87,14,3684552,44685
219,31,3684583,44686
13,154,3684737,44687
149,39,3684776,44688
472,211,3684987,44689
173,424,3685411,44690
345,12,3685423,44691
15,42,3685465,44692
285,45,3685510,44693
450,29,3685539,44694
2119,128,3685667,44695
158,20,3685687,44696
22,52,3685739,44697
42,60,3685799,44698
127,56,3685855,44699
147,154,3686009,44700
465,145,3686154,44701
42,71,3686225,44702
541,174,3686399,44703
323,32,3686431,44704
185,25,3686456,44705
9,53,3686509,44706
132,24,3686533,44707
243,57,3686590,44708
532,18,3686608,44709
3333,6,3686614,44710
111,76,3686690,44711
163,45,3686735,44712
1009,4,3686739,44713
131,250,3686989,44714
471,5,3686994,44715
224,56,3687050,44716
205,2,3687052,44717
528,5,3687057,44718
97,4,3687061,44719
1151,13,3687074,44720
262,11,3687085,44721
16,50,3687135,44722
1311,84,3687219,44723
82,172,3687391,44724
31,54,3687445,44725
2870,96,3687541,44726
3462,46,3687587,44727
2101,39,3687626,44728
418,10,3687636,44729
2092,37,3687673,44730
162,58,3687731,44731
15,101,3687832,44732
158,4,3687836,44733
718,58,3687894,44734
526,154,3688048,44735
343,44,3688092,44736
63,38,3688130,44737
13,52,3688182,44738
1623,153,3688335,44739
312,69,3688404,44740
239,86,3688490,44741
459,122,3688612,44742
169,2,3688614,44743
92,49,3688663,44744
109,105,3688768,44745
366,268,3689036,44746
319,86,3689122,44747
18,18,3689140,44748
348,255,3689395,44749
130,27,3689422,44750
14,99,3689521,44751
305,17,3689538,44752
2696,65,3689603,44753
321,63,3689666,44754
189,85,3689751,44755
139,5,3689756,44756
431,34,3689790,44757
3359,137,3689927,44758
13,376,3690303,44759
304,31,3690334,44760
325,36,3690370,44761
85,19,3690389,44762
143,138,3690527,44763
3674,17,3690544,44764
1030,5,3690549,44765
116,144,3690693,44766
2665,80,3690773,44767
315,17,3690790,44768
236,49,3690839,44769
248,114,3690953,44770
22,62,3691015,44771
9,116,3691131,44772
94,109,3691240,44773
119,65,3691305,44774
10,149,3691454,44775
77,15,3691469,44776
184,17,3691486,44777
317,8,3691494,44778
123,44,3691538,44779
34,111,3691649,44780
55,12,3691661,44781
30,22,3691683,44782
39,7,3691690,44783
2423,13,3691703,44784
399,22,3691725,44785
189,41,3691766,44786
101,98,3691864,44787
950,42,3691906,44788
64,10,3691916,44789
66,6,3691922,44790
328,74,3691996,44791
316,24,3692020,44792
731,156,3692176,44793
418,96,3692272,44794
0,16,3692288,44795
127,250,3692538,44796
23,14,3692552,44797
63,124,3692676,44798
2764,147,3692823,44799
123,45,3692868,44800
3200,137,3693005,44801
1956,80,3693085,44802
30,3,3693088,44803
103,71,3693159,44804
208,1,3693160,44805
238,12,3693172,44806
164,5,3693177,44807
138,40,3693217,44808
77,190,3693407,44809
432,140,3693547,44810
1932,116,3693663,44811
99,76,3693739,44812
955,99,3693838,44813
133,68,3693906,44814
127,7,3693913,44815
290,27,3693940,44816
1762,263,3694203,44817
414,61,3694264,44818
157,188,3694452,44819
112,114,3694566,44820
821,57,3694623,44821
479,3,3694626,44822
135,35,3694661,44823
146,80,3694741,44824
1398,2,3694743,44825
74,90,3694833,44826
1418,303,3695136,44827
3323,102,3695238,44828
587,404,3695642,44829
111,149,3695791,44830
204,16,3695807,44831
3122,42,3695849,44832
116,87,3695936,44833
951,198,3696134,44834
157,114,3696248,44835
439,195,3696443,44836
284,154,3696597,44837
171,49,3696646,44838
2039,80,3696726,44839
279,113,3696839,44840
203,21,3696860,44841
9,20,3696880,44842
134,127,3697007,44843
34,11,3697018,44844
358,183,3697201,44845
3938,34,3697235,44846
227,118,3697353,44847
297,76,3697429,44848
258,126,3697555,44849
150,14,3697569,44850
356,47,3697616,44851
109,128,3697744,44852
133,24,3697768,44853
43,67,3697835,44854
485,53,3697888,44855
29,151,3698039,44856
309,133,3698172,44857
55,165,3698337,44858
2030,148,3698485,44859
164,49,3698534,44860
317,466,3699000,44861
377,16,3699016,44862
45,51,3699067,44863
328,45,3699112,44864
151,6,3699118,44865
214,19,3699137,44866
347,54,3699191,44867
291,106,3699297,44868
170,211,3699508,44869
2308,80,3699588,44870
159,18,3699606,44871
2668,34,3699640,44872
1986,29,3699669,44873
268,30,3699699,44874
94,8,3699707,44875
497,121,3699828,44876
86,52,3699880,44877
192,210,3700090,44878
120,138,3700228,44879
3586,65,3700293,44880
267,40,3700333,44881
446,49,3700382,44882
3428,30,3700412,44883
119,12,3700424,44884
301,60,3700484,44885
3289,33,3700517,44886
874,123,3700640,44887
244,105,3700745,44888
430,22,3700767,44889
855,150,3700917,44890
43,238,3701155,44891
21,7,3701162,44892
60,58,3701220,44893
146,220,3701440,44894
2610,31,3701471,44895
10,111,3701582,44896
13,28,3701610,44897
55,19,3701629,44898
18,51,3701680,44899
235,322,3702002,44900
71,115,3702117,44901
336,14,3702131,44902
295,29,3702160,44903
387,14,3702174,44904
342,14,3702188,44905
485,26,3702214,44906
224,128,3702342,44907
173,6,3702348,44908
402,70,3702418,44909
146,29,3702447,44910
2238,114,3702561,44911
97,126,3702687,44912
148,81,3702768,44913
286,25,3702793,44914
98,44,3702837,44915
3750,17,3702854,44916
724,23,3702877,44917
92,130,3703007,44918
200,71,3703078,44919
436,308,3703386,44920
673,213,3703599,44921
195,196,3703795,44922
377,37,3703832,44923
308,52,3703884,44924
334,48,3703932,44925
23,6,3703938,44926
2611,29,3703967,44927
200,14,3703981,44928
619,67,3704048,44929
173,114,3704162,44930
511,116,3704278,44931
127,24,3704302,44932
34,91,3704393,44933
291,81,3704474,44934
442,42,3704516,44935
312,127,3704643,44936
170,3,3704646,44937
155,105,3704751,44938
151,158,3704909,44939
13,21,3704930,44940
422,144,3705074,44941
9,23,3705097,44942
70,6,3705103,44943
215,134,3705237,44944
241,147,3705384,44945
264,25,3705409,44946
890,30,3705439,44947
3570,11,3705450,44948
354,9,3705459,44949
778,111,3705570,44950
314,140,3705710,44951
3872,251,3705961,44952
303,56,3706017,44953
157,121,3706138,44954
12,82,3706220,44955
302,15,3706235,44956
321,152,3706387,44957
165,87,3706474,44958
3643,41,3706515,44959
744,331,3706846,44960
2959,94,3706940,44961
98,23,3706963,44962
169,38,3707001,44963
528,50,3707051,44964
91,77,3707128,44965
336,41,3707169,44966
1802,161,3707330,44967
140,20,3707350,44968
171,3,3707353,44969
633,222,3707575,44970
299,64,3707639,44971
3180,15,3707654,44972
1355,73,3707727,44973
433,137,3707864,44974
1132,165,3708029,44975
683,32,3708061,44976
231,11,3708072,44977
3710,77,3708149,44978
538,27,3708176,44979
13,22,3708198,44980
495,4,3708202,44981
806,222,3708424,44982
229,269,3708693,44983
134,136,3708829,44984
120,42,3708871,44985
523,35,3708906,44986
187,6,3708912,44987
121,52,3708964,44988
418,268,3709232,44989
254,84,3709316,44990
84,47,3709363,44991
960,57,3709420,44992
3405,24,3709444,44993
83,188,3709632,44994
111,80,3709712,44995
106,1,3709713,44996
26,62,3709775,44997
99,238,3710013,44998
75,14,3710027,44999
130,149,3710176,45000
2126,29,3710205,45001
420,84,3710289,45002
129,163,3710452,45003
304,162,3710614,45004
524,40,3710654,45005
425,23,3710677,45006
652,33,3710710,45007
295,97,3710807,45008
3423,29,3710836,45009
311,98,3710934,45010
51,39,3710973,45011
332,8,3710981,45012
1356,60,3711041,45013
427,137,3711178,45014
306,7,3711185,45015
2032,69,3711254,45016
26,122,3711376,45017
299,66,3711442,45018
177,9,3711451,45019
236,36,3711487,45020
244,126,3711613,45021
1855,79,3711692,45022
247,69,3711761,45023
117,120,3711881,45024
132,80,3711961,45025
385,44,3712005,45026
129,1,3712006,45027
163,84,3712090,45028
2221,399,3712489,45029
436,193,3712682,45030
2075,69,3712751,45031
1027,116,3712867,45032
20,57,3712924,45033
369,205,3713129,45034
237,4,3713133,45035
14,27,3713160,45036
232,14,3713174,45037
140,67,3713241,45038
509,142,3713383,45039
426,19,3713402,45040
201,30,3713432,45041
1079,87,3713519,45042
683,178,3713697,45043
107,46,3713743,45044
566,30,3713773,45045
585,4,3713777,45046
311,5,3713782,45047
243,149,3713931,45048
265,166,3714097,45049
710,46,3714143,45050
3737,128,3714271,45051
145,31,3714302,45052
442,25,3714327,45053
579,42,3714369,45054
176,51,3714420,45055
168,129,3714549,45056
196,38,3714587,45057
426,149,3714736,45058
490,8,3714744,45059
354,109,3714853,45060
132,85,3714938,45061
179,6,3714944,45062
134,103,3715047,45063
124,152,3715199,45064
13,8,3715207,45065
98,106,3715313,45066
283,28,3715341,45067
675,195,3715536,45068
1702,2,3715538,45069
47,74,3715612,45070
343,96,3715708,45071
1014,11,3715719,45072
13,179,3715898,45073
120,211,3716109,45074
68,31,3716140,45075
234,4,3716144,45076
396,38,3716182,45077
882,58,3716240,45078
416,12,3716252,45079
14,219,3716471,45080
96,54,3716525,45081
312,5,3716530,45082
175,2,3716532,45083
2172,154,3716686,45084
12,10,3716696,45085
121,15,3716711,45086
282,101,3716812,45087
47,579,3717391,45088
2548,506,3717897,45089
415,175,3718072,45090
159,69,3718141,45091
1571,78,3718219,45092
3143,28,3718247,45093
11,3,3718250,45094
99,73,3718323,45095
141,115,3718438,45096
43,9,3718447,45097
749,1,3718448,45098
2110,40,3718488,45099
300,101,3718589,45100
201,80,3718669,45101
112,31,3718700,45102
193,98,3718798,45103
315,161,3718959,45104
1689,54,3719013,45105
30,283,3719296,45106
3367,41,3719337,45107
15,22,3719359,45108
107,21,3719380,45109
237,50,3719430,45110
153,3,3719433,45111
213,286,3719719,45112
157,19,3719738,45113
343,108,3719846,45114
79,20,3719866,45115
243,20,3719886,45116
71,293,3720179,45117
117,125,3720304,45118
2839,70,3720374,45119
951,201,3720575,45120
137,22,3720597,45121
125,23,3720620,45122
1893,12,3720632,45123
185,26,3720658,45124
137,34,3720692,45125
658,52,3720744,45126
205,104,3720848,45127
2326,43,3720891,45128
288,9,3720900,45129
152,19,3720919,45130
2118,81,3721000,45131
320,259,3721259,45132
424,170,3721429,45133
256,32,3721461,45134
271,7,3721468,45135
3065,28,3721496,45136
1861,23,3721519,45137
421,295,3721814,45138
356,55,3721869,45139
112,31,3721900,45140
260,15,3721915,45141
3812,89,3722004,45142
168,1,3722005,45143
284,40,3722045,45144
339,95,3722140,45145
255,8,3722148,45146
280,22,3722170,45147
400,30,3722200,45148
323,23,3722223,45149
1709,9,3722232,45150
300,60,3722292,45151
166,30,3722322,45152
472,115,3722437,45153
152,1,3722438,45154
141,19,3722457,45155
592,23,3722480,45156
947,96,3722576,45157
219,53,3722629,45158
1673,172,3722801,45159
12,193,3722994,45160
195,1,3722995,45161
38,2,3722997,45162
122,6,3723003,45163
170,109,3723112,45164
3183,76,3723188,45165
249,4,3723192,45166
407,506,3723698,45167
30,160,3723858,45168
1998,12,3723870,45169
170,284,3724154,45170
68,58,3724212,45171
181,15,3724227,45172
166,35,3724262,45173
1904,34,3724296,45174
552,148,3724444,45175
400,243,3724687,45176
507,33,3724720,45177
160,134,3724854,45178
776,23,3724877,45179
104,24,3724901,45180
21,128,3725029,45181
370,101,3725130,45182
90,175,3725305,45183
352,20,3725325,45184
34,47,3725372,45185
3143,78,3725450,45186
287,3,3725453,45187
206,104,3725557,45188
364,21,3725578,45189
302,9,3725587,45190
117,4,3725591,45191
466,101,3725692,45192
142,17,3725709,45193
3362,65,3725774,45194
412,58,3725832,45195
13,178,3726010,45196
23,75,3726085,45197
1234,199,3726284,45198
67,7,3726291,45199
601,152,3726443,45200
89,75,3726518,45201
89,91,3726609,45202
3407,22,3726631,45203
411,30,3726661,45204
333,44,3726705,45205
130,223,3726928,45206
22,13,3726941,45207
2623,6,3726947,45208
1995,90,3727037,45209
249,118,3727155,45210
3340,243,3727398,45211
1328,60,3727458,45212
2863,64,3727522,45213
111,123,3727645,45214
924,128,3727773,45215
35,15,3727788,45216
144,42,3727830,45217
98,15,3727845,45218
98,10,3727855,45219
2146,77,3727932,45220
270,8,3727940,45221
112,65,3728005,45222
218,94,3728099,45223
982,18,3728117,45224
142,23,3728140,45225
129,78,3728218,45226
636,56,3728274,45227
311,221,3728495,45228
1202,35,3728530,45229
391,201,3728731,45230
1560,35,3728766,45231
270,29,3728795,45232
656,68,3728863,45233
246,34,3728897,45234
522,140,3729037,45235
20,13,3729050,45236
19,73,3729123,45237
201,27,3729150,45238
451,10,3729160,45239
42,300,3729460,45240
130,117,3729577,45241
219,235,3729812,45242
16,7,3729819,45243
291,245,3730064,45244
18,190,3730254,45245
15,22,3730276,45246
239,5,3730281,45247
224,15,3730296,45248
2767,65,3730361,45249
137,8,3730369,45250
3301,71,3730440,45251
23,37,3730477,45252
118,205,3730682,45253
881,109,3730791,45254
3129,352,3731143,45255
427,17,3731160,45256
336,84,3731244,45257
49,88,3731332,45258
522,144,3731476,45259
189,162,3731638,45260
135,133,3731771,45261
397,190,3731961,45262
2705,36,3731997,45263
137,13,3732010,45264
233,38,3732048,45265
10,42,3732090,45266
168,112,3732202,45267
922,61,3732263,45268
157,48,3732311,45269
115,35,3732346,45270
26,27,3732373,45271
151,235,3732608,45272
9,9,3732617,45273
274,42,3732659,45274
160,12,3732671,45275
195,12,3732683,45276
3604,24,3732707,45277
212,79,3732786,45278
87,110,3732896,45279
3944,45,3732941,45280
385,26,3732967,45281
9,172,3733139,45282
64,125,3733264,45283
2173,34,3733298,45284
115,33,3733331,45285
49,12,3733343,45286
2215,14,3733357,45287
950,187,3733544,45288
85,10,3733554,45289
733,236,3733790,45290
2117,1,3733791,45291
170,290,3734081,45292
75,65,3734146,45293
1663,18,3734164,45294
86,26,3734190,45295
1104,96,3734286,45296
415,10,3734296,45297
426,67,3734363,45298
233,8,3734371,45299
3406,18,3734389,45300
335,78,3734467,45301
800,326,3734793,45302
250,302,3735095,45303
85,87,3735182,45304
12,92,3735274,45305
3586,110,3735384,45306
39,24,3735408,45307
21,66,3735474,45308
536,155,3735629,45309
22,48,3735677,45310
1653,9,3735686,45311
113,141,3735827,45312
116,62,3735889,45313
223,95,3735984,45314
47,16,3736000,45315
3639,24,3736024,45316
115,44,3736068,45317
448,13,3736081,45318
332,136,3736217,45319
416,97,3736314,45320
134,194,3736508,45321
118,220,3736728,45322
3315,159,3736887,45323
100,453,3737340,45324
848,64,3737404,45325
208,85,3737489,45326
1018,101,3737590,45327
268,57,3737647,45328
167,229,3737876,45329
557,16,3737892,45330
427,201,3738093,45331
144,43,3738136,45332
57,4,3738140,45333
137,2,3738142,45334
1733,184,3738326,45335
3417,1,3738327,45336
53,108,3738435,45337
319,34,3738469,45338
384,132,3738601,45339
417,1,3738602,45340
513,5,3738607,45341
1941,160,3738767,45342
156,122,3738889,45343
2812,13,3738902,45344
568,198,3739100,45345
3035,35,3739135,45346
362,118,3739253,45347
177,16,3739269,45348
129,73,3739342,45349
100,145,3739487,45350
161,13,3739500,45351
162,36,3739536,45352
285,11,3739547,45353
9,257,3739804,45354
156,44,3739848,45355
151,1,3739849,45356
35,173,3740022,45357
152,35,3740057,45358
248,231,3740288,45359
12,127,3740415,45360
12,92,3740507,45361
82,92,3740599,45362
161,71,3740670,45363
3773,276,3740946,45364
252,102,3741048,45365
476,46,3741094,45366
314,54,3741148,45367
38,12,3741160,45368
94,433,3741593,45369
207,226,3741819,45370
1237,4,3741823,45371
300,173,3741996,45372
254,272,3742268,45373
2713,351,3742619,45374
3156,31,3742650,45375
282,104,3742754,45376
1342,96,3742850,45377
2584,12,3742862,45378
139,65,3742927,45379
4049,142,3743069,45380
425,87,3743156,45381
129,62,3743218,45382
154,75,3743293,45383
82,82,3743375,45384
1570,170,3743545,45385
2678,44,3743589,45386
1757,134,3743723,45387
42,50,3743773,45388
224,79,3743852,45389
176,44,3743896,45390
1658,19,3743915,45391
336,9,3743924,45392
1439,72,3743996,45393
39,41,3744037,45394
75,81,3744118,45395
223,65,3744183,45396
36,35,3744218,45397
12,9,3744227,45398
418,197,3744424,45399
2689,97,3744521,45400
198,77,3744598,45401
307,22,3744620,45402
899,89,3744709,45403
416,43,3744752,45404
317,198,3744950,45405
149,44,3744994,45406
152,2,3744996,45407
16,241,3745237,45408
382,42,3745279,45409
722,92,3745371,45410
242,29,3745400,45411
69,12,3745412,45412
54,15,3745427,45413
349,23,3745450,45414
3573,68,3745518,45415
3168,78,3745596,45416
528,34,3745630,45417
109,104,3745734,45418
918,148,3745882,45419
3516,153,3746035,45420
164,241,3746276,45421
328,169,3746445,45422
548,17,3746462,45423
2937,68,3746530,45424
1014,279,3746809,45425
133,52,3746861,45426
146,250,3747111,45427
671,15,3747126,45428
124,62,3747188,45429
150,170,3747358,45430
660,20,3747378,45431
113,25,3747403,45432
1419,177,3747580,45433
618,26,3747606,45434
1360,48,3747654,45435
511,31,3747685,45436
843,3,3747688,45437
312,110,3747798,45438
2573,106,3747904,45439
282,59,3747963,45440
245,95,3748058,45441
296,262,3748320,45442
527,39,3748359,45443
391,75,3748434,45444
117,119,3748553,45445
127,60,3748613,45446
546,10,3748623,45447
179,112,3748735,45448
145,69,3748804,45449
416,23,3748827,45450
19,7,3748834,45451
1393,83,3748917,45452
98,15,3748932,45453
291,128,3749060,45454
129,2,3749062,45455
594,472,3749534,45456
175,99,3749633,45457
18,104,3749737,45458
405,88,3749825,45459
1769,67,3749892,45460
422,28,3749920,45461
163,56,3749976,45462
125,199,3750175,45463
99,30,3750205,45464
102,55,3750260,45465
3322,215,3750475,45466
17,70,3750545,45467
237,37,3750582,45468
93,135,3750717,45469
194,69,3750786,45470
110,111,3750897,45471
325,124,3751021,45472
1454,132,3751153,45473
10,47,3751200,45474
800,6,3751206,45475
1252,113,3751319,45476
2421,66,3751385,45477
135,16,3751401,45478
244,59,3751460,45479
257,54,3751514,45480
137,263,3751777,45481
1183,1,3751778,45482
247,19,3751797,45483
381,33,3751830,45484
172,73,3751903,45485
20,6,3751909,45486
186,62,3751971,45487
345,194,3752165,45488
40,26,3752191,45489
555,29,3752220,45490
2188,166,3752386,45491
171,70,3752456,45492
337,73,3752529,45493
3938,24,3752553,45494
3804,57,3752610,45495
732,58,3752668,45496
97,9,3752677,45497
54,3,3752680,45498
296,101,3752781,45499
121,14,3752795,45500
230,184,3752979,45501
166,19,3752998,45502
38,206,3753204,45503
11,115,3753319,45504
144,144,3753463,45505
167,75,3753538,45506
108,3,3753541,45507
112,137,3753678,45508
3813,16,3753694,45509
352,27,3753721,45510
729,111,3753832,45511
298,7,3753839,45512
1819,115,3753954,45513
334,17,3753971,45514
198,1,3753972,45515
315,66,3754038,45516
2214,200,3754238,45517
46,66,3754304,45518
143,24,3754328,45519
304,83,3754411,45520
63,30,3754441,45521
150,2,3754443,45522
796,11,3754454,45523
36,59,3754513,45524
45,62,3754575,45525
247,53,3754628,45526
388,17,3754645,45527
333,5,3754650,45528
53,128,3754778,45529
297,118,3754896,45530
114,51,3754947,45531
125,142,3755089,45532
390,63,3755152,45533
2465,15,3755167,45534
108,13,3755180,45535
916,33,3755213,45536
221,45,3755258,45537
4072,6,3755264,45538
355,14,3755278,45539
384,50,3755328,45540
140,72,3755400,45541
993,9,3755409,45542
76,321,3755730,45543
194,625,3756355,45544
157,40,3756395,45545
14,54,3756449,45546
156,84,3756533,45547
175,123,3756656,45548
1527,38,3756694,45549
447,9,3756703,45550
362,50,3756753,45551
333,64,3756817,45552
112,100,3756917,45553
267,229,3757146,45554
1013,21,3757167,45555
24,35,3757202,45556
2119,37,3757239,45557
12,187,3757426,45558
15,16,3757442,45559
297,91,3757533,45560
183,149,3757682,45561
88,62,3757744,45562
182,3,3757747,45563
287,78,3757825,45564
366,62,3757887,45565
289,59,3757946,45566
120,57,3758003,45567
122,35,3758038,45568
165,13,3758051,45569
479,107,3758158,45570
329,14,3758172,45571
855,13,3758185,45572
533,26,3758211,45573
13,46,3758257,45574
326,111,3758368,45575
326,151,3758519,45576
177,10,3758529,45577
334,2,3758531,45578
2465,219,3758750,45579
250,68,3758818,45580
245,35,3758853,45581
286,125,3758978,45582
348,84,3759062,45583
143,132,3759194,45584
3781,76,3759270,45585
141,19,3759289,45586
391,39,3759328,45587
69,76,3759404,45588
345,101,3759505,45589
101,105,3759610,45590
99,299,3759909,45591
401,23,3759932,45592
951,357,3760289,45593
102,188,3760477,45594
4025,132,3760609,45595
2661,54,3760663,45596
643,22,3760685,45597
366,48,3760733,45598
327,17,3760750,45599
240,178,3760928,45600
268,249,3761177,45601
47,23,3761200,45602
362,92,3761292,45603
14,14,3761306,45604
1353,86,3761392,45605
3458,4,3761396,45606
105,63,3761459,45607
2880,64,3761523,45608
168,104,3761627,45609
33,53,3761680,45610
192,11,3761691,45611
3814,193,3761884,45612
454,41,3761925,45613
422,11,3761936,45614
339,48,3761984,45615
113,52,3762036,45616
114,117,3762153,45617
189,157,3762310,45618
1720,163,3762473,45619
3881,148,3762621,45620
247,60,3762681,45621
288,80,3762761,45622
355,13,3762774,45623
1312,22,3762796,45624
199,95,3762891,45625
18,25,3762916,45626
275,16,3762932,45627
306,25,3762957,45628
2370,44,3763001,45629
438,159,3763160,45630
259,93,3763253,45631
87,3,3763256,45632
110,18,3763274,45633
437,39,3763313,45634
2600,15,3763328,45635
410,1,3763329,45636
566,38,3763367,45637
363,117,3763484,45638
3270,59,3763543,45639
502,28,3763571,45640
26,108,3763679,45641
162,8,3763687,45642
3482,106,3763793,45643
213,17,3763810,45644
278,141,3763951,45645
75,4,3763955,45646
349,68,3764023,45647
430,5,3764028,45648
353,223,3764251,45649
380,40,3764291,45650
366,269,3764560,45651
154,100,3764660,45652
325,13,3764673,45653
498,21,3764694,45654
412,17,3764711,45655
499,53,3764764,45656
459,36,3764800,45657
147,35,3764835,45658
235,77,3764912,45659
268,91,3765003,45660
140,70,3765073,45661
191,30,3765103,45662
145,83,3765186,45663
2355,73,3765259,45664
2533,33,3765292,45665
386,10,3765302,45666
2569,6,3765308,45667
19,228,3765536,45668
14,113,3765649,45669
255,25,3765674,45670
465,1,3765675,45671
86,29,3765704,45672
322,266,3765970,45673
223,205,3766175,45674
199,87,3766262,45675
139,33,3766295,45676
331,109,3766404,45677
232,104,3766508,45678
163,46,3766554,45679
344,18,3766572,45680
564,16,3766588,45681
14,55,3766643,45682
275,314,3766957,45683
39,55,3767012,45684
224,89,3767101,45685
280,59,3767160,45686
319,84,3767244,45687
159,86,3767330,45688
256,41,3767371,45689
12,6,3767377,45690
206,12,3767389,45691
95,127,3767516,45692
24,89,3767605,45693
452,50,3767655,45694
356,4,3767659,45695
149,10,3767669,45696
504,8,3767677,45697
168,22,3767699,45698
22,24,3767723,45699
232,54,3767777,45700
3977,109,3767886,45701
1628,32,3767918,45702
158,17,3767935,45703
260,70,3768005,45704
198,164,3768169,45705
99,142,3768311,45706
1549,19,3768330,45707
510,57,3768387,45708
563,11,3768398,45709
115,57,3768455,45710
227,165,3768620,45711
3715,50,3768670,45712
3533,189,3768859,45713
499,86,3768945,45714
2420,51,3768996,45715
2923,53,3769049,45716
128,48,3769097,45717
371,41,3769138,45718
130,46,3769184,45719
492,82,3769266,45720
2167,56,3769322,45721
2647,1,3769323,45722
307,220,3769543,45723
321,218,3769761,45724
836,115,3769876,45725
2832,152,3770028,45726
1713,7,3770035,45727
93,26,3770061,45728
159,54,3770115,45729
3215,3,3770118,45730
188,45,3770163,45731
141,16,3770179,45732
167,12,3770191,45733
314,2,3770193,45734
9,84,3770277,45735
12,100,3770377,45736
15,35,3770412,45737
171,63,3770475,45738
78,43,3770518,45739
2590,20,3770538,45740
3364,87,3770625,45741
322,75,3770700,45742
127,135,3770835,45743
131,56,3770891,45744
2355,214,3771105,45745
19,136,3771241,45746
315,9,3771250,45747
146,52,3771302,45748
123,11,3771313,45749
159,74,3771387,45750
1565,158,3771545,45751
472,88,3771633,45752
2337,13,3771646,45753
324,176,3771822,45754
19,180,3772002,45755
353,27,3772029,45756
308,110,3772139,45757
3539,89,3772228,45758
137,6,3772234,45759
236,205,3772439,45760
340,60,3772499,45761
91,139,3772638,45762
19,31,3772669,45763
856,93,3772762,45764
62,88,3772850,45765
362,7,3772857,45766
444,244,3773101,45767
268,53,3773154,45768
2451,9,3773163,45769
152,13,3773176,45770
1631,283,3773459,45771
277,90,3773549,45772
19,32,3773581,45773
75,16,3773597,45774
10,145,3773742,45775
89,412,3774154,45776
35,30,3774184,45777
9,5,3774189,45778
90,79,3774268,45779
27,78,3774346,45780
209,143,3774489,45781
430,342,3774831,45782
4079,94,3774925,45783
1562,194,3775119,45784
387,103,3775222,45785
602,171,3775393,45786
195,116,3775509,45787
926,33,3775542,45788
2285,44,3775586,45789
361,156,3775742,45790
138,32,3775774,45791
509,13,3775787,45792
617,105,3775892,45793
84,2,3775894,45794
63,40,3775934,45795
2036,91,3776025,45796
3724,197,3776222,45797
43,10,3776232,45798
381,1,3776233,45799
2150,1,3776234,45800
263,213,3776447,45801
1405,5,3776452,45802
466,1,3776453,45803
21,23,3776476,45804
766,115,3776591,45805
2901,39,3776630,45806
362,102,3776732,45807
3483,256,3776988,45808
1760,77,3777065,45809
109,10,3777075,45810
169,44,3777119,45811
12,57,3777176,45812
249,14,3777190,45813
2255,14,3777204,45814
41,52,3777256,45815
182,174,3777430,45816
83,95,3777525,45817
111,48,3777573,45818
496,128,3777701,45819
512,1,3777702,45820
1121,4,3777706,45821
1310,18,3777724,45822
215,116,3777840,45823
121,114,3777954,45824
301,6,3777960,45825
797,30,3777990,45826
470,37,3778027,45827
176,228,3778255,45828
399,84,3778339,45829
181,175,3778514,45830
14,80,3778594,45831
80,1,3778595,45832
220,74,3778669,45833
281,40,3778709,45834
172,31,3778740,45835
94,15,3778755,45836
250,54,3778809,45837
279,62,3778871,45838
299,27,3778898,45839
3352,29,3778927,45840
358,26,3778953,45841
152,84,3779037,45842
739,92,3779129,45843
127,24,3779153,45844
2447,1,3779154,45845
14,5,3779159,45846
264,104,3779263,45847
280,57,3779320,45848
3080,38,3779358,45849
457,36,3779394,45850
1803,2,3779396,45851
409,67,3779463,45852
189,98,3779561,45853
139,48,3779609,45854
135,46,3779655,45855
162,20,3779675,45856
17,12,3779687,45857
290,42,3779729,45858
414,60,3779789,45859
87,99,3779888,45860
1997,73,3779961,45861
26,6,3779967,45862
486,40,3780007,45863
120,53,3780060,45864
16,65,3780125,45865
46,7,3780132,45866
468,30,3780162,45867
340,48,3780210,45868
52,75,3780285,45869
47,15,3780300,45870
318,43,3780343,45871
448,107,3780450,45872
249,132,3780582,45873
69,187,3780769,45874
152,163,3780932,45875
197,3,3780935,45876
190,226,3781161,45877
375,83,3781244,45878
934,72,3781316,45879
670,115,3781431,45880
88,23,3781454,45881
11,29,3781483,45882
476,51,3781534,45883
3441,203,3781737,45884
217,76,3781813,45885
366,3,3781816,45886
1218,26,3781842,45887
282,56,3781898,45888
2830,189,3782087,45889
556,108,3782195,45890
582,38,3782233,45891
297,9,3782242,45892
134,6,3782248,45893
408,70,3782318,45894
10,23,3782341,45895
2808,91,3782432,45896
145,161,3782593,45897
132,73,3782666,45898
3583,77,3782743,45899
13,67,3782810,45900
15,18,3782828,45901
26,6,3782834,45902
28,153,3782987,45903
192,77,3783064,45904
140,26,3783090,45905
174,45,3783135,45906
390,168,3783303,45907
2210,135,3783438,45908
350,68,3783506,45909
229,16,3783522,45910
453,214,3783736,45911
12,58,3783794,45912
84,59,3783853,45913
404,5,3783858,45914
337,81,3783939,45915
609,39,3783978,45916
42,136,3784114,45917
3853,87,3784201,45918
171,8,3784209,45919
617,194,3784403,45920
3672,5,3784408,45921
25,154,3784562,45922
132,45,3784607,45923
92,198,3784805,45924
375,19,3784824,45925
308,24,3784848,45926
1257,205,3785053,45927
125,8,3785061,45928
140,320,3785381,45929
309,2,3785383,45930
131,44,3785427,45931
66,53,3785480,45932
1720,79,3785559,45933
248,47,3785606,45934
11,193,3785799,45935
469,152,3785951,45936
183,53,3786004,45937
212,158,3786162,45938
15,131,3786293,45939
364,15,3786308,45940
399,24,3786332,45941
91,73,3786405,45942
3811,67,3786472,45943
302,13,3786485,45944
487,24,3786509,45945
1567,19,3786528,45946
599,6,3786534,45947
509,27,3786561,45948
300,6,3786567,45949
2012,118,3786685,45950
4081,78,3786763,45951
1508,195,3786958,45952
101,72,3787030,45953
170,2,3787032,45954
121,76,3787108,45955
266,87,3787195,45956
124,67,3787262,45957
714,167,3787429,45958
15,140,3787569,45959
2882,16,3787585,45960
274,232,3787817,45961
4009,30,3787847,45962
1926,14,3787861,45963
588,8,3787869,45964
29,54,3787923,45965
158,151,3788074,45966
261,1,3788075,45967
3196,91,3788166,45968
3364,45,3788211,45969
313,41,3788252,45970
18,34,3788286,45971
328,31,3788317,45972
103,9,3788326,45973
570,33,3788359,45974
133,34,3788393,45975
259,108,3788501,45976
129,27,3788528,45977
178,49,3788577,45978
550,70,3788647,45979
365,151,3788798,45980
213,145,3788943,45981
133,172,3789115,45982
149,116,3789231,45983
128,72,3789303,45984
1657,57,3789360,45985
2843,179,3789539,45986
589,11,3789550,45987
2832,197,3789747,45988
2974,111,3789858,45989
280,88,3789946,45990
131,8,3789954,45991
344,24,3789978,45992
40,48,3790026,45993
395,83,3790109,45994
532,28,3790137,45995
98,26,3790163,45996
398,135,3790298,45997
987,206,3790504,45998
91,34,3790538,45999
160,62,3790600,46000
321,104,3790704,46001
382,26,3790730,46002
78,56,3790786,46003
14,15,3790801,46004
496,60,3790861,46005
3802,132,3790993,46006
122,160,3791153,46007
243,34,3791187,46008
15,149,3791336,46009
1638,27,3791363,46010
2894,17,3791380,46011
277,104,3791484,46012
893,11,3791495,46013
1165,202,3791697,46014
2189,211,3791908,46015
179,59,3791967,46016
932,84,3792051,46017
15,1,3792052,46018
1431,108,3792160,46019
3676,186,3792346,46020
286,81,3792427,46021
176,45,3792472,46022
3709,412,3792884,46023
411,178,3793062,46024
288,70,3793132,46025
345,90,3793222,46026
239,105,3793327,46027
256,36,3793363,46028
151,43,3793406,46029
33,8,3793414,46030
363,60,3793474,46031
278,284,3793758,46032
141,62,3793820,46033
353,5,3793825,46034
15,20,3793845,46035
111,208,3794053,46036
1876,129,3794182,46037
12,106,3794288,46038
312,54,3794342,46039
425,42,3794384,46040
80,367,3794751,46041
18,12,3794763,46042
1270,5,3794768,46043
237,85,3794853,46044
590,191,3795044,46045
1068,18,3795062,46046
1813,130,3795192,46047
474,166,3795358,46048
430,172,3795530,46049
154,163,3795693,46050
1194,109,3795802,46051
283,9,3795811,46052
86,39,3795850,46053
110,171,3796021,46054
132,68,3796089,46055
257,141,3796230,46056
160,26,3796256,46057
1207,49,3796305,46058
304,226,3796531,46059
364,131,3796662,46060
3408,48,3796710,46061
306,69,3796779,46062
1133,114,3796893,46063
276,479,3797372,46064
1912,159,3797531,46065
2910,17,3797548,46066
3918,154,3797702,46067
1443,126,3797828,46068
145,33,3797861,46069
239,20,3797881,46070
2092,294,3798175,46071
151,12,3798187,46072
114,5,3798192,46073
103,42,3798234,46074
11,8,3798242,46075
271,71,3798313,46076
320,244,3798557,46077
313,135,3798692,46078
13,141,3798833,46079
116,217,3799050,46080
298,92,3799142,46081
109,26,3799168,46082
44,37,3799205,46083
328,39,3799244,46084
28,112,3799356,46085
273,319,3799675,46086
111,27,3799702,46087
30,22,3799724,46088
352,223,3799947,46089
143,89,3800036,46090
63,112,3800148,46091
89,27,3800175,46092
2562,256,3800431,46093
2835,7,3800438,46094
147,127,3800565,46095
302,11,3800576,46096
2405,73,3800649,46097
447,136,3800785,46098
358,114,3800899,46099
14,116,3801015,46100
137,24,3801039,46101
183,35,3801074,46102
598,21,3801095,46103
12,12,3801107,46104
608,20,3801127,46105
91,193,3801320,46106
133,88,3801408,46107
90,18,3801426,46108
24,27,3801453,46109
2321,18,3801471,46110
323,73,3801544,46111
90,22,3801566,46112
81,40,3801606,46113
151,63,3801669,46114
20,30,3801699,46115
143,102,3801801,46116
62,19,3801820,46117
195,32,3801852,46118
131,37,3801889,46119
157,58,3801947,46120
569,29,3801976,46121
163,17,3801993,46122
316,107,3802100,46123
117,77,3802177,46124
12,139,3802316,46125
285,235,3802551,46126
18,59,3802610,46127
3760,38,3802648,46128
1359,60,3802708,46129
429,211,3802919,46130
197,13,3802932,46131
100,16,3802948,46132
1491,32,3802980,46133
550,83,3803063,46134
394,14,3803077,46135
479,53,3803130,46136
172,169,3803299,46137
1232,37,3803336,46138
172,126,3803462,46139
252,157,3803619,46140
168,62,3803681,46141
72,8,3803689,46142
3448,58,3803747,46143
615,65,3803812,46144
96,3,3803815,46145
3569,392,3804207,46146
222,29,3804236,46147
393,20,3804256,46148
338,36,3804292,46149
608,56,3804348,46150
385,66,3804414,46151
865,96,3804510,46152
21,32,3804542,46153
378,117,3804659,46154
203,72,3804731,46155
41,150,3804881,46156
1078,49,3804930,46157
520,419,3805349,46158
244,10,3805359,46159
273,6,3805365,46160
318,56,3805421,46161
103,260,3805681,46162
299,35,3805716,46163
305,8,3805724,46164
319,25,3805749,46165
150,18,3805767,46166
14,15,3805782,46167
320,531,3806313,46168
1883,70,3806383,46169
87,47,3806430,46170
1374,236,3806666,46171
687,96,3806762,46172
201,122,3806884,46173
410,143,3807027,46174
14,127,3807154,46175
120,36,3807190,46176
166,151,3807341,46177
1869,69,3807410,46178
95,185,3807595,46179
917,150,3807745,46180
372,55,3807800,46181
2425,202,3808002,46182
97,40,3808042,46183
3841,48,3808090,46184
276,53,3808143,46185
1158,103,3808246,46186
2834,28,3808274,46187
380,128,3808402,46188
253,181,3808583,46189
3421,109,3808692,46190
21,22,3808714,46191
669,34,3808748,46192
16,148,3808896,46193
1888,30,3808926,46194
298,5,3808931,46195
69,222,3809153,46196
2914,76,3809229,46197
361,37,3809266,46198
1639,11,3809277,46199
3964,52,3809329,46200
133,36,3809365,46201
20,123,3809488,46202
371,302,3809790,46203
105,22,3809812,46204
167,5,3809817,46205
22,66,3809883,46206
1624,28,3809911,46207
315,44,3809955,46208
314,54,3810009,46209
311,93,3810102,46210
340,10,3810112,46211
304,14,3810126,46212
411,16,3810142,46213
83,7,3810149,46214
517,56,3810205,46215
617,226,3810431,46216
739,2,3810433,46217
1950,43,3810476,46218
170,85,3810561,46219
883,92,3810653,46220
306,144,3810797,46221
124,16,3810813,46222
3864,70,3810883,46223
422,52,3810935,46224
473,1,3810936,46225
316,127,3811063,46226
574,139,3811202,46227
254,94,3811296,46228
285,138,3811434,46229
150,221,3811655,46230
863,23,3811678,46231
1729,26,3811704,46232
4054,66,3811770,46233
16,15,3811785,46234
19,91,3811876,46235
1124,66,3811942,46236
3691,107,3812049,46237
287,135,3812184,46238
59,93,3812277,46239
25,67,3812344,46240
1930,19,3812363,46241
37,98,3812461,46242
128,150,3812611,46243
2076,20,3812631,46244
263,70,3812701,46245
2831,37,3812738,46246
153,53,3812791,46247
3858,211,3813002,46248
11,85,3813087,46249
11,46,3813133,46250
627,242,3813375,46251
169,67,3813442,46252
352,23,3813465,46253
53,195,3813660,46254
360,25,3813685,46255
208,10,3813695,46256
128,250,3813945,46257
347,92,3814037,46258
120,165,3814202,46259
355,116,3814318,46260
154,60,3814378,46261
1173,64,3814442,46262
315,17,3814459,46263
126,20,3814479,46264
491,32,3814511,46265
242,88,3814599,46266
2019,11,3814610,46267
499,24,3814634,46268
319,69,3814703,46269
1838,112,3814815,46270
1092,8,3814823,46271
203,7,3814830,46272
3358,49,3814879,46273
347,32,3814911,46274
166,48,3814959,46275
144,63,3815022,46276
307,112,3815134,46277
769,78,3815212,46278
309,333,3815545,46279
92,64,3815609,46280
138,271,3815880,46281
2926,47,3815927,46282
3311,77,3816004,46283
22,73,3816077,46284
1227,5,3816082,46285
246,60,3816142,46286
1919,38,3816180,46287
142,107,3816287,46288
31,63,3816350,46289
73,66,3816416,46290
163,65,3816481,46291
1318,34,3816515,46292
161,58,3816573,46293
278,10,3816583,46294
286,15,3816598,46295
568,27,3816625,46296
360,115,3816740,46297
138,126,3816866,46298
491,43,3816909,46299
295,41,3816950,46300
3603,266,3817216,46301
9,42,3817258,46302
380,30,3817288,46303
728,49,3817337,46304
403,5,3817342,46305
1555,23,3817365,46306
295,75,3817440,46307
1872,39,3817479,46308
223,72,3817551,46309
122,117,3817668,46310
2675,24,3817692,46311
3225,102,3817794,46312
3479,72,3817866,46313
199,50,3817916,46314
160,23,3817939,46315
24,117,3818056,46316
3196,43,3818099,46317
127,92,3818191,46318
3580,29,3818220,46319
843,52,3818272,46320
151,110,3818382,46321
250,259,3818641,46322
511,34,3818675,46323
291,41,3818716,46324
269,73,3818789,46325
413,23,3818812,46326
3297,407,3819219,46327
224,274,3819493,46328
3536,190,3819683,46329
33,53,3819736,46330
933,115,3819851,46331
14,42,3819893,46332
200,100,3819993,46333
161,63,3820056,46334
145,137,3820193,46335
515,91,3820284,46336
193,325,3820609,46337
187,121,3820730,46338
226,211,3820941,46339
1576,117,3821058,46340
349,54,3821112,46341
292,135,3821247,46342
17,6,3821253,46343
290,18,3821271,46344
194,37,3821308,46345
910,10,3821318,46346
321,11,3821329,46347
357,190,3821519,46348
283,37,3821556,46349
126,2,3821558,46350
110,6,3821564,46351
155,163,3821727,46352
473,3,3821730,46353
159,39,3821769,46354
314,12,3821781,46355
493,90,3821871,46356
13,12,3821883,46357
141,78,3821961,46358
408,28,3821989,46359
460,61,3822050,46360
295,370,3822420,46361
39,88,3822508,46362
78,172,3822680,46363
2952,71,3822751,46364
320,78,3822829,46365
10,224,3823053,46366
570,21,3823074,46367
171,64,3823138,46368
546,23,3823161,46369
31,25,3823186,46370
4048,42,3823228,46371
1300,140,3823368,46372
108,9,3823377,46373
365,61,3823438,46374
9,24,3823462,46375
367,55,3823517,46376
443,7,3823524,46377
75,16,3823540,46378
215,89,3823629,46379
2764,20,3823649,46380
3009,63,3823712,46381
1440,143,3823855,46382
111,91,3823946,46383
1659,149,3824095,46384
344,5,3824100,46385
319,136,3824236,46386
12,92,3824328,46387
109,26,3824354,46388
45,105,3824459,46389
1740,11,3824470,46390
92,1,3824471,46391
160,95,3824566,46392
126,21,3824587,46393
285,108,3824695,46394
2228,36,3824731,46395
367,8,3824739,46396
335,16,3824755,46397
119,118,3824873,46398
79,9,3824882,46399
48,88,3824970,46400
16,64,3825034,46401
193,39,3825073,46402
208,223,3825296,46403
1881,47,3825343,46404
2199,23,3825366,46405
212,7,3825373,46406
453,45,3825418,46407
404,96,3825514,46408
75,32,3825546,46409
289,47,3825593,46410
755,70,3825663,46411
424,134,3825797,46412
347,30,3825827,46413
283,69,3825896,46414
294,4,3825900,46415
1298,11,3825911,46416
266,129,3826040,46417
91,74,3826114,46418
10,165,3826279,46419
1620,143,3826422,46420
26,32,3826454,46421
10,15,3826469,46422
124,27,3826496,46423
357,64,3826560,46424
121,63,3826623,46425
215,10,3826633,46426
418,10,3826643,46427
84,191,3826834,46428
3550,18,3826852,46429
89,42,3826894,46430
20,49,3826943,46431
73,36,3826979,46432
154,71,3827050,46433
9,8,3827058,46434
102,42,3827100,46435
221,295,3827395,46436
438,5,3827400,46437
438,60,3827460,46438
2928,133,3827593,46439
612,3,3827596,46440
132,54,3827650,46441
142,10,3827660,46442
13,4,3827664,46443
264,143,3827807,46444
451,83,3827890,46445
354,34,3827924,46446
129,78,3828002,46447
3737,11,3828013,46448
347,275,3828288,46449
348,156,3828444,46450
999,119,3828563,46451
2235,10,3828573,46452
439,1,3828574,46453
2774,10,3828584,46454
396,197,3828781,46455
373,23,3828804,46456
734,9,3828813,46457
3252,5,3828818,46458
305,7,3828825,46459
164,326,3829151,46460
12,277,3829428,46461
415,97,3829525,46462
1365,292,3829817,46463
3081,348,3830165,46464
2656,18,3830183,46465
1337,26,3830209,46466
18,12,3830221,46467
244,11,3830232,46468
1651,126,3830358,46469
340,27,3830385,46470
71,21,3830406,46471
466,9,3830415,46472
34,77,3830492,46473
294,4,3830496,46474
437,6,3830502,46475
1081,27,3830529,46476
3150,6,3830535,46477
586,31,3830566,46478
2691,1,3830567,46479
369,7,3830574,46480
156,86,3830660,46481
90,84,3830744,46482
826,117,3830861,46483
250,58,3830919,46484
373,7,3830926,46485
132,143,3831069,46486
1091,86,3831155,46487
32,51,3831206,46488
915,13,3831219,46489
234,110,3831329,46490
294,91,3831420,46491
440,166,3831586,46492
14,63,3831649,46493
116,189,3831838,46494
14,35,3831873,46495
147,25,3831898,46496
713,44,3831942,46497
1788,119,3832061,46498
15,31,3832092,46499
213,34,3832126,46500
2805,22,3832148,46501
1316,95,3832243,46502
449,353,3832596,46503
340,138,3832734,46504
2165,68,3832802,46505
409,9,3832811,46506
323,414,3833225,46507
196,18,3833243,46508
804,21,3833264,46509
3936,10,3833274,46510
3513,35,3833309,46511
23,12,3833321,46512
21,128,3833449,46513
159,29,3833478,46514
46,28,3833506,46515
1565,251,3833757,46516
541,88,3833845,46517
1741,12,3833857,46518
150,130,3833987,46519
322,65,3834052,46520
307,8,3834060,46521
139,47,3834107,46522
115,81,3834188,46523
3445,58,3834246,46524
564,163,3834409,46525
419,72,3834481,46526
741,63,3834544,46527
164,55,3834599,46528
135,108,3834707,46529
311,43,3834750,46530
235,28,3834778,46531
254,142,3834920,46532
17,132,3835052,46533
100,117,3835169,46534
131,83,3835252,46535
321,1,3835253,46536
317,162,3835415,46537
129,82,3835497,46538
333,28,3835525,46539
2436,160,3835685,46540
1911,108,3835793,46541
32,105,3835898,46542
339,5,3835903,46543
109,6,3835909,46544
233,1,3835910,46545
96,18,3835928,46546
16,66,3835994,46547
203,36,3836030,46548
276,220,3836250,46549
3040,79,3836329,46550
467,174,3836503,46551
397,28,3836531,46552
52,128,3836659,46553
1926,18,3836677,46554
37,213,3836890,46555
176,47,3836937,46556
337,29,3836966,46557
49,192,3837158,46558
133,20,3837178,46559
288,56,3837234,46560
56,107,3837341,46561
479,135,3837476,46562
347,115,3837591,46563
267,245,3837836,46564
370,91,3837927,46565
100,260,3838187,46566
291,132,3838319,46567
299,191,3838510,46568
292,26,3838536,46569
109,116,3838652,46570
1905,8,3838660,46571
425,77,3838737,46572
520,86,3838823,46573
3639,156,3838979,46574
134,212,3839191,46575
1033,125,3839316,46576
269,45,3839361,46577
102,147,3839508,46578
148,52,3839560,46579
113,83,3839643,46580
277,16,3839659,46581
223,81,3839740,46582
403,149,3839889,46583
3524,22,3839911,46584
177,69,3839980,46585
77,71,3840051,46586
33,2,3840053,46587
344,33,3840086,46588
241,32,3840118,46589
1253,29,3840147,46590
500,79,3840226,46591
422,84,3840310,46592
1552,53,3840363,46593
271,174,3840537,46594
395,49,3840586,46595
1675,93,3840679,46596
116,204,3840883,46597
39,39,3840922,46598
188,28,3840950,46599
118,206,3841156,46600
244,129,3841285,46601
313,70,3841355,46602
118,120,3841475,46603
30,32,3841507,46604
160,196,3841703,46605
400,83,3841786,46606
13,145,3841931,46607
2807,57,3841988,46608
510,571,3842559,46609
206,94,3842653,46610
1520,63,3842716,46611
291,168,3842884,46612
136,65,3842949,46613
394,22,3842971,46614
359,138,3843109,46615
1176,11,3843120,46616
44,47,3843167,46617
515,38,3843205,46618
203,62,3843267,46619
2728,8,3843275,46620
185,102,3843377,46621
495,229,3843606,46622
113,85,3843691,46623
121,29,3843720,46624
176,40,3843760,46625
123,120,3843880,46626
145,21,3843901,46627
409,215,3844116,46628
102,2,3844118,46629
156,159,3844277,46630
164,35,3844312,46631
306,59,3844371,46632
131,47,3844418,46633
413,2,3844420,46634
3131,5,3844425,46635
93,47,3844472,46636
321,4,3844476,46637
20,95,3844571,46638
121,22,3844593,46639
2737,36,3844629,46640
242,259,3844888,46641
153,5,3844893,46642
356,131,3845024,46643
179,59,3845083,46644
455,572,3845655,46645
171,84,3845739,46646
2116,28,3845767,46647
123,94,3845861,46648
344,139,3846000,46649
106,82,3846082,46650
281,2,3846084,46651
337,147,3846231,46652
15,188,3846419,46653
492,4,3846423,46654
76,100,3846523,46655
158,41,3846564,46656
2953,32,3846596,46657
171,25,3846621,46658
117,12,3846633,46659
3853,19,3846652,46660
464,37,3846689,46661
156,62,3846751,46662
250,134,3846885,46663
171,27,3846912,46664
138,228,3847140,46665
155,373,3847513,46666
2067,236,3847749,46667
356,86,3847835,46668
378,94,3847929,46669
2128,5,3847934,46670
1827,15,3847949,46671
98,20,3847969,46672
244,137,3848106,46673
944,70,3848176,46674
323,131,3848307,46675
160,13,3848320,46676
9,28,3848348,46677
392,71,3848419,46678
96,151,3848570,46679
852,74,3848644,46680
1504,5,3848649,46681
43,15,3848664,46682
285,80,3848744,46683
124,35,3848779,46684
338,104,3848883,46685
420,15,3848898,46686
1220,153,3849051,46687
12,7,3849058,46688
39,80,3849138,46689
1572,21,3849159,46690
132,8,3849167,46691
16,93,3849260,46692
141,18,3849278,46693
148,135,3849413,46694
243,42,3849455,46695
223,9,3849464,46696
317,224,3849688,46697
154,181,3849869,46698
410,47,3849916,46699
675,209,3850125,46700
743,4,3850129,46701
2974,141,3850270,46702
262,7,3850277,46703
132,150,3850427,46704
2534,6,3850433,46705
128,109,3850542,46706
118,1,3850543,46707
1633,67,3850610,46708
325,57,3850667,46709
1613,229,3850896,46710
10,147,3851043,46711
881,30,3851073,46712
212,59,3851132,46713
13,4,3851136,46714
138,89,3851225,46715
103,32,3851257,46716
164,59,3851316,46717
1306,6,3851322,46718
1614,187,3851509,46719
1951,156,3851665,46720
339,29,3851694,46721
1741,76,3851770,46722
3001,36,3851806,46723
462,45,3851851,46724
4047,149,3852000,46725
377,166,3852166,46726
567,17,3852183,46727
3798,43,3852226,46728
328,197,3852423,46729
3207,39,3852462,46730
2987,24,3852486,46731
333,171,3852657,46732
3371,28,3852685,46733
261,28,3852713,46734
132,63,3852776,46735
365,131,3852907,46736
169,76,3852983,46737
317,209,3853192,46738
104,173,3853365,46739
17,73,3853438,46740
70,59,3853497,46741
1399,14,3853511,46742
171,292,3853803,46743
1099,53,3853856,46744
65,50,3853906,46745
2711,182,3854088,46746
318,111,3854199,46747
775,328,3854527,46748
171,179,3854706,46749
1146,8,3854714,46750
3095,189,3854903,46751
341,58,3854961,46752
416,157,3855118,46753
355,15,3855133,46754
320,13,3855146,46755
293,143,3855289,46756
129,81,3855370,46757
318,8,3855378,46758
313,122,3855500,46759
2237,13,3855513,46760
31,60,3855573,46761
289,73,3855646,46762
75,114,3855760,46763
316,55,3855815,46764
259,42,3855857,46765
151,95,3855952,46766
555,105,3856057,46767
315,178,3856235,46768
50,13,3856248,46769
262,29,3856277,46770
440,108,3856385,46771
3226,20,3856405,46772
2603,1,3856406,46773
135,26,3856432,46774
1957,94,3856526,46775
391,141,3856667,46776
132,164,3856831,46777
3576,98,3856929,46778
2850,51,3856980,46779
306,3,3856983,46780
2607,4,3856987,46781
407,8,3856995,46782
1288,32,3857027,46783
291,172,3857199,46784
178,64,3857263,46785
1447,74,3857337,46786
448,88,3857425,46787
1341,76,3857501,46788
3647,19,3857520,46789
111,201,3857721,46790
377,3,3857724,46791
1705,50,3857774,46792
16,133,3857907,46793
339,2,3857909,46794
3183,14,3857923,46795
2794,5,3857928,46796
139,77,3858005,46797
267,60,3858065,46798
304,103,3858168,46799
271,23,3858191,46800
33,52,3858243,46801
317,61,3858304,46802
612,28,3858332,46803
77,63,3858395,46804
133,123,3858518,46805
587,88,3858606,46806
149,7,3858613,46807
3788,182,3858795,46808
64,88,3858883,46809
274,13,3858896,46810
1191,49,3858945,46811
143,27,3858972,46812
275,19,3858991,46813
122,69,3859060,46814
116,95,3859155,46815
124,35,3859190,46816
1043,51,3859241,46817
139,72,3859313,46818
351,27,3859340,46819
42,17,3859357,46820
222,63,3859420,46821
199,172,3859592,46822
637,27,3859619,46823
2462,34,3859653,46824
333,11,3859664,46825
2591,18,3859682,46826
15,31,3859713,46827
118,173,3859886,46828
96,1,3859887,46829
439,37,3859924,46830
471,4,3859928,46831
159,128,3860056,46832
1862,108,3860164,46833
144,254,3860418,46834
119,18,3860436,46835
1177,6,3860442,46836
3863,14,3860456,46837
296,337,3860793,46838
11,116,3860909,46839
2003,10,3860919,46840
124,6,3860925,46841
9,178,3861103,46842
140,199,3861302,46843
164,205,3861507,46844
552,128,3861635,46845
182,85,3861720,46846
2551,80,3861800,46847
203,181,3861981,46848
454,4,3861985,46849
23,19,3862004,46850
114,6,3862010,46851
252,327,3862337,46852
136,6,3862343,46853
59,21,3862364,46854
1171,23,3862387,46855
19,137,3862524,46856
315,38,3862562,46857
127,32,3862594,46858
413,3,3862597,46859
111,23,3862620,46860
2992,69,3862689,46861
75,112,3862801,46862
130,31,3862832,46863
28,79,3862911,46864
232,123,3863034,46865
405,52,3863086,46866
75,42,3863128,46867
18,332,3863460,46868
167,93,3863553,46869
127,167,3863720,46870
29,34,3863754,46871
145,112,3863866,46872
12,37,3863903,46873
375,2,3863905,46874
145,3,3863908,46875
206,56,3863964,46876
89,45,3864009,46877
4057,141,3864150,46878
384,284,3864434,46879
970,80,3864514,46880
861,32,3864546,46881
28,45,3864591,46882
1453,14,3864605,46883
144,188,3864793,46884
192,33,3864826,46885
24,11,3864837,46886
138,298,3865135,46887
322,15,3865150,46888
1316,221,3865371,46889
330,13,3865384,46890
442,52,3865436,46891
1439,37,3865473,46892
162,65,3865538,46893
147,117,3865655,46894
353,75,3865730,46895
125,72,3865802,46896
364,109,3865911,46897
11,252,3866163,46898
226,31,3866194,46899
13,75,3866269,46900
102,56,3866325,46901
1024,28,3866353,46902
259,96,3866449,46903
281,105,3866554,46904
14,18,3866572,46905
44,158,3866730,46906
674,239,3866969,46907
18,39,3867008,46908
248,212,3867220,46909
108,219,3867439,46910
347,155,3867594,46911
702,39,3867633,46912
224,34,3867667,46913
147,74,3867741,46914
351,45,3867786,46915
253,57,3867843,46916
235,94,3867937,46917
315,4,3867941,46918
66,35,3867976,46919
245,23,3867999,46920
273,57,3868056,46921
21,134,3868190,46922
2420,218,3868408,46923
3762,235,3868643,46924
445,50,3868693,46925
308,74,3868767,46926
101,31,3868798,46927
468,121,3868919,46928
344,12,3868931,46929
118,32,3868963,46930
277,14,3868977,46931
3928,174,3869151,46932
399,32,3869183,46933
78,217,3869400,46934
120,30,3869430,46935
3385,220,3869650,46936
104,74,3869724,46937
691,2,3869726,46938
2479,33,3869759,46939
3386,25,3869784,46940
836,141,3869925,46941
273,57,3869982,46942
142,5,3869987,46943
224,29,3870016,46944
1587,72,3870088,46945
369,56,3870144,46946
176,21,3870165,46947
161,78,3870243,46948
328,5,3870248,46949
148,2,3870250,46950
61,7,3870257,46951
151,18,3870275,46952
959,66,3870341,46953
727,61,3870402,46954
377,52,3870454,46955
2965,29,3870483,46956
249,121,3870604,46957
93,28,3870632,46958
420,36,3870668,46959
1373,225,3870893,46960
172,16,3870909,46961
211,168,3871077,46962
144,42,3871119,46963
45,73,3871192,46964
11,84,3871276,46965
652,33,3871309,46966
110,9,3871318,46967
110,95,3871413,46968
3210,244,3871657,46969
120,255,3871912,46970
16,80,3871992,46971
15,47,3872039,46972
163,31,3872070,46973
3091,109,3872179,46974
478,19,3872198,46975
301,58,3872256,46976
12,152,3872408,46977
277,27,3872435,46978
586,55,3872490,46979
984,28,3872518,46980
2396,97,3872615,46981
483,6,3872621,46982
1072,32,3872653,46983
145,110,3872763,46984
139,108,3872871,46985
917,91,3872962,46986
228,188,3873150,46987
2332,51,3873201,46988
70,82,3873283,46989
1031,60,3873343,46990
3006,25,3873368,46991
305,23,3873391,46992
327,139,3873530,46993
500,70,3873600,46994
355,137,3873737,46995
383,92,3873829,46996
107,24,3873853,46997
1172,350,3874203,46998
147,69,3874272,46999
136,134,3874406,47000
3623,7,3874413,47001
3956,175,3874588,47002
13,172,3874760,47003
124,91,3874851,47004
132,25,3874876,47005
183,280,3875156,47006
344,5,3875161,47007
1526,49,3875210,47008
156,38,3875248,47009
203,1,3875249,47010
3497,126,3875375,47011
160,87,3875462,47012
400,267,3875729,47013
363,33,3875762,47014
375,34,3875796,47015
3997,97,3875893,47016
278,98,3875991,47017
49,41,3876032,47018
432,21,3876053,47019
263,73,3876126,47020
227,78,3876204,47021
128,24,3876228,47022
255,18,3876246,47023
288,238,3876484,47024
1111,51,3876535,47025
11,27,3876562,47026
12,34,3876596,47027
114,56,3876652,47028
134,16,3876668,47029
323,35,3876703,47030
230,20,3876723,47031
307,201,3876924,47032
145,31,3876955,47033
117,32,3876987,47034
118,13,3877000,47035
198,17,3877017,47036
345,100,3877117,47037
64,19,3877136,47038
48,50,3877186,47039
153,68,3877254,47040
132,129,3877383,47041
141,40,3877423,47042
4051,6,3877429,47043
537,59,3877488,47044
3956,40,3877528,47045
2594,9,3877537,47046
1941,93,3877630,47047
15,17,3877647,47048
137,61,3877708,47049
191,182,3877890,47050
127,157,3878047,47051
116,25,3878072,47052
1127,98,3878170,47053
228,22,3878192,47054
296,62,3878254,47055
4026,32,3878286,47056
1593,516,3878802,47057
1139,68,3878870,47058
20,95,3878965,47059
303,50,3879015,47060
169,16,3879031,47061
3697,479,3879510,47062
56,296,3879806,47063
2658,50,3879856,47064
76,7,3879863,47065
151,30,3879893,47066
1505,100,3879993,47067
230,32,3880025,47068
117,9,3880034,47069
69,372,3880406,47070
106,7,3880413,47071
91,12,3880425,47072
1149,18,3880443,47073
2527,11,3880454,47074
426,93,3880547,47075
373,98,3880645,47076
166,61,3880706,47077
2742,64,3880770,47078
17,42,3880812,47079
2978,2,3880814,47080
367,330,3881144,47081
92,149,3881293,47082
62,46,3881339,47083
207,47,3881386,47084
371,6,3881392,47085
361,23,3881415,47086
2745,27,3881442,47087
1338,258,3881700,47088
682,194,3881894,47089
336,6,3881900,47090
111,13,3881913,47091
350,152,3882065,47092
14,11,3882076,47093
203,53,3882129,47094
9,76,3882205,47095
81,118,3882323,47096
1201,135,3882458,47097
140,216,3882674,47098
667,6,3882680,47099
2250,19,3882699,47100
2385,91,3882790,47101
32,101,3882891,47102
373,16,3882907,47103
117,7,3882914,47104
2936,113,3883027,47105
119,38,3883065,47106
3523,106,3883171,47107
283,59,3883230,47108
377,88,3883318,47109
224,116,3883434,47110
349,71,3883505,47111
1794,30,3883535,47112
174,48,3883583,47113
303,179,3883762,47114
284,29,3883791,47115
659,177,3883968,47116
265,52,3884020,47117
749,50,3884070,47118
3927,109,3884179,47119
1867,146,3884325,47120
145,6,3884331,47121
187,2,3884333,47122
197,28,3884361,47123
204,134,3884495,47124
1266,63,3884558,47125
354,2,3884560,47126
1684,22,3884582,47127
309,10,3884592,47128
120,126,3884718,47129
3542,187,3884905,47130
189,57,3884962,47131
133,31,3884993,47132
219,120,3885113,47133
2177,162,3885275,47134
369,33,3885308,47135
43,20,3885328,47136
2584,180,3885508,47137
2916,63,3885571,47138
30,238,3885809,47139
1604,2,3885811,47140
16,309,3886120,47141
12,92,3886212,47142
163,43,3886255,47143
926,80,3886335,47144
96,64,3886399,47145
204,99,3886498,47146
418,25,3886523,47147
97,30,3886553,47148
858,150,3886703,47149
140,69,3886772,47150
341,104,3886876,47151
3234,7,3886883,47152
108,75,3886958,47153
131,155,3887113,47154
101,37,3887150,47155
181,161,3887311,47156
356,125,3887436,47157
137,157,3887593,47158
1357,125,3887718,47159
457,11,3887729,47160
13,106,3887835,47161
1360,40,3887875,47162
1551,247,3888122,47163
494,8,3888130,47164
322,41,3888171,47165
503,55,3888226,47166
22,48,3888274,47167
302,1,3888275,47168
242,87,3888362,47169
38,40,3888402,47170
29,55,3888457,47171
111,188,3888645,47172
440,204,3888849,47173
196,133,3888982,47174
545,58,3889040,47175
243,56,3889096,47176
349,2,3889098,47177
1663,132,3889230,47178
404,65,3889295,47179
239,91,3889386,47180
34,21,3889407,47181
167,188,3889595,47182
149,41,3889636,47183
11,239,3889875,47184
342,1,3889876,47185
48,76,3889952,47186
320,5,3889957,47187
331,21,3889978,47188
1324,98,3890076,47189
14,61,3890137,47190
2857,69,3890206,47191
2404,25,3890231,47192
656,202,3890433,47193
100,77,3890510,47194
23,24,3890534,47195
2380,14,3890548,47196
1939,33,3890581,47197
305,110,3890691,47198
625,178,3890869,47199
116,11,3890880,47200
3294,4,3890884,47201
319,35,3890919,47202
346,28,3890947,47203
340,11,3890958,47204
614,210,3891168,47205
2706,405,3891573,47206
133,55,3891628,47207
20,115,3891743,47208
35,12,3891755,47209
316,34,3891789,47210
3416,12,3891801,47211
253,32,3891833,47212
3558,336,3892169,47213
394,237,3892406,47214
43,65,3892471,47215
363,9,3892480,47216
179,66,3892546,47217
96,161,3892707,47218
3319,212,3892919,47219
3089,196,3893115,47220
697,136,3893251,47221
444,49,3893300,47222
150,160,3893460,47223
1324,271,3893731,47224
88,23,3893754,47225
11,14,3893768,47226
107,71,3893839,47227
4093,16,3893855,47228
11,37,3893892,47229
191,100,3893992,47230
218,25,3894017,47231
434,96,3894113,47232
338,129,3894242,47233
311,19,3894261,47234
16,158,3894419,47235
259,85,3894504,47236
140,52,3894556,47237
325,117,3894673,47238
295,164,3894837,47239
2246,106,3894943,47240
3819,3,3894946,47241
396,33,3894979,47242
201,16,3894995,47243
60,312,3895307,47244
360,92,3895399,47245
1973,96,3895495,47246
2286,8,3895503,47247
3085,63,3895566,47248
268,76,3895642,47249
132,127,3895769,47250
3153,224,3895993,47251
301,4,3895997,47252
15,99,3896096,47253
500,47,3896143,47254
1535,1,3896144,47255
327,66,3896210,47256
428,14,3896224,47257
803,14,3896238,47258
346,70,3896308,47259
208,12,3896320,47260
1814,15,3896335,47261
600,22,3896357,47262
300,122,3896479,47263
16,49,3896528,47264
388,93,3896621,47265
1263,5,3896626,47266
19,91,3896717,47267
115,179,3896896,47268
501,110,3897006,47269
295,44,3897050,47270
156,39,3897089,47271
126,188,3897277,47272
2744,12,3897289,47273
1304,17,3897306,47274
295,26,3897332,47275
187,141,3897473,47276
240,2,3897475,47277
198,78,3897553,47278
19,97,3897650,47279
1928,22,3897672,47280
2712,35,3897707,47281
499,14,3897721,47282
584,51,3897772,47283
374,81,3897853,47284
68,4,3897857,47285
3543,24,3897881,47286
281,22,3897903,47287
14,14,3897917,47288
2244,33,3897950,47289
12,24,3897974,47290
249,11,3897985,47291
275,3,3897988,47292
39,36,3898024,47293
23,78,3898102,47294
3823,38,3898140,47295
208,3,3898143,47296
84,12,3898155,47297
633,1,3898156,47298
12,293,3898449,47299
1834,8,3898457,47300
380,124,3898581,47301
4084,102,3898683,47302
2376,116,3898799,47303
441,51,3898850,47304
1447,84,3898934,47305
1212,125,3899059,47306
326,34,3899093,47307
2017,46,3899139,47308
293,93,3899232,47309
159,50,3899282,47310
452,166,3899448,47311
292,98,3899546,47312
143,99,3899645,47313
229,59,3899704,47314
2142,73,3899777,47315
60,148,3899925,47316
9,363,3900288,47317
3199,259,3900547,47318
98,24,3900571,47319
465,29,3900600,47320
1277,207,3900807,47321
259,128,3900935,47322
114,13,3900948,47323
2399,94,3901042,47324
18,12,3901054,47325
2103,117,3901171,47326
125,68,3901239,47327
152,57,3901296,47328
999,169,3901465,47329
813,111,3901576,47330
7,274,3901850,47331
105,15,3901865,47332
137,152,3902017,47333
316,59,3902076,47334
13,251,3902327,47335
15,162,3902489,47336
418,83,3902572,47337
195,62,3902634,47338
202,86,3902720,47339
100,11,3902731,47340
29,2,3902733,47341
130,69,3902802,47342
3748,116,3902918,47343
2245,23,3902941,47344
223,111,3903052,47345
1788,42,3903094,47346
121,115,3903209,47347
398,93,3903302,47348
343,119,3903421,47349
378,90,3903511,47350
156,5,3903516,47351
135,37,3903553,47352
1848,100,3903653,47353
136,66,3903719,47354
176,362,3904081,47355
1093,89,3904170,47356
13,38,3904208,47357
319,4,3904212,47358
312,32,3904244,47359
118,203,3904447,47360
140,91,3904538,47361
108,65,3904603,47362
315,62,3904665,47363
99,26,3904691,47364
240,72,3904763,47365
320,12,3904775,47366
243,11,3904786,47367
134,70,3904856,47368
311,267,3905123,47369
74,1,3905124,47370
366,426,3905550,47371
476,335,3905885,47372
515,188,3906073,47373
3418,84,3906157,47374
3503,155,3906312,47375
309,310,3906622,47376
283,111,3906733,47377
310,44,3906777,47378
39,265,3907042,47379
868,114,3907156,47380
14,56,3907212,47381
199,270,3907482,47382
14,106,3907588,47383
121,20,3907608,47384
381,63,3907671,47385
13,36,3907707,47386
665,10,3907717,47387
137,192,3907909,47388
148,89,3907998,47389
362,23,3908021,47390
222,96,3908117,47391
180,2,3908119,47392
79,19,3908138,47393
148,32,3908170,47394
108,100,3908270,47395
1059,44,3908314,47396
32,53,3908367,47397
425,25,3908392,47398
203,15,3908407,47399
754,84,3908491,47400
178,15,3908506,47401
2303,86,3908592,47402
2830,71,3908663,47403
2410,6,3908669,47404
3652,8,3908677,47405
449,103,3908780,47406
265,166,3908946,47407
120,70,3909016,47408
2462,29,3909045,47409
200,29,3909074,47410
125,436,3909510,47411
125,25,3909535,47412
139,76,3909611,47413
139,147,3909758,47414
109,66,3909824,47415
709,76,3909900,47416
124,159,3910059,47417
1533,14,3910073,47418
381,27,3910100,47419
152,12,3910112,47420
269,12,3910124,47421
103,84,3910208,47422
574,172,3910380,47423
137,25,3910405,47424
82,54,3910459,47425
300,117,3910576,47426
2270,84,3910660,47427
2158,27,3910687,47428
274,117,3910804,47429
429,50,3910854,47430
82,231,3911085,47431
28,414,3911499,47432
107,123,3911622,47433
116,10,3911632,47434
150,94,3911726,47435
122,172,3911898,47436
167,29,3911927,47437
2766,84,3912011,47438
629,170,3912181,47439
17,33,3912214,47440
71,121,3912335,47441
105,40,3912375,47442
161,216,3912591,47443
301,115,3912706,47444
133,106,3912812,47445
404,182,3912994,47446
285,26,3913020,47447
353,194,3913214,47448
58,22,3913236,47449
216,7,3913243,47450
360,225,3913468,47451
117,24,3913492,47452
184,247,3913739,47453
123,59,3913798,47454
2466,8,3913806,47455
433,74,3913880,47456
1027,82,3913962,47457
327,6,3913968,47458
501,29,3913997,47459
263,103,3914100,47460
51,83,3914183,47461
140,27,3914210,47462
170,140,3914350,47463
1642,103,3914453,47464
3143,275,3914728,47465
155,177,3914905,47466
169,220,3915125,47467
319,35,3915160,47468
2440,34,3915194,47469
12,43,3915237,47470
129,292,3915529,47471
275,59,3915588,47472
106,29,3915617,47473
498,6,3915623,47474
252,15,3915638,47475
795,65,3915703,47476
1835,43,3915746,47477
3149,5,3915751,47478
750,22,3915773,47479
32,39,3915812,47480
1771,327,3916139,47481
373,237,3916376,47482
385,37,3916413,47483
194,144,3916557,47484
462,60,3916617,47485
311,29,3916646,47486
236,16,3916662,47487
80,8,3916670,47488
2961,49,3916719,47489
111,92,3916811,47490
358,139,3916950,47491
10,344,3917294,47492
305,48,3917342,47493
2183,289,3917631,47494
14,114,3917745,47495
282,67,3917812,47496
47,18,3917830,47497
41,148,3917978,47498
506,72,3918050,47499
363,148,3918198,47500
358,115,3918313,47501
33,158,3918471,47502
709,118,3918589,47503
133,12,3918601,47504
1703,42,3918643,47505
159,151,3918794,47506
174,148,3918942,47507
515,22,3918964,47508
344,7,3918971,47509
193,86,3919057,47510
125,32,3919089,47511
227,264,3919353,47512
138,93,3919446,47513
1142,20,3919466,47514
3538,186,3919652,47515
199,49,3919701,47516
101,101,3919802,47517
134,57,3919859,47518
147,4,3919863,47519
525,24,3919887,47520
136,63,3919950,47521
3440,124,3920074,47522
4080,139,3920213,47523
152,327,3920540,47524
113,51,3920591,47525
405,315,3920906,47526
2912,23,3920929,47527
64,39,3920968,47528
132,68,3921036,47529
113,41,3921077,47530
3040,104,3921181,47531
181,124,3921305,47532
209,14,3921319,47533
13,67,3921386,47534
16,124,3921510,47535
154,27,3921537,47536
177,23,3921560,47537
175,38,3921598,47538
330,44,3921642,47539
156,75,3921717,47540
168,167,3921884,47541
13,11,3921895,47542
301,27,3921922,47543
336,252,3922174,47544
152,35,3922209,47545
633,273,3922482,47546
600,98,3922580,47547
148,130,3922710,47548
3779,57,3922767,47549
166,150,3922917,47550
267,15,3922932,47551
151,2,3922934,47552
238,142,3923076,47553
116,64,3923140,47554
331,213,3923353,47555
216,7,3923360,47556
311,108,3923468,47557
171,89,3923557,47558
350,22,3923579,47559
230,52,3923631,47560
424,250,3923881,47561
60,3,3923884,47562
833,304,3924188,47563
2819,340,3924528,47564
443,5,3924533,47565
352,7,3924540,47566
246,131,3924671,47567
309,18,3924689,47568
20,101,3924790,47569
225,80,3924870,47570
427,23,3924893,47571
415,194,3925087,47572
3919,92,3925179,47573
32,19,3925198,47574
243,53,3925251,47575
3037,575,3925826,47576
194,60,3925886,47577
389,19,3925905,47578
3217,8,3925913,47579
1734,54,3925967,47580
109,12,3925979,47581
335,140,3926119,47582
1534,90,3926209,47583
2333,206,3926415,47584
189,22,3926437,47585
208,46,3926483,47586
107,140,3926623,47587
181,7,3926630,47588
549,124,3926754,47589
202,237,3926991,47590
1220,232,3927223,47591
279,157,3927380,47592
282,1,3927381,47593
552,73,3927454,47594
631,23,3927477,47595
230,128,3927605,47596
647,49,3927654,47597
1882,248,3927902,47598
383,21,3927923,47599
369,189,3928112,47600
3681,29,3928141,47601
396,13,3928154,47602
1124,40,3928194,47603
2631,46,3928240,47604
79,39,3928279,47605
93,172,3928451,47606
28,155,3928606,47607
3813,123,3928729,47608
313,215,3928944,47609
264,91,3929035,47610
22,406,3929441,47611
336,47,3929488,47612
126,152,3929640,47613
439,102,3929742,47614
130,40,3929782,47615
139,154,3929936,47616
319,81,3930017,47617
384,22,3930039,47618
302,9,3930048,47619
187,43,3930091,47620
303,25,3930116,47621
361,36,3930152,47622
254,71,3930223,47623
129,12,3930235,47624
120,183,3930418,47625
3204,50,3930468,47626
54,120,3930588,47627
123,164,3930752,47628
434,15,3930767,47629
467,79,3930846,47630
353,87,3930933,47631
343,19,3930952,47632
166,104,3931056,47633
374,57,3931113,47634
160,132,3931245,47635
1516,39,3931284,47636
352,299,3931583,47637
370,39,3931622,47638
440,73,3931695,47639
170,15,3931710,47640
120,77,3931787,47641
730,32,3931819,47642
562,88,3931907,47643
38,37,3931944,47644
376,29,3931973,47645
327,3,3931976,47646
1002,10,3931986,47647
2884,149,3932135,47648
347,64,3932199,47649
165,28,3932227,47650
162,205,3932432,47651
212,16,3932448,47652
123,413,3932861,47653
2702,70,3932931,47654
312,19,3932950,47655
3789,58,3933008,47656
115,125,3933133,47657
599,40,3933173,47658
37,16,3933189,47659
18,184,3933373,47660
467,32,3933405,47661
2445,113,3933518,47662
258,78,3933596,47663
16,145,3933741,47664
104,10,3933751,47665
1445,138,3933889,47666
2977,11,3933900,47667
3341,63,3933963,47668
10,265,3934228,47669
364,15,3934243,47670
297,40,3934283,47671
132,88,3934371,47672
3525,131,3934502,47673
228,10,3934512,47674
1054,74,3934586,47675
420,44,3934630,47676
1965,9,3934639,47677
278,139,3934778,47678
300,295,3935073,47679
851,7,3935080,47680
135,12,3935092,47681
3312,41,3935133,47682
780,3,3935136,47683
132,26,3935162,47684
382,25,3935187,47685
13,114,3935301,47686
568,99,3935400,47687
36,420,3935820,47688
353,253,3936073,47689
444,28,3936101,47690
563,81,3936182,47691
85,253,3936435,47692
19,63,3936498,47693
424,224,3936722,47694
184,310,3937032,47695
199,33,3937065,47696
3412,120,3937185,47697
106,6,3937191,47698
237,38,3937229,47699
120,32,3937261,47700
68,162,3937423,47701
36,108,3937531,47702
76,34,3937565,47703
556,190,3937755,47704
376,101,3937856,47705
354,23,3937879,47706
2929,41,3937920,47707
90,80,3938000,47708
633,126,3938126,47709
1839,11,3938137,47710
51,58,3938195,47711
217,9,3938204,47712
809,48,3938252,47713
21,34,3938286,47714
402,11,3938297,47715
201,31,3938328,47716
292,146,3938474,47717
147,240,3938714,47718
440,124,3938838,47719
123,127,3938965,47720
66,119,3939084,47721
125,96,3939180,47722
385,114,3939294,47723
672,29,3939323,47724
29,46,3939369,47725
189,18,3939387,47726
509,24,3939411,47727
148,99,3939510,47728
760,165,3939675,47729
534,133,3939808,47730
67,4,3939812,47731
1658,38,3939850,47732
152,345,3940195,47733
29,75,3940270,47734
15,19,3940289,47735
227,3,3940292,47736
343,41,3940333,47737
152,89,3940422,47738
232,223,3940645,47739
3322,423,3941068,47740
321,50,3941118,47741
3770,44,3941162,47742
2338,129,3941291,47743
534,28,3941319,47744
923,49,3941368,47745
2056,65,3941433,47746
2846,111,3941544,47747
49,114,3941658,47748
3488,151,3941809,47749
434,116,3941925,47750
1491,61,3941986,47751
160,25,3942011,47752
31,9,3942020,47753
112,186,3942206,47754
20,129,3942335,47755
713,71,3942406,47756
146,5,3942411,47757
138,199,3942610,47758
177,41,3942651,47759
280,99,3942750,47760
309,9,3942759,47761
116,187,3942946,47762
493,209,3943155,47763
173,102,3943257,47764
236,184,3943441,47765
178,250,3943691,47766
351,8,3943699,47767
128,74,3943773,47768
1520,51,3943824,47769
82,89,3943913,47770
261,46,3943959,47771
122,75,3944034,47772
3973,34,3944068,47773
3181,104,3944172,47774
245,419,3944591,47775
551,82,3944673,47776
22,47,3944720,47777
157,326,3945046,47778
185,13,3945059,47779
403,5,3945064,47780
137,73,3945137,47781
71,9,3945146,47782
135,3,3945149,47783
2661,338,3945487,47784
550,63,3945550,47785
3150,85,3945635,47786
137,53,3945688,47787
121,130,3945818,47788
11,6,3945824,47789
153,46,3945870,47790
331,38,3945908,47791
2052,85,3945993,47792
2885,50,3946043,47793
60,84,3946127,47794
365,10,3946137,47795
521,2,3946139,47796
107,4,3946143,47797
10,23,3946166,47798
1653,4,3946170,47799
254,167,3946337,47800
136,46,3946383,47801
14,46,3946429,47802
158,14,3946443,47803
136,34,3946477,47804
305,42,3946519,47805
12,152,3946671,47806
317,81,3946752,47807
132,311,3947063,47808
136,18,3947081,47809
125,5,3947086,47810
127,62,3947148,47811
3399,35,3947183,47812
1562,12,3947195,47813
1439,91,3947286,47814
130,182,3947468,47815
332,229,3947697,47816
107,3,3947700,47817
246,112,3947812,47818
3624,57,3947869,47819
472,4,3947873,47820
94,98,3947971,47821
286,48,3948019,47822
302,119,3948138,47823
231,78,3948216,47824
17,2,3948218,47825
2766,407,3948625,47826
66,58,3948683,47827
404,183,3948866,47828
41,10,3948876,47829
59,51,3948927,47830
377,88,3949015,47831
459,42,3949057,47832
214,42,3949099,47833
514,25,3949124,47834
19,368,3949492,47835
1908,106,3949598,47836
379,59,3949657,47837
269,17,3949674,47838
164,53,3949727,47839
376,357,3950084,47840
177,34,3950118,47841
10,50,3950168,47842
227,5,3950173,47843
115,1,3950174,47844
9,44,3950218,47845
550,32,3950250,47846
3613,46,3950296,47847
3903,57,3950353,47848
1527,224,3950577,47849
179,101,3950678,47850
377,164,3950842,47851
165,233,3951075,47852
208,52,3951127,47853
3722,128,3951255,47854
344,80,3951335,47855
1247,74,3951409,47856
3824,15,3951424,47857
12,308,3951732,47858
316,23,3951755,47859
347,58,3951813,47860
300,88,3951901,47861
150,27,3951928,47862
401,59,3951987,47863
3718,32,3952019,47864
781,130,3952149,47865
1920,33,3952182,47866
127,5,3952187,47867
146,26,3952213,47868
41,117,3952330,47869
2298,26,3952356,47870
236,18,3952374,47871
141,13,3952387,47872
109,156,3952543,47873
136,173,3952716,47874
1677,15,3952731,47875
105,4,3952735,47876
153,38,3952773,47877
129,40,3952813,47878
303,5,3952818,47879
293,37,3952855,47880
75,127,3952982,47881
37,5,3952987,47882
447,10,3952997,47883
2289,147,3953144,47884
1239,7,3953151,47885
1767,5,3953156,47886
275,46,3953202,47887
2446,266,3953468,47888
10,10,3953478,47889
15,16,3953494,47890
43,18,3953512,47891
477,34,3953546,47892
264,59,3953605,47893
296,23,3953628,47894
240,172,3953800,47895
748,184,3953984,47896
12,71,3954055,47897
332,21,3954076,47898
1522,226,3954302,47899
13,307,3954609,47900
413,150,3954759,47901
357,45,3954804,47902
3129,92,3954896,47903
328,35,3954931,47904
181,48,3954979,47905
291,38,3955017,47906
212,105,3955122,47907
311,57,3955179,47908
2800,36,3955215,47909
17,71,3955286,47910
438,119,3955405,47911
95,159,3955564,47912
124,42,3955606,47913
336,8,3955614,47914
341,148,3955762,47915
133,100,3955862,47916
1830,115,3955977,47917
357,60,3956037,47918
860,37,3956074,47919
123,1,3956075,47920
153,12,3956087,47921
31,48,3956135,47922
123,10,3956145,47923
304,172,3956317,47924
145,49,3956366,47925
2800,148,3956514,47926
13,7,3956521,47927
149,15,3956536,47928
2101,44,3956580,47929
122,116,3956696,47930
123,22,3956718,47931
97,213,3956931,47932
282,126,3957057,47933
4076,186,3957243,47934
156,26,3957269,47935
14,15,3957284,47936
176,59,3957343,47937
995,145,3957488,47938
47,58,3957546,47939
3710,46,3957592,47940
1775,46,3957638,47941
89,305,3957943,47942
31,12,3957955,47943
122,80,3958035,47944
129,8,3958043,47945
145,2,3958045,47946
388,75,3958120,47947
310,47,3958167,47948
208,69,3958236,47949
290,24,3958260,47950
400,73,3958333,47951
204,69,3958402,47952
64,25,3958427,47953
3892,66,3958493,47954
155,20,3958513,47955
497,35,3958548,47956
335,28,3958576,47957
11,17,3958593,47958
141,33,3958626,47959
471,3,3958629,47960
299,56,3958685,47961
302,126,3958811,47962
765,109,3958920,47963
105,70,3958990,47964
213,62,3959052,47965
105,141,3959193,47966
264,22,3959215,47967
153,68,3959283,47968
327,258,3959541,47969
443,166,3959707,47970
2151,191,3959898,47971
170,68,3959966,47972
260,9,3959975,47973
306,35,3960010,47974
148,77,3960087,47975
30,49,3960136,47976
341,97,3960233,47977
236,187,3960420,47978
3325,61,3960481,47979
132,18,3960499,47980
83,15,3960514,47981
273,39,3960553,47982
864,232,3960785,47983
14,84,3960869,47984
312,7,3960876,47985
338,1,3960877,47986
96,40,3960917,47987
101,85,3961002,47988
422,39,3961041,47989
106,96,3961137,47990
112,33,3961170,47991
321,38,3961208,47992
136,194,3961402,47993
50,46,3961448,47994
391,7,3961455,47995
288,156,3961611,47996
224,35,3961646,47997
422,45,3961691,47998
448,88,3961779,47999
153,205,3961984,48000
409,136,3962120,48001
444,12,3962132,48002
226,27,3962159,48003
109,133,3962292,48004
75,85,3962377,48005
514,70,3962447,48006
20,19,3962466,48007
867,69,3962535,48008
3380,51,3962586,48009
178,40,3962626,48010
344,297,3962923,48011
495,30,3962953,48012
977,75,3963028,48013
1002,55,3963083,48014
12,332,3963415,48015
560,139,3963554,48016
139,117,3963671,48017
145,56,3963727,48018
1837,10,3963737,48019
263,93,3963830,48020
178,7,3963837,48021
18,65,3963902,48022
1714,68,3963970,48023
24,90,3964060,48024
12,13,3964073,48025
300,110,3964183,48026
111,88,3964271,48027
349,80,3964351,48028
331,120,3964471,48029
349,101,3964572,48030
10,10,3964582,48031
51,148,3964730,48032
3701,91,3964821,48033
16,11,3964832,48034
3686,77,3964909,48035
151,103,3965012,48036
354,80,3965092,48037
314,36,3965128,48038
3851,2,3965130,48039
268,243,3965373,48040
239,188,3965561,48041
11,35,3965596,48042
262,50,3965646,48043
3791,83,3965729,48044
301,38,3965767,48045
300,35,3965802,48046
1424,5,3965807,48047
226,264,3966071,48048
394,120,3966191,48049
360,106,3966297,48050
555,77,3966374,48051
244,100,3966474,48052
54,141,3966615,48053
124,127,3966742,48054
428,180,3966922,48055
583,16,3966938,48056
3376,161,3967099,48057
122,18,3967117,48058
346,7,3967124,48059
543,78,3967202,48060
3350,33,3967235,48061
580,170,3967405,48062
3723,56,3967461,48063
368,122,3967583,48064
376,230,3967813,48065
275,40,3967853,48066
3521,19,3967872,48067
511,101,3967973,48068
24,205,3968178,48069
282,54,3968232,48070
186,244,3968476,48071
556,102,3968578,48072
268,8,3968586,48073
2568,193,3968779,48074
3407,140,3968919,48075
3250,79,3968998,48076
687,191,3969189,48077
2651,144,3969333,48078
344,97,3969430,48079
223,373,3969803,48080
3506,71,3969874,48081
146,39,3969913,48082
317,59,3969972,48083
81,18,3969990,48084
210,50,3970040,48085
535,195,3970235,48086
365,191,3970426,48087
359,29,3970455,48088
167,19,3970474,48089
145,94,3970568,48090
683,122,3970690,48091
121,369,3971059,48092
333,110,3971169,48093
172,133,3971302,48094
128,29,3971331,48095
180,59,3971390,48096
281,38,3971428,48097
47,62,3971490,48098
3811,78,3971568,48099
159,138,3971706,48100
400,2,3971708,48101
51,52,3971760,48102
231,172,3971932,48103
3476,243,3972175,48104
73,2,3972177,48105
528,134,3972311,48106
380,122,3972433,48107
661,133,3972566,48108
119,22,3972588,48109
13,43,3972631,48110
10,37,3972668,48111
424,10,3972678,48112
9,39,3972717,48113
543,45,3972762,48114
140,288,3973050,48115
462,11,3973061,48116
282,19,3973080,48117
2634,18,3973098,48118
226,42,3973140,48119
1372,261,3973401,48120
10,157,3973558,48121
105,108,3973666,48122
3592,1,3973667,48123
59,62,3973729,48124
426,42,3973771,48125
3681,65,3973836,48126
265,19,3973855,48127
3033,180,3974035,48128
192,77,3974112,48129
183,49,3974161,48130
121,112,3974273,48131
169,94,3974367,48132
3964,3,3974370,48133
364,62,3974432,48134
329,17,3974449,48135
1024,9,3974458,48136
3703,192,3974650,48137
3469,5,3974655,48138
139,56,3974711,48139
144,88,3974799,48140
285,7,3974806,48141
416,229,3975035,48142
351,126,3975161,48143
1195,43,3975204,48144
244,12,3975216,48145
3063,28,3975244,48146
138,87,3975331,48147
373,1,3975332,48148
290,26,3975358,48149
142,26,3975384,48150
267,229,3975613,48151
149,4,3975617,48152
317,10,3975627,48153
3479,15,3975642,48154
51,32,3975674,48155
150,156,3975830,48156
392,5,3975835,48157
36,11,3975846,48158
108,41,3975887,48159
3157,111,3975998,48160
334,112,3976110,48161
104,113,3976223,48162
131,8,3976231,48163
1370,9,3976240,48164
243,171,3976411,48165
461,199,3976610,48166
25,458,3977068,48167
303,12,3977080,48168
308,229,3977309,48169
392,47,3977356,48170
3393,229,3977585,48171
23,149,3977734,48172
137,30,3977764,48173
2237,23,3977787,48174
112,119,3977906,48175
671,29,3977935,48176
278,52,3977987,48177
3358,2,3977989,48178
500,31,3978020,48179
322,81,3978101,48180
2882,28,3978129,48181
43,8,3978137,48182
13,78,3978215,48183
1753,39,3978254,48184
138,17,3978271,48185
3054,59,3978330,48186
117,264,3978594,48187
130,43,3978637,48188
2312,33,3978670,48189
382,28,3978698,48190
433,117,3978815,48191
189,281,3979096,48192
284,37,3979133,48193
1302,26,3979159,48194
1374,37,3979196,48195
731,178,3979374,48196
250,38,3979412,48197
3807,4,3979416,48198
217,80,3979496,48199
238,312,3979808,48200
106,96,3979904,48201
305,32,3979936,48202
86,144,3980080,48203
477,290,3980370,48204
178,141,3980511,48205
3156,159,3980670,48206
1025,26,3980696,48207
241,66,3980762,48208
435,285,3981047,48209
135,509,3981556,48210
3967,48,3981604,48211
362,40,3981644,48212
3581,153,3981797,48213
272,1,3981798,48214
474,50,3981848,48215
227,65,3981913,48216
125,195,3982108,48217
3307,74,3982182,48218
15,2,3982184,48219
1414,77,3982261,48220
346,30,3982291,48221
3923,164,3982455,48222
754,5,3982460,48223
635,113,3982573,48224
31,32,3982605,48225
231,224,3982829,48226
131,14,3982843,48227
200,39,3982882,48228
96,13,3982895,48229
1876,5,3982900,48230
111,210,3983110,48231
404,46,3983156,48232
94,172,3983328,48233
2736,67,3983395,48234
1206,52,3983447,48235
117,52,3983499,48236
595,138,3983637,48237
21,181,3983818,48238
106,50,3983868,48239
15,356,3984224,48240
160,50,3984274,48241
377,18,3984292,48242
364,20,3984312,48243
3222,25,3984337,48244
920,45,3984382,48245
16,44,3984426,48246
255,87,3984513,48247
401,185,3984698,48248
306,185,3984883,48249
323,30,3984913,48250
414,144,3985057,48251
1743,10,3985067,48252
483,21,3985088,48253
323,134,3985222,48254
113,74,3985296,48255
408,2,3985298,48256
350,198,3985496,48257
3925,155,3985651,48258
149,36,3985687,48259
535,32,3985719,48260
416,13,3985732,48261
191,90,3985822,48262
144,146,3985968,48263
312,78,3986046,48264
146,177,3986223,48265
10,134,3986357,48266
1359,38,3986395,48267
120,62,3986457,48268
416,45,3986502,48269
286,158,3986660,48270
22,10,3986670,48271
2183,64,3986734,48272
145,19,3986753,48273
94,54,3986807,48274
322,29,3986836,48275
281,62,3986898,48276
10,73,3986971,48277
203,13,3986984,48278
1007,93,3987077,48279
196,107,3987184,48280
351,12,3987196,48281
500,22,3987218,48282
140,52,3987270,48283
64,34,3987304,48284
3075,250,3987554,48285
129,23,3987577,48286
316,9,3987586,48287
251,8,3987594,48288
156,37,3987631,48289
259,55,3987686,48290
294,60,3987746,48291
136,14,3987760,48292
363,3,3987763,48293
264,132,3987895,48294
221,3,3987898,48295
2486,41,3987939,48296
160,51,3987990,48297
14,26,3988016,48298
163,211,3988227,48299
119,101,3988328,48300
298,60,3988388,48301
390,79,3988467,48302
193,335,3988802,48303
215,32,3988834,48304
324,202,3989036,48305
135,65,3989101,48306
2711,21,3989122,48307
142,32,3989154,48308
398,103,3989257,48309
306,83,3989340,48310
110,63,3989403,48311
132,93,3989496,48312
146,83,3989579,48313
67,161,3989740,48314
374,12,3989752,48315
2964,33,3989785,48316
254,15,3989800,48317
141,60,3989860,48318
131,6,3989866,48319
244,14,3989880,48320
1844,286,3990166,48321
318,3,3990169,48322
179,147,3990316,48323
2413,78,3990394,48324
787,147,3990541,48325
148,92,3990633,48326
148,30,3990663,48327
172,82,3990745,48328
488,34,3990779,48329
304,92,3990871,48330
36,29,3990900,48331
124,5,3990905,48332
10,14,3990919,48333
67,266,3991185,48334
470,5,3991190,48335
620,65,3991255,48336
108,335,3991590,48337
154,402,3991992,48338
266,206,3992198,48339
13,171,3992369,48340
312,159,3992528,48341
637,79,3992607,48342
12,104,3992711,48343
231,680,3993391,48344
106,130,3993521,48345
567,71,3993592,48346
606,141,3993733,48347
1918,79,3993812,48348
2823,243,3994055,48349
121,31,3994086,48350
436,43,3994129,48351
166,27,3994156,48352
10,19,3994175,48353
209,222,3994397,48354
16,21,3994418,48355
2070,153,3994571,48356
3008,38,3994609,48357
2501,5,3994614,48358
3367,7,3994621,48359
422,4,3994625,48360
985,50,3994675,48361
141,56,3994731,48362
129,234,3994965,48363
152,4,3994969,48364
150,77,3995046,48365
261,46,3995092,48366
190,302,3995394,48367
246,157,3995551,48368
2568,7,3995558,48369
4059,74,3995632,48370
319,106,3995738,48371
76,70,3995808,48372
801,50,3995858,48373
453,25,3995883,48374
244,82,3995965,48375
403,3,3995968,48376
35,81,3996049,48377
77,460,3996509,48378
266,2,3996511,48379
948,82,3996593,48380
123,53,3996646,48381
88,400,3997046,48382
333,51,3997097,48383
287,1,3997098,48384
10,14,3997112,48385
2513,17,3997129,48386
1759,576,3997705,48387
140,88,3997793,48388
3059,12,3997805,48389
173,149,3997954,48390
146,40,3997994,48391
309,129,3998123,48392
192,11,3998134,48393
28,122,3998256,48394
840,277,3998533,48395
119,93,3998626,48396
151,394,3999020,48397
112,10,3999030,48398
1002,95,3999125,48399
17,26,3999151,48400
627,25,3999176,48401
338,41,3999217,48402
167,31,3999248,48403
1050,43,3999291,48404
143,41,3999332,48405
3260,1,3999333,48406
413,192,3999525,48407
122,7,3999532,48408
468,1,3999533,48409
1071,185,3999718,48410
114,122,3999840,48411
60,60,3999900,48412
336,53,3999953,48413
316,52,4000005,48414
1382,276,4000281,48415
276,226,4000507,48416
3539,238,4000745,48417
18,77,4000822,48418
118,35,4000857,48419
330,304,4001161,48420
20,75,4001236,48421
1373,6,4001242,48422
338,2,4001244,48423
14,50,4001294,48424
633,3,4001297,48425
238,126,4001423,48426
190,306,4001729,48427
19,145,4001874,48428
2448,147,4002021,48429
248,108,4002129,48430
14,99,4002228,48431
425,107,4002335,48432
135,30,4002365,48433
659,8,4002373,48434
763,119,4002492,48435
56,19,4002511,48436
101,62,4002573,48437
845,158,4002731,48438
16,90,4002821,48439
315,86,4002907,48440
560,33,4002940,48441
1694,18,4002958,48442
143,14,4002972,48443
37,65,4003037,48444
13,15,4003052,48445
455,18,4003070,48446
151,40,4003110,48447
269,63,4003173,48448
108,13,4003186,48449
371,50,4003236,48450
126,75,4003311,48451
1255,30,4003341,48452
1632,191,4003532,48453
171,228,4003760,48454
320,61,4003821,48455
204,204,4004025,48456
273,63,4004088,48457
3223,16,4004104,48458
129,2,4004106,48459
296,30,4004136,48460
227,114,4004250,48461
654,12,4004262,48462
249,106,4004368,48463
143,134,4004502,48464
255,142,4004644,48465
267,269,4004913,48466
109,97,4005010,48467
100,28,4005038,48468
85,93,4005131,48469
182,44,4005175,48470
1146,137,4005312,48471
542,62,4005374,48472
1431,13,4005387,48473
120,29,4005416,48474
11,109,4005525,48475
1906,44,4005569,48476
770,36,4005605,48477
418,31,4005636,48478
3589,116,4005752,48479
2729,127,4005879,48480
325,107,4005986,48481
3346,114,4006100,48482
146,31,4006131,48483
2024,18,4006149,48484
376,10,4006159,48485
3262,158,4006317,48486
3082,26,4006343,48487
3581,212,4006555,48488
269,56,4006611,48489
308,56,4006667,48490
69,63,4006730,48491
211,26,4006756,48492
28,22,4006778,48493
660,317,4007095,48494
170,108,4007203,48495
3566,54,4007257,48496
55,131,4007388,48497
738,60,4007448,48498
1545,28,4007476,48499
22,197,4007673,48500
1500,17,4007690,48501
163,71,4007761,48502
332,55,4007816,48503
38,121,4007937,48504
375,107,4008044,48505
1186,12,4008056,48506
1391,28,4008084,48507
128,46,4008130,48508
742,47,4008177,48509
105,58,4008235,48510
359,210,4008445,48511
166,110,4008555,48512
224,4,4008559,48513
181,10,4008569,48514
1951,6,4008575,48515
225,15,4008590,48516
2531,164,4008754,48517
3428,145,4008899,48518
11,178,4009077,48519
236,34,4009111,48520
197,45,4009156,48521
133,83,4009239,48522
109,12,4009251,48523
147,20,4009271,48524
1259,115,4009386,48525
294,132,4009518,48526
108,287,4009805,48527
219,61,4009866,48528
697,3,4009869,48529
376,46,4009915,48530
2060,51,4009966,48531
28,13,4009979,48532
812,97,4010076,48533
399,140,4010216,48534
2147,108,4010324,48535
414,87,4010411,48536
355,110,4010521,48537
81,117,4010638,48538
517,145,4010783,48539
137,1,4010784,48540
190,43,4010827,48541
1947,249,4011076,48542
200,216,4011292,48543
262,130,4011422,48544
3577,108,4011530,48545
75,49,4011579,48546
987,92,4011671,48547
337,121,4011792,48548
1924,69,4011861,48549
507,13,4011874,48550
505,16,4011890,48551
1396,113,4012003,48552
115,110,4012113,48553
3527,29,4012142,48554
173,65,4012207,48555
1576,42,4012249,48556
257,38,4012287,48557
903,29,4012316,48558
95,19,4012335,48559
138,216,4012551,48560
250,44,4012595,48561
137,96,4012691,48562
1810,111,4012802,48563
3725,54,4012856,48564
291,23,4012879,48565
467,75,4012954,48566
150,69,4013023,48567
499,64,4013087,48568
227,35,4013122,48569
2943,4,4013126,48570
337,26,4013152,48571
13,75,4013227,48572
1791,47,4013274,48573
1088,4,4013278,48574
1727,45,4013323,48575
141,132,4013455,48576
125,106,4013561,48577
290,20,4013581,48578
3546,181,4013762,48579
239,82,4013844,48580
13,137,4013981,48581
14,57,4014038,48582
227,118,4014156,48583
31,60,4014216,48584
574,130,4014346,48585
300,75,4014421,48586
10,16,4014437,48587
418,137,4014574,48588
338,25,4014599,48589
2656,179,4014778,48590
63,20,4014798,48591
277,76,4014874,48592
112,13,4014887,48593
1979,35,4014922,48594
451,253,4015175,48595
925,232,4015407,48596
3959,79,4015486,48597
2834,330,4015816,48598
2583,175,4015991,48599
351,453,4016444,48600
2823,42,4016486,48601
230,81,4016567,48602
142,31,4016598,48603
95,3,4016601,48604
1211,33,4016634,48605
112,57,4016691,48606
388,31,4016722,48607
16,110,4016832,48608
138,86,4016918,48609
14,55,4016973,48610
3613,97,4017070,48611
72,63,4017133,48612
557,34,4017167,48613
306,102,4017269,48614
154,43,4017312,48615
265,119,4017431,48616
1426,19,4017450,48617
317,120,4017570,48618
2877,117,4017687,48619
193,194,4017881,48620
107,87,4017968,48621
3116,31,4017999,48622
314,97,4018096,48623
3044,175,4018271,48624
126,33,4018304,48625
66,54,4018358,48626
2427,200,4018558,48627
536,84,4018642,48628
837,13,4018655,48629
118,102,4018757,48630
233,41,4018798,48631
2096,32,4018830,48632
2735,53,4018883,48633
26,78,4018961,48634
3958,56,4019017,48635
469,123,4019140,48636
1654,28,4019168,48637
141,30,4019198,48638
427,216,4019414,48639
105,27,4019441,48640
253,230,4019671,48641
112,92,4019763,48642
157,7,4019770,48643
1824,263,4020033,48644
2136,45,4020078,48645
46,31,4020109,48646
97,61,4020170,48647
300,6,4020176,48648
3079,11,4020187,48649
493,16,4020203,48650
131,219,4020422,48651
175,88,4020510,48652
150,9,4020519,48653
275,123,4020642,48654
511,17,4020659,48655
424,8,4020667,48656
2956,100,4020767,48657
243,124,4020891,48658
112,39,4020930,48659
452,30,4020960,48660
175,68,4021028,48661
45,8,4021036,48662
18,193,4021229,48663
239,18,4021247,48664
24,7,4021254,48665
55,114,4021368,48666
348,222,4021590,48667
3537,9,4021599,48668
65,248,4021847,48669
121,21,4021868,48670
643,120,4021988,48671
133,118,4022106,48672
3926,56,4022162,48673
77,41,4022203,48674
2691,152,4022355,48675
49,70,4022425,48676
572,104,4022529,48677
144,423,4022952,48678
304,40,4022992,48679
442,41,4023033,48680
208,35,4023068,48681
346,14,4023082,48682
374,207,4023289,48683
349,97,4023386,48684
2603,173,4023559,48685
122,24,4023583,48686
2819,2,4023585,48687
18,103,4023688,48688
2375,167,4023855,48689
383,29,4023884,48690
151,198,4024082,48691
234,53,4024135,48692
1233,168,4024303,48693
17,222,4024525,48694
99,39,4024564,48695
2678,69,4024633,48696
113,6,4024639,48697
137,69,4024708,48698
229,17,4024725,48699
12,71,4024796,48700
119,15,4024811,48701
232,5,4024816,48702
19,62,4024878,48703
755,46,4024924,48704
1286,143,4025067,48705
2840,29,4025096,48706
16,18,4025114,48707
1068,39,4025153,48708
1065,6,4025159,48709
80,23,4025182,48710
1092,111,4025293,48711
310,43,4025336,48712
64,82,4025418,48713
570,141,4025559,48714
146,47,4025606,48715
2503,167,4025773,48716
165,105,4025878,48717
428,16,4025894,48718
2873,11,4025905,48719
135,300,4026205,48720
152,15,4026220,48721
227,7,4026227,48722
106,10,4026237,48723
161,7,4026244,48724
27,9,4026253,48725
321,41,4026294,48726
121,7,4026301,48727
4025,329,4026630,48728
301,157,4026787,48729
2578,248,4027035,48730
303,79,4027114,48731
498,18,4027132,48732
440,64,4027196,48733
1935,45,4027241,48734
720,96,4027337,48735
489,183,4027520,48736
122,16,4027536,48737
155,5,4027541,48738
234,129,4027670,48739
220,11,4027681,48740
2158,11,4027692,48741
4021,4,4027696,48742
429,114,4027810,48743
250,248,4028058,48744
119,85,4028143,48745
361,40,4028183,48746
161,55,4028238,48747
440,51,4028289,48748
42,103,4028392,48749
83,3,4028395,48750
3959,44,4028439,48751
142,202,4028641,48752
3082,28,4028669,48753
1916,73,4028742,48754
1132,12,4028754,48755
152,65,4028819,48756
317,84,4028903,48757
99,11,4028914,48758
383,121,4029035,48759
277,19,4029054,48760
3873,15,4029069,48761
93,190,4029259,48762
2430,43,4029302,48763
728,4,4029306,48764
438,12,4029318,48765
129,234,4029552,48766
2618,535,4030087,48767
12,29,4030116,48768
1588,162,4030278,48769
502,27,4030305,48770
1097,61,4030366,48771
218,70,4030436,48772
52,8,4030444,48773
239,76,4030520,48774
10,42,4030562,48775
17,8,4030570,48776
380,1,4030571,48777
305,120,4030691,48778
3949,47,4030738,48779
472,63,4030801,48780
151,38,4030839,48781
1421,119,4030958,48782
110,21,4030979,48783
118,44,4031023,48784
390,75,4031098,48785
157,135,4031233,48786
98,6,4031239,48787
35,35,4031274,48788
379,1,4031275,48789
2794,85,4031360,48790
359,374,4031734,48791
2383,213,4031947,48792
9,149,4032096,48793
2539,21,4032117,48794
499,40,4032157,48795
130,13,4032170,48796
1347,31,4032201,48797
131,7,4032208,48798
137,116,4032324,48799
212,20,4032344,48800
291,9,4032353,48801
115,73,4032426,48802
3414,64,4032490,48803
2209,148,4032638,48804
169,253,4032891,48805
294,115,4033006,48806
553,308,4033314,48807
263,90,4033404,48808
3039,16,4033420,48809
148,72,4033492,48810
319,188,4033680,48811
346,67,4033747,48812
495,105,4033852,48813
67,50,4033902,48814
1711,136,4034038,48815
271,105,4034143,48816
155,143,4034286,48817
138,33,4034319,48818
132,92,4034411,48819
562,1,4034412,48820
387,195,4034607,48821
416,211,4034818,48822
2675,72,4034890,48823
408,8,4034898,48824
109,140,4035038,48825
39,39,4035077,48826
582,28,4035105,48827
109,20,4035125,48828
119,64,4035189,48829
259,35,4035224,48830
1130,125,4035349,48831
15,79,4035428,48832
2025,26,4035454,48833
150,53,4035507,48834
17,284,4035791,48835
215,268,4036059,48836
323,258,4036317,48837
116,93,4036410,48838
2347,25,4036435,48839
86,27,4036462,48840
581,136,4036598,48841
530,108,4036706,48842
3067,29,4036735,48843
121,56,4036791,48844
117,243,4037034,48845
2421,52,4037086,48846
44,105,4037191,48847
296,70,4037261,48848
268,35,4037296,48849
3393,119,4037415,48850
707,51,4037466,48851
122,66,4037532,48852
183,8,4037540,48853
271,52,4037592,48854
15,3,4037595,48855
279,131,4037726,48856
2796,37,4037763,48857
778,101,4037864,48858
193,64,4037928,48859
595,51,4037979,48860
140,268,4038247,48861
3547,314,4038561,48862
148,110,4038671,48863
91,265,4038936,48864
32,309,4039245,48865
110,9,4039254,48866
440,72,4039326,48867
1108,17,4039343,48868
204,424,4039767,48869
3629,55,4039822,48870
301,2,4039824,48871
1892,82,4039906,48872
138,9,4039915,48873
1036,40,4039955,48874
112,53,4040008,48875
173,48,4040056,48876
191,14,4040070,48877
292,104,4040174,48878
2532,107,4040281,48879
158,38,4040319,48880
170,45,4040364,48881
411,63,4040427,48882
2185,20,4040447,48883
287,36,4040483,48884
11,32,4040515,48885
350,16,4040531,48886
131,56,4040587,48887
156,18,4040605,48888
1762,48,4040653,48889
122,6,4040659,48890
387,112,4040771,48891
133,189,4040960,48892
302,99,4041059,48893
106,15,4041074,48894
2112,95,4041169,48895
381,2,4041171,48896
492,29,4041200,48897
117,201,4041401,48898
180,334,4041735,48899
274,165,4041900,48900
101,29,4041929,48901
511,13,4041942,48902
327,51,4041993,48903
141,128,4042121,48904
29,259,4042380,48905
197,22,4042402,48906
58,140,4042542,48907
164,47,4042589,48908
365,59,4042648,48909
223,31,4042679,48910
3355,53,4042732,48911
260,41,4042773,48912
96,66,4042839,48913
283,157,4042996,48914
3244,8,4043004,48915
1319,454,4043458,48916
160,199,4043657,48917
383,124,4043781,48918
26,478,4044259,48919
348,19,4044278,48920
182,24,4044302,48921
1314,28,4044330,48922
1102,95,4044425,48923
330,92,4044517,48924
112,31,4044548,48925
702,93,4044641,48926
155,57,4044698,48927
431,33,4044731,48928
144,45,4044776,48929
135,43,4044819,48930
122,33,4044852,48931
288,36,4044888,48932
801,5,4044893,48933
3504,64,4044957,48934
178,41,4044998,48935
265,268,4045266,48936
97,15,4045281,48937
311,38,4045319,48938
1581,158,4045477,48939
150,107,4045584,48940
210,17,4045601,48941
281,30,4045631,48942
317,87,4045718,48943
150,4,4045722,48944
62,137,4045859,48945
2942,140,4045999,48946
369,101,4046100,48947
308,139,4046239,48948
545,98,4046337,48949
316,202,4046539,48950
3014,106,4046645,48951
206,27,4046672,48952
13,22,4046694,48953
59,82,4046776,48954
69,135,4046911,48955
122,31,4046942,48956
288,8,4046950,48957
791,56,4047006,48958
1725,5,4047011,48959
336,11,4047022,48960
408,37,4047059,48961
199,29,4047088,48962
2321,27,4047115,48963
115,32,4047147,48964
418,18,4047165,48965
866,15,4047180,48966
369,28,4047208,48967
260,8,4047216,48968
115,51,4047267,48969
147,25,4047292,48970
467,80,4047372,48971
298,70,4047442,48972
3477,41,4047483,48973
2774,178,4047661,48974
140,41,4047702,48975
9,43,4047745,48976
252,86,4047831,48977
394,363,4048194,48978
122,10,4048204,48979
127,92,4048296,48980
1741,45,4048341,48981
37,26,4048367,48982
400,21,4048388,48983
3279,3,4048391,48984
162,16,4048407,48985
99,23,4048430,48986
329,6,4048436,48987
267,21,4048457,48988
139,2,4048459,48989
111,453,4048912,48990
92,23,4048935,48991
98,133,4049068,48992
138,10,4049078,48993
218,60,4049138,48994
91,136,4049274,48995
415,29,4049303,48996
294,82,4049385,48997
252,43,4049428,48998
194,26,4049454,48999
11,23,4049477,49000
444,7,4049484,49001
205,34,4049518,49002
486,216,4049734,49003
171,218,4049952,49004
34,1,4049953,49005
366,12,4049965,49006
134,12,4049977,49007
290,154,4050131,49008
330,54,4050185,49009
1778,16,4050201,49010
1689,11,4050212,49011
398,45,4050257,49012
2535,23,4050280,49013
306,95,4050375,49014
319,23,4050398,49015
119,210,4050608,49016
272,65,4050673,49017
208,57,4050730,49018
146,5,4050735,49019
156,55,4050790,49020
197,1,4050791,49021
167,163,4050954,49022
266,88,4051042,49023
671,131,4051173,49024
232,132,4051305,49025
102,63,4051368,49026
771,49,4051417,49027
210,29,4051446,49028
3161,272,4051718,49029
362,9,4051727,49030
10,33,4051760,49031
342,27,4051787,49032
146,38,4051825,49033
1620,188,4052013,49034
143,59,4052072,49035
256,61,4052133,49036
146,43,4052176,49037
225,147,4052323,49038
1638,35,4052358,49039
356,39,4052397,49040
378,41,4052438,49041
437,7,4052445,49042
298,117,4052562,49043
78,87,4052649,49044
239,14,4052663,49045
198,139,4052802,49046
253,48,4052850,49047
223,14,4052864,49048
154,19,4052883,49049
1303,65,4052948,49050
456,133,4053081,49051
107,45,4053126,49052
276,45,4053171,49053
93,10,4053181,49054
119,5,4053186,49055
9,61,4053247,49056
114,79,4053326,49057
1955,1,4053327,49058
135,109,4053436,49059
337,78,4053514,49060
279,22,4053536,49061
342,19,4053555,49062
2345,90,4053645,49063
1997,6,4053651,49064
408,70,4053721,49065
491,8,4053729,49066
103,223,4053952,49067
2690,132,4054084,49068
2217,9,4054093,49069
186,123,4054216,49070
304,45,4054261,49071
21,332,4054593,49072
226,3,4054596,49073
214,91,4054687,49074
52,21,4054708,49075
463,126,4054834,49076
1223,118,4054952,49077
2050,131,4055083,49078
555,54,4055137,49079
39,128,4055265,49080
271,26,4055291,49081
531,8,4055299,49082
329,129,4055428,49083
840,55,4055483,49084
282,36,4055519,49085
139,326,4055845,49086
290,136,4055981,49087
2592,4,4055985,49088
754,62,4056047,49089
13,64,4056111,49090
267,35,4056146,49091
281,13,4056159,49092
51,75,4056234,49093
3387,26,4056260,49094
541,13,4056273,49095
13,43,4056316,49096
171,54,4056370,49097
414,147,4056517,49098
378,12,4056529,49099
138,164,4056693,49100
162,2,4056695,49101
328,108,4056803,49102
344,314,4057117,49103
137,32,4057149,49104
148,16,4057165,49105
455,121,4057286,49106
313,132,4057418,49107
641,141,4057559,49108
126,50,4057609,49109
123,4,4057613,49110
425,60,4057673,49111
312,56,4057729,49112
172,17,4057746,49113
25,118,4057864,49114
3444,36,4057900,49115
2583,235,4058135,49116
238,56,4058191,49117
247,138,4058329,49118
595,27,4058356,49119
1834,9,4058365,49120
483,187,4058552,49121
193,17,4058569,49122
919,24,4058593,49123
2965,77,4058670,49124
2132,148,4058818,49125
354,147,4058965,49126
502,91,4059056,49127
2541,17,4059073,49128
288,13,4059086,49129
1249,80,4059166,49130
258,299,4059465,49131
113,8,4059473,49132
15,58,4059531,49133
66,44,4059575,49134
406,80,4059655,49135
377,244,4059899,49136
54,185,4060084,49137
173,124,4060208,49138
69,94,4060302,49139
484,110,4060412,49140
603,65,4060477,49141
135,71,4060548,49142
393,46,4060594,49143
155,188,4060782,49144
359,89,4060871,49145
412,151,4061022,49146
3763,30,4061052,49147
1897,18,4061070,49148
1558,177,4061247,49149
1668,66,4061313,49150
580,341,4061654,49151
432,7,4061661,49152
105,48,4061709,49153
303,85,4061794,49154
503,164,4061958,49155
324,39,4061997,49156
112,221,4062218,49157
282,60,4062278,49158
1585,147,4062425,49159
300,43,4062468,49160
2941,45,4062513,49161
251,128,4062641,49162
79,127,4062768,49163
231,7,4062775,49164
1526,24,4062799,49165
405,58,4062857,49166
2014,102,4062959,49167
11,5,4062964,49168
927,289,4063253,49169
4039,25,4063278,49170
321,14,4063292,49171
544,148,4063440,49172
47,10,4063450,49173
131,5,4063455,49174
344,119,4063574,49175
162,12,4063586,49176
12,1,4063587,49177
18,82,4063669,49178
191,123,4063792,49179
381,57,4063849,49180
494,11,4063860,49181
150,6,4063866,49182
393,13,4063879,49183
1813,68,4063947,49184
3208,20,4063967,49185
288,65,4064032,49186
641,58,4064090,49187
3286,65,4064155,49188
116,26,4064181,49189
213,106,4064287,49190
637,138,4064425,49191
86,9,4064434,49192
338,67,4064501,49193
138,48,4064549,49194
362,103,4064652,49195
403,9,4064661,49196
363,21,4064682,49197
121,2,4064684,49198
4038,124,4064808,49199
259,54,4064862,49200
1997,39,4064901,49201
163,3,4064904,49202
352,81,4064985,49203
2186,53,4065038,49204
863,52,4065090,49205
10,151,4065241,49206
412,25,4065266,49207
321,327,4065593,49208
341,118,4065711,49209
768,110,4065821,49210
145,326,4066147,49211
217,9,4066156,49212
17,61,4066217,49213
3580,130,4066347,49214
413,17,4066364,49215
239,83,4066447,49216
2837,84,4066531,49217
1307,395,4066926,49218
42,1,4066927,49219
14,64,4066991,49220
505,33,4067024,49221
956,116,4067140,49222
243,58,4067198,49223
195,7,4067205,49224
539,84,4067289,49225
380,19,4067308,49226
1174,44,4067352,49227
252,78,4067430,49228
1838,15,4067445,49229
372,122,4067567,49230
205,700,4068267,49231
12,46,4068313,49232
108,18,4068331,49233
106,5,4068336,49234
413,43,4068379,49235
2472,55,4068434,49236
130,11,4068445,49237
451,169,4068614,49238
25,15,4068629,49239
3374,150,4068779,49240
457,138,4068917,49241
554,68,4068985,49242
407,168,4069153,49243
156,50,4069203,49244
20,154,4069357,49245
458,22,4069379,49246
1503,40,4069419,49247
105,131,4069550,49248
209,110,4069660,49249
2979,168,4069828,49250
131,133,4069961,49251
2079,91,4070052,49252
519,60,4070112,49253
976,17,4070129,49254
12,77,4070206,49255
325,6,4070212,49256
267,43,4070255,49257
185,149,4070404,49258
130,11,4070415,49259
266,171,4070586,49260
3372,149,4070735,49261
158,110,4070845,49262
64,142,4070987,49263
14,19,4071006,49264
427,461,4071467,49265
99,188,4071655,49266
180,73,4071728,49267
835,1,4071729,49268
601,53,4071782,49269
325,227,4072009,49270
279,116,4072125,49271
202,112,4072237,49272
57,11,4072248,49273
104,73,4072321,49274
1319,195,4072516,49275
242,18,4072534,49276
183,154,4072688,49277
46,34,4072722,49278
1302,71,4072793,49279
44,12,4072805,49280
57,47,4072852,49281
344,300,4073152,49282
456,32,4073184,49283
3674,11,4073195,49284
526,181,4073376,49285
142,21,4073397,49286
237,141,4073538,49287
225,166,4073704,49288
1331,191,4073895,49289
360,95,4073990,49290
2512,30,4074020,49291
869,6,4074026,49292
2230,138,4074164,49293
308,204,4074368,49294
100,70,4074438,49295
388,159,4074597,49296
165,41,4074638,49297
308,14,4074652,49298
219,55,4074707,49299
888,42,4074749,49300
28,252,4075001,49301
298,207,4075208,49302
807,57,4075265,49303
154,119,4075384,49304
320,68,4075452,49305
3077,165,4075617,49306
164,17,4075634,49307
125,15,4075649,49308
276,7,4075656,49309
10,31,4075687,49310
500,47,4075734,49311
3688,6,4075740,49312
131,35,4075775,49313
1317,77,4075852,49314
247,56,4075908,49315
635,221,4076129,49316
2042,99,4076228,49317
311,16,4076244,49318
277,155,4076399,49319
140,16,4076415,49320
1241,146,4076561,49321
435,1,4076562,49322
81,47,4076609,49323
1575,44,4076653,49324
175,6,4076659,49325
1002,56,4076715,49326
134,7,4076722,49327
164,75,4076797,49328
254,89,4076886,49329
15,77,4076963,49330
348,24,4076987,49331
160,45,4077032,49332
149,108,4077140,49333
3877,45,4077185,49334
300,6,4077191,49335
282,170,4077361,49336
122,13,4077374,49337
129,15,4077389,49338
3891,70,4077459,49339
1318,23,4077482,49340
550,215,4077697,49341
496,74,4077771,49342
2988,27,4077798,49343
2286,85,4077883,49344
288,178,4078061,49345
134,1,4078062,49346
232,2,4078064,49347
212,30,4078094,49348
23,67,4078161,49349
504,65,4078226,49350
376,76,4078302,49351
2492,4,4078306,49352
1173,49,4078355,49353
398,160,4078515,49354
304,5,4078520,49355
656,238,4078758,49356
78,53,4078811,49357
29,75,4078886,49358
330,20,4078906,49359
340,19,4078925,49360
109,180,4079105,49361
135,212,4079317,49362
963,134,4079451,49363
367,112,4079563,49364
186,210,4079773,49365
343,73,4079846,49366
3014,52,4079898,49367
15,195,4080093,49368
390,150,4080243,49369
397,90,4080333,49370
268,78,4080411,49371
119,127,4080538,49372
217,135,4080673,49373
377,51,4080724,49374
113,29,4080753,49375
3844,10,4080763,49376
78,1,4080764,49377
2727,92,4080856,49378
1583,346,4081202,49379
25,78,4081280,49380
1853,254,4081534,49381
24,5,4081539,49382
3416,76,4081615,49383
30,9,4081624,49384
34,32,4081656,49385
2564,41,4081697,49386
247,140,4081837,49387
3863,13,4081850,49388
63,108,4081958,49389
486,28,4081986,49390
335,137,4082123,49391
255,13,4082136,49392
320,19,4082155,49393
271,5,4082160,49394
63,60,4082220,49395
147,64,4082284,49396
2705,67,4082351,49397
46,17,4082368,49398
607,172,4082540,49399
321,66,4082606,49400
272,5,4082611,49401
27,48,4082659,49402
131,20,4082679,49403
42,19,4082698,49404
306,202,4082900,49405
16,95,4082995,49406
3937,35,4083030,49407
106,42,4083072,49408
249,125,4083197,49409
3565,99,4083296,49410
1226,29,4083325,49411
639,17,4083342,49412
244,59,4083401,49413
105,4,4083405,49414
178,5,4083410,49415
